300323300
1114130
1114133
112232120
21332300
311104130
30032321
3031103
3031100
20
11223230
23
31130111
131111
111003320
442400
111003323
131114
311342
302240300
20300033
32211410
341120111
133220300
344120
12321020
43320020
23331110
12321023
20300144
131141
31130003
124340000
131144
31130000
341120030
13320320
23003411
222023030
341120000
341120003
131303300
20300141
322311020
222023003
222023000
20300114
414030020
31130033
3031133
131041211
3031130
31130030
311420
20300111
311423
431004110
131041103
3031214
131041100
131
320312210
3031211
134
20300222
311120411
1114241
131222
11403320
30032210
30114131
30032213
33014120
131041130
11141123
11141120
14123111
330011420
30032240
300323111
14123030
111134300
11141231
321410030
20333030
141134000
34112210
114411020
114001430
442211000
131303
131300
3031241
412113020
242
111003242
321410000
321410003
41403020
42222200
222023111
33020
20333003
20333000
32211221
133220111
144001130
33023
131330
320033300
131333
23003222
304141100
31441100
131303111
141003131
111331211
30114023
331322000
32211140
11420033
30114020
1114430
300323030
301142210
3031322
3113240
324113000
22200431
320
32211113
11420141
323
3031403
3031400
33030320
3441020
32211110
133220030
133220000
131411
22200323
22200320
133220003
131414
23003141
300323003
300323000
111020030
11420111
21332000
21332003
141003023
141003020
33131
33134
112134110
131441
341120300
21332030
11420114
111020003
111020000
132122210
11141420
131303003
131303000
122423000
21414110
111331130
23003330
301224020
131303030
3031430
431
31113320
434
1442210
233131100
111003431
33112130
111331103
111331100
21332111
20300030
11420003
11420000
11420030
24232100
20300000
20300003
12321131
44123000
33242
14123300
41141120
330011231
23003303
23003300
300422120
142101113
303321110
11420330
311120003
11322020
311120000
11322023
142101110
30131141
301110242
320033030
311120030
112133300
301143020
301241300
11420303
114001130
33031130
11420300
114001133
242011211
33320
311120033
33323
30311420
31114211
330142100
24413000
320000303
320000300
412130000
4113023
4113020
412130003
114132110
320033111
33031100
433200020
33031103
31114130
11420411
320000330
330011123
330011120
30000020
30000023
320000333
141003320
4244000
30131114
311120111
111314120
30131111
1131110
1131113
22201130
311120114
412130030
22201133
323310020
301110131
301110134
320000411
20022200
20022203
320000414
303141020
23004113
11420222
23004110
30131033
12321320
1131140
1131143
33431
142101221
30131030
411114020
31212410
22234100
320000441
31114103
31114100
111330320
23004140
1131221
1131224
22201241
300012341
4113131
301241111
20022230
20022233
142101140
411032210
31130411
141331100
30131003
30311231
30131000
301110023
301110020
122111420
302240003
111134111
20333111
31130330
2442020
302240000
141020003
323031110
141020000
320000030
320000003
111003020
320000000
111003023
20300333
141020030
302240030
30311123
30311120
20300330
311120303
332321000
311120300
300012230
300012233
23233100
131122400
301241030
320000033
20300300
20300303
311120330
20300414
443210
20300411
1131332
301241000
301241003
320000114
31212221
13321130
111003134
31130303
242011400
111003131
31130300
412130300
302240111
114034100
443210000
11322320
320000111
41124110
122242100
320311400
320000144
1131410
1131413
311120141
300143210
141020141
31212113
31212110
114001241
4113320
22332110
320000141
1131440
312230
30442100
141020111
20300441
111134003
223121120
312233
412130111
111134000
113231120
31212140
31130222
141020114
301421120
122111231
133203020
222023300
11322131
20333300
134022200
31130141
320000222
11404130
111134030
122111123
311120222
122111120
31130114
142101410
30114320
141020033
14222120
1410020
1410023
131122211
441031100
320033003
320033000
131122130
20301110
3114023
442130000
431300030
3114020
20301113
132110
331110320
323000141
11142311
312341
132113
431300000
431300003
411131030
111002240
111002243
132143
12240023
132140
12240020
322230020
31131113
300111323
300111320
31131110
1410134
111330023
111330020
1410131
311400131
4441100
414031100
41322020
303011420
141020222
20301140
20301143
30033320
131122100
411131111
131122103
300111242
1130
1133
323000111
323000114
41420300
300144020
330242000
132221
132224
311121410
20301221
11142203
11142200
411311120
300242300
14124110
141020411
20301224
3032240
131302220
411000023
411000020
323000300
323000303
3032213
111133220
3032210
3114131
141020330
4130033
4130030
1410242
132121400
311400023
1241
1443020
311400020
1244
323000222
114000431
30000431
300324110
141020303
323033000
141020300
4130003
132332
4130000
300111131
411131000
411131003
30000434
11142230
300111134
4130111
22201430
141004130
1410320
1410323
111412130
112133030
30000320
30000323
311400320
33031400
20022311
314120111
32212220
11421113
14403020
30131411
11421110
134303000
20022314
30033131
112133003
411131300
112133000
3032321
21333110
34100
34103
132410
331110020
411000134
331110023
411000131
132413
30131330
300111023
331110131
300111020
34130
34133
112133111
300242111
132440
23004221
4130141
1410431
303323000
301110431
20022341
31114400
11421140
12240320
4130114
3114320
323000000
3442100
323000003
411023
411020
300242030
321132200
4130222
23414000
331241000
242011130
1430
43321100
1433
132121211
323000030
323000033
34211
23004410
34214
20022422
30131303
30131300
242011100
242011103
441131000
300242000
30033023
300242003
30033020
12240131
30000242
320411300
4130303
34241
301110323
233130020
301110320
4130300
411033020
132121130
30000131
41142200
411000242
30000134
33031211
123241100
30131222
222300320
434003000
314120030
132121100
330012230
12322130
132121103
111330131
341103020
411134
314120000
314120003
411131
11241131
131023310
31410131
411000431
34322
14141120
3311123
3311120
30001130
30001133
4130330
320001332
320034110
30132221
301111241
30132110
11421410
3311231
311121113
4130411
3131003
314103020
11323130
3131000
30132113
114000023
311121110
33114020
114000020
34400
320411000
320411003
34403
300341120
30132140
114131111
411242
444020
411000323
34430
311121140
411000320
41420030
222301130
11421221
320411030
320001410
11241023
320001413
11241020
41420000
41420003
114131030
23300033
301111130
1132220
1132223
301111133
34211003
320001440
34211000
142102220
3131033
31410023
323311100
3131030
31410020
411323
111034400
411320
23300003
12224120
23300000
303142100
3131114
3131111
31131410
21432200
22202240
112132220
34211030
111411320
23300030
30312230
4114130
114131000
114131003
42321020
3000020
3000023
300013340
320411111
114000323
301242110
114000320
422420000
3311420
321410111
20301332
411431
20334110
3131141
34211111
41420111
1132331
303011123
303011120
320001110
112411130
320001113
332240000
142430000
20301413
323114000
302241110
20301410
144003020
320001143
320001140
3000134
3000131
342201110
222022220
31213220
431300300
3131222
330323000
3131303
3131300
31131221
303011231
3033023
3033020
24332000
3000242
300111431
114131300
114033020
141021140
20301440
412131110
114000242
431300111
11241320
114000131
114000134
311121221
141021110
321410300
320001221
320001224
141021113
31131140
3131330
34211300
131301410
34113020
313340
33131000
33131003
3033131
20433200
322231100
114020033
31214030
304110131
111431300
223430000
11143310
311401130
1411133
30034400
3000320
3000323
1411130
111300242
21121403
21121400
34114100
3131411
300030431
111333020
111300323
3000431
111300320
12241130
14420111
331111400
323001110
23300411
323001113
3000434
133223
133220
21121322
114020003
122212130
114020000
31214000
330030023
33311120
31214003
330030020
434000300
323001140
114020030
12241103
12241100
111300131
111300134
300030323
300030320
300112241
331111211
320003003
320003000
30411131
20302220
20302223
1411241
300030242
2240
222021113
2243
320003030
20122103
323001221
3033320
20122100
320003033
222021110
20302331
304110320
30001433
133331
21121430
122130320
30411020
32213300
30411023
30001430
300112130
14420030
300112133
30034211
14420000
14420003
331111100
331111103
303242000
114020303
44420000
114020300
21121103
21121100
1444100
4131113
30034130
4131110
23300222
20023340
20023313
122130023
114020330
330020
330023
122130020
242141000
141132110
21121130
320330300
21121133
314121110
434000111
422400020
20023310
434000030
143213000
12241400
300243110
20023421
23300141
31410320
300030131
300030134
142410020
434000003
434000000
134300000
134300003
131141300
331111130
233211020
23300111
23300114
30132410
1411430
301111430
4131140
30034103
303111020
30034100
303111023
134300030
12241211
23300330
412111130
14420300
30001241
330134
131223110
122130131
30001244
330131
21121241
32213111
300030023
300030020
4131221
23300303
23300300
114020222
14322020
114020111
324410000
303111131
141001133
32213030
141001130
134300111
301144100
114020114
1133000
1133003
32213003
320314100
32213000
412133
412130
114020141
33032210
23333000
111300431
134041100
1133030
1133033
21121211
21121214
320330003
320330000
330242
320002331
411030131
20122430
20122403
20122400
33000431
222021410
141034100
442110020
123211130
132124100
131141111
1133111
1133114
30133220
14142200
42322100
222300020
111021224
222300023
320330030
11242130
111021221
31411103
301112240
31411100
411112130
1133141
112332020
11242211
3312230
330320
330323
412241
34130000
131141000
131141003
222431000
34130003
300342200
31411130
34130030
320330111
4131410
112430300
114003131
33000323
131141030
33000320
411030023
11111120
11111123
411030020
141001241
114003023
114003020
134300300
42240020
23301110
23301113
141411020
11422220
222300131
111021113
111021110
112430111
141001430
300014420
34130111
1133222
330431
3132140
33033020
33000242
111021143
111021140
314120300
320412110
11242103
33131300
11242100
3132110
4410023
1133300
1133303
4410020
22203320
132140300
330111320
3132113
31214300
3001133
1133330
34212110
3001130
11111342
412430
142214000
11242400
114331100
314120
321411110
314123
3132221
11144120
111300023
111300020
323000411
111021440
20122130
23022203
20122133
23022200
144131000
222021140
33000134
33000131
330111131
320133200
323000330
304241000
41421110
411030320
20122211
4410131
20122214
11111420
11111423
222021221
111431111
22334000
431330000
333011120
134003
2231123
1133411
134000
2231120
314231
34130300
300014231
132222110
330111020
330111023
303012230
111021332
134030
134033
4410320
11111231
411014120
2231231
33131111
33000023
33000020
441111020
311122220
22203131
132140111
3001244
20122241
114003320
3001241
23022311
320002223
320002220
31214111
13323020
23022230
300014120
41241020
300014123
3020
300112430
3023
111431030
3132410
3034103
3034100
431002220
134111
22203023
243140000
22203020
134114
20122322
304110020
31132220
304110023
30411320
11111234
341123000
33131030
111021413
111431000
111021410
111431003
134141
132140000
22220114
132140003
341121110
12324020
20303141
144000131
22220111
132140030
30330320
41111123
31100411
41111120
31100414
300031430
14241020
431003030
34410020
323002220
314420
20303111
304111130
3131
3034130
22220141
3134
20303114
23301410
20303222
300031403
300031400
134222
3034211
22220033
21122321
330031103
300441020
31100303
31100300
431003111
330031100
2231420
31133111
131042210
31100330
332210111
122211131
3001433
31100333
243221000
42422000
3411020
3411023
3001430
144000020
144000023
222020030
1412240
3411131
31133003
31133000
323330000
222020003
20041130
222020000
20041133
332210000
134303
332210003
134300
321413000
332210030
14421110
3242
331112210
122211320
30412130
300031322
134330
300113240
31133030
20041100
20041103
431003000
20041211
431003003
41111231
111004241
131222300
20041214
422123000
20303330
30330131
31100222
1232123
1232120
300031241
22220222
20303300
20303303
3320
222020033
3323
112430003
112430000
13340111
23301221
133221110
434001110
31100114
303030023
123210320
300031211
134411
303030020
300031214
3034400
41111420
31100111
31411400
142411100
11423111
31100144
333111020
31100141
122342000
114134000
4132220
222003320
3411320
20024420
331100
331103
31100033
3431
30330023
30330020
3434
1232231
23301140
300031130
331133
303030131
131304110
112430030
300031133
331130
21122240
414111020
20303030
122211020
122211023
30002240
134122100
30002243
20303033
131222111
341400020
113331020
111004430
11423030
12242210
320233100
222331100
300031103
300031100
111414020
31100030
13340003
13340000
20303000
22220030
20303003
22220003
22220000
32214110
11423003
13340030
11423000
134301110
31100003
31100000
242222000
331214
331211
111332210
303112130
31411211
144000320
131222030
21122210
301440020
311222120
21122213
331241
222020411
330014120
141330020
24121211
1134110
320003330
301113320
342203000
20000
111020222
131222003
33001430
131222000
20003
21221222
411031130
442111100
311123111
31412210
1134140
1134113
33411020
1232420
142100033
20030
413240
331322
411031103
320003411
20033
344120000
411031100
142100030
13340300
21221141
142100000
24121130
142100003
11243210
141002240
242303000
320331110
30003131
30003134
24121100
123210020
24121103
123210023
30003020
142100222
30003023
303111320
33034100
331400
331403
20111
21221330
20114
30134111
132221300
222004130
1134221
111020033
233123
331430
233120
20141
34131110
334110020
311123003
20144
311123000
4411130
302243000
111233120
30134030
42241100
123210131
111020114
111020111
411031211
142100141
301113131
311123030
142100114
11423300
111331400
244220000
111020144
33001241
111020141
21221303
21221300
142100111
20222
323001410
20303411
111020441
3133220
233231
234210020
142100330
431003300
222020141
411031400
20041241
22220411
222020114
330112130
142100300
222020111
320003111
142100303
320003114
30134003
30134000
32231120
11112341
222020222
30314120
20300
301113023
301113020
20303
132221111
320003141
33001133
20041322
20123240
1134410
330030320
22220303
312221120
33001130
22220300
242041100
12210131
20330
12210134
20333
142133000
114330020
111004133
22220330
20123210
323411000
20123213
111004130
11112233
41242100
320003222
2232230
132221030
20041400
1413020
20041403
20123321
1413023
114002240
11112230
23023310
111020303
111020300
123341000
301244000
330030131
12341030
122112230
132221000
314400020
132221003
3002240
3002243
31133300
22204130
111020333
21221111
111020330
12341000
131041400
33132110
12341003
21221114
20411
20414
321232100
31100441
142100411
21221003
21221000
12341111
441030020
233420
222020330
3330023
3330020
20441
131123210
20444
12210023
43421000
12210020
111020414
21221030
111020411
20041430
21221033
311123300
112413020
222020303
320003303
320003300
222020300
132110303
132110300
22221140
323011400
311231111
30020033
42341000
123230030
11342000
11342003
303301130
1413131
4130
141023300
132110330
314131100
330122120
4133
320111411
12210323
12210320
31101410
20304140
20222222
31101413
131422100
23122211
31134110
12210431
411011123
20222330
31101332
411011120
431000033
34411100
132110222
111122123
111122120
42210020
3330131
11342030
42210023
22221110
20304221
20222300
123230000
311100131
30020003
22221113
30020000
20222303
123230003
311100134
431000030
331400111
431000000
431000003
30020030
132143000
300024221
331400000
23122400
331400003
30331211
12341300
4241
4244
311231000
311231003
3412130
4133030
331400030
300024140
4133003
4133000
311231030
132110111
111302240
123230111
4133111
300024110
20042210
300024113
20042213
41112230
300122420
142121120
1413320
411011231
132110141
112121420
31101224
302220023
22221221
12243020
302220020
12210242
311100023
132110114
20222411
31101221
311100020
20222000
20222003
31101143
132110033
31101140
132110030
30331103
30331100
320111111
320111114
3330320
411011420
34100000
311100323
14111231
34100003
311100320
131012321
30003431
23302220
320111141
30331130
34100030
414023
11211242
414020
14111123
14111120
24121400
431311100
34100033
4430
4433
323011100
1233230
323011103
131012240
301433000
11244020
21221411
302220131
320111222
31101113
20222033
111122420
132110003
31101110
132110000
111024113
111024110
11342300
323011130
20222030
13341110
34100111
114022220
20222141
4133300
303023003
300122231
320144000
20222114
303023000
34100114
223141100
341100020
341100023
31232120
11211023
34100141
11211020
111122231
20222111
2331023
2331020
332213
30003320
23122130
11342111
30003323
122132210
414131
332210
303023030
131012213
21123320
131012210
11424110
20304113
311231300
323011211
122214020
242311100
341231000
320111300
11211131
320111303
23122100
332240
11211134
23122103
30134300
311133020
42210131
2331131
311100242
20304110
112433000
30003242
1430000
1430003
300122123
300122120
14242100
320111330
34100222
441011120
3314120
1430033
132421100
11211431
21140303
21140300
21222221
24122210
312230030
142400111
23303030
321110330
1430030
3134003
3134000
141122120
332321
21140330
330023300
334103000
114300131
341100131
23303003
23303000
321110303
300303320
321110300
300041123
300041120
312230111
422120300
1430111
243113000
111023303
111023300
331121120
413240000
3134030
142400030
222011231
1430141
30004130
14111420
30004133
43340000
21110
414320
1430114
21113
34214000
142400000
111023330
142400003
303022220
320111000
320111003
11211323
30020441
11211320
111023114
21140
21143
33330020
111023111
2331320
3003020
320111030
3003023
23303111
114300020
114300023
321110411
320111033
3134111
311132210
431000330
111023141
31413020
114431000
3003134
20141030
3003131
20141033
1430222
41423000
32232200
21221
111023222
21224
114021410
333300020
431000411
312230000
312230003
30020411
30020414
234230
33002240
20141003
21140411
20141000
411323000
300303131
312230300
12211130
21140033
14423000
30020303
30020300
12211133
141024110
1430300
1430303
431033000
30020330
1332020
112121231
1332023
30020333
321110030
431000222
20304410
1430330
20042240
22221410
321110033
320012321
311411120
321110114
301122230
3003242
233103020
300303023
300303020
11441120
142400300
21332
431000300
321110141
431000303
20042321
21140003
21140000
422120000
422120003
330023111
114300320
3134300
341100320
422120030
321110111
21140030
431000114
123213020
422120111
112121123
112121120
20124320
3003320
3003323
21222110
431003
1430411
431000
431000111
21222113
21410
21413
222142100
111023411
431030
30020222
134141000
1332131
300434000
300024410
21140222
242114000
21222140
431033
21440
21443
30020111
30331400
222011123
222011120
320422100
21140111
21140114
11113340
30020114
31101440
330023030
132224000
12342110
30020141
1414130
321110222
30233120
21140141
330023003
300020
330023000
300023
4232120
30020144
321143000
431000141
31430111
431111
320014103
320014100
3331130
3003431
431114
11130020
320112410
11130023
24221030
320014130
20141330
431141
23041400
3331103
3331100
114021113
30021113
300320222
24221000
24221003
30021110
301221320
114021110
12244100
342311000
311101130
311101133
33134000
122131211
324110111
20141411
31430030
412110020
432410000
331401110
412110023
12211430
300134
300131
23123210
242031110
300320141
431222
21124400
1332320
111334100
141303020
131011403
20223410
131011400
300320111
330041120
324110300
122131400
320014211
12211241
300320114
222321110
142122200
31102331
111301130
131011430
31430003
31430000
111301133
3331211
333023000
431303
431300
24221111
300320033
131044100
3020003
3020000
3020030
31102223
31102220
300242
303122120
333020
333023
111301241
22222220
4134110
32331020
311232110
431330
300320003
300320000
300320030
411012230
412241000
30332210
301221131
20141111
111023003
111023000
30004430
20141114
42211211
23041103
23041100
30414020
320112140
320030222
311134100
300320
111023033
300323
111023030
11130242
300041420
3020033
21124211
14112230
323012210
23041130
131011322
431411
131011214
3020141
131011211
21124103
21124100
320112221
21222410
302221130
320030303
144023000
333131
320030300
3233120
3020144
21124130
412110320
3020111
222042200
20141141
131011241
301221020
320030330
301221023
31233200
34101113
11130320
3331400
11130323
11212241
3020114
311101430
34101110
141041120
300431
20223140
3020222
111301430
20141222
300434
42211100
42211103
34101140
330303020
324110030
412110131
331122200
133223000
11343110
114021221
20223110
311101241
332220020
11130131
20223113
300123230
143220020
42211130
11130134
20223221
2332130
20141303
20141300
11212130
11212133
131011103
131011100
320030411
122131103
30004241
122131100
114021140
324110000
303024110
324110003
23041211
23303300
34101221
300041231
131011133
131011130
223140020
122131130
34133000
3020333
3020330
303023111
333320
131142110
111022223
111022220
300042230
4413020
320030003
3020303
11114120
3020300
11114123
320030000
302220320
11212430
30300134
142401110
30300131
300042203
300042200
23222111
320030033
34100300
41342000
34100303
3020414
321111410
1431110
3020411
30431111
312231110
411111131
1431113
320030030
414011120
11114231
33331100
34100330
111022331
114004130
23222030
1431140
21223220
20322230
311100431
30021440
31414100
131322200
320030111
431411000
41211131
411242000
42210320
300222320
11130431
1431221
142221020
20322203
320030141
20322200
320030114
34100411
112431110
3020441
30300023
30300020
30431000
3004133
303023300
30431003
22220
23304110
22223
33003320
3004130
21141410
300304130
320112113
30431030
30021410
411111020
411111023
30021413
114020411
431001410
41211020
320112110
41211023
304121120
24221300
330024110
20043320
111432110
122114120
14211020
14211023
411111320
320013320
11114420
30021332
2234120
141320000
141320003
141320030
21141110
431001221
21141113
22331
22334
31430300
321111140
300222131
222141020
321111110
1431410
321111113
31332020
320341100
3004241
300320411
431001140
33003131
23222003
23222000
342230000
321111221
1333130
300222020
30021224
300222023
431001110
21141221
431001113
14342000
22442
331400300
300320330
30021221
44111120
422121110
141320111
300320303
300320300
41211320
21141140
132141110
30021143
30021140
432110
432113
33003023
33003020
242112110
111042203
111042200
331140020
432140
20011322
33020411
441320000
31431110
14211320
300321221
3004430
132440000
111042230
3414020
344100020
300141023
24140111
300141020
3332210
141021221
301133
301130
223221020
20044130
11131130
22223111
11131133
324111110
112140023
432221
112140020
33020330
114024110
31103411
303041120
242030111
20044100
11131100
20044103
11131103
33020303
134111111
20142410
33020300
41114120
20044211
132112220
141021410
411222020
321113003
321113000
4430030
111222320
300321140
301140320
22223300
20011430
20011433
31103303
31103300
32332100
12212240
222320111
134222000
300321110
323030000
242030300
323030003
113221130
141431000
11442200
31103330
301244
20011400
20011403
301241
300321113
222320000
30300431
222320003
134111030
33020222
131014400
314100320
222320030
14211131
321113030
134111003
134111000
24222110
4430003
4430000
330042200
112222130
301222130
20142140
334100
20142113
334103
122134100
11131322
11213240
311430020
3021113
411042200
3021110
33020141
432410
222041120
43310000
33020114
43310003
31103222
20142110
20322311
334130
33020111
20011130
20011133
320113220
31103114
301140131
141300020
43310030
141300023
4430111
31103111
332221100
431014100
412140020
20011100
30300323
20011103
30300320
301430
33020033
3021143
3021140
301433
23222300
304221020
31103141
3021224
334211
33020030
3021221
131014211
24140030
142103030
24140000
30333020
24140003
33020003
30431300
33020000
111042311
30300242
4430300
142103000
320031410
422101130
142103003
300042311
311102240
431030300
320441000
4332020
20142221
11131241
31103003
31103000
34102220
301140023
233100320
301140020
22223003
303320030
22223000
112140131
141300131
13343000
303320000
303320003
20011241
23000
23003
20011244
11131211
31103033
22223030
11131214
20224220
31103030
334400000
44211020
122101430
42212210
23030
242014100
23033
20011211
23042210
20011214
30301133
30301130
131112410
141300320
131014103
144020111
131014100
330320300
23223110
321440000
21224300
112221320
3021332
111320222
131014130
142103111
3431030
131030411
334400
23111
23114
3021413
3021410
111320303
111320300
41130023
41130020
314231000
23141
122232110
23144
330222020
3431000
3431003
12344000
3300023
3300020
1432220
111320111
11131430
111320114
320031110
41212130
320031113
22322120
11131400
11131403
342200000
342200003
34101410
144020030
3021440
233101130
144020000
144020003
23222
320031140
342200030
243111110
30432110
122101241
323111300
122101133
42211400
131112221
122101130
134012210
131030303
131030300
23141300
20323310
41130131
320031221
300141320
111320141
3431111
131030330
431031110
21224003
131030222
21224000
23300
14130131
23303
3300131
3300134
323111003
323111000
314100131
131112140
21224030
411141020
23330
41130320
23333
330320030
330320000
12213131
31333100
330320003
323111030
20044400
23321120
114122120
342200111
320014400
330320111
111304130
131112113
300321410
30022331
1121120
1121123
23411
23414
303303020
24140300
142103300
131112110
300223130
323111111
30022223
30022220
342200300
314100020
21142220
314100023
131030111
23441
411321110
33004130
23141111
3300242
331221020
242030030
12213023
111222020
12213020
111222023
111320330
300141131
131030114
3333020
3431300
14130023
131030141
14130020
24124100
321112220
131030030
1121234
23141030
3300323
3300320
111222131
144020300
242030000
131030033
242030003
1121231
23141000
23141003
301124120
21224111
222320300
132111410
434111000
111320411
222222020
30023114
42311300
114023111
30023111
20012321
311103131
20012324
33021410
42213020
21110111
21421400
21110114
33431000
320311103
320311100
30023141
1121342
111303320
131030003
131030000
21110141
31104410
433220
44130020
24141110
14130320
300322220
21110030
320311130
331141100
111041231
21110033
242111030
113220320
301141400
141022220
11214023
434030000
11214020
242111003
242111000
3300431
303042200
21110222
114023003
30023003
30023000
114023000
222024110
21143003
21143000
113220131
1121420
333320000
1121423
20012432
311103023
302240
311103020
302243
432113000
132111221
302223020
30023033
21143030
320311211
30023030
114023030
21110144
20422130
34103000
33021221
34103003
304140020
132111113
132111110
321114110
123231110
20422103
20422100
242111111
12213320
131341100
14212130
132111140
111041123
34103030
111041120
234230000
31104221
131013320
11132321
122120
122123
21421130
111041420
33021140
122100323
122100320
301141211
242111300
12230033
311431100
414320000
12230030
331403000
30301430
33021110
111320033
4431110
20143220
12230141
122231300
33021113
34103111
114023300
122100242
31104140
12230114
30334100
122133020
11214320
111320003
111320000
12230111
2334020
320114300
21421103
21421100
122231
301141130
122234
112221131
111320030
111123230
20012210
20012213
122100431
11214131
11132210
301141103
11132213
301141100
14114120
3022223
3022220
31104113
21110003
21110000
31104110
222122120
22224110
1433000
1433003
12230003
12230000
300043310
1433030
311103320
3022331
21421211
20012240
20012243
141301130
122342
112221020
112221023
134011400
30301241
11132240
12230330
1433111
322211120
41131130
243110000
243110003
122231111
20111141
20111144
114301130
11411123
341101130
11411120
131111411
12230303
12230300
224220020
41131103
24110
41131100
24113
22241120
20111111
122420
122423
20422400
20111114
303320111
34430000
23011103
23011100
320114000
20111222
21143300
320114003
43310300
24140
24143
131111300
142104110
131111303
323030300
242012210
23011133
23011130
222303020
32432000
122100023
131111330
122100020
320114030
300011420
300011423
233100131
43310111
131144000
111024140
323014100
31121231
3432110
33300320
24221
24224
431114000
243110111
300142400
23011322
320114111
20144030
300011342
20144003
20144000
312233000
134011211
41131211
300044120
412141100
1433300
111024221
422103020
320032220
20111330
23011214
23011211
20111333
20144111
122100134
144021110
122100131
131111222
330141020
243110030
12230222
20111303
23011241
20111300
303320300
300011234
123230300
21143111
134011130
113220023
113220020
24332
11231141
233100020
233100023
303222020
131111111
131111114
323030111
134011100
11231114
134011103
11231111
314101130
321113111
131111141
3301130
30023411
31121123
31121120
23322200
122411120
300011231
3301133
42311111
14131103
11100131
14131100
3301241
30023303
30023300
323030030
11100134
141023030
411142100
434003
434000
24410
21110303
311234000
24413
11231222
21110300
33300131
300142211
330321110
30023330
434030
14131130
144300020
11411420
20422211
21110330
24440
111303131
141023003
233231000
21110333
141023000
20111030
111024410
131111000
20111033
131111003
122231000
300011120
11231033
122231003
300011123
132110411
11231030
131111030
1122230
303020
1122233
131111033
20111003
20111000
303023
11231003
12230411
11411231
11231000
111434000
434111
23142110
122231030
24420020
33300020
12214130
21110411
33300023
21110414
111303023
111303020
300142130
2220020
2220023
112122230
42311000
11100020
42311003
11100023
141023111
243110300
3334100
331222100
21110441
323112110
42311030
300142103
321113300
300142100
41131400
30023222
31400411
21111110
122120003
3301430
331101113
30024140
114321110
122120000
131033030
11100320
331101110
11100323
21111113
432110030
11231411
122120030
303134
300020222
14131400
303131
131000303
222031130
131000300
320222003
21111143
320222000
21111140
122120033
1122341
20013320
20013323
141142100
2220131
300233120
20013431
41411120
2220134
312210131
300020141
42214100
131000222
222031211
441023000
300020144
31400330
320222030
20341103
20341100
11133131
131033003
30024110
131033000
331101140
330331100
300331400
300020111
432110000
24224000
432110003
300020114
434300
30024113
30122420
131000141
41100023
134310020
111044120
41100020
320222111
122120141
303242
303002240
111011342
312341000
3023033
42230300
3023030
131000144
111142400
300020033
41120
41123
311112230
31400303
412121120
31400300
3023003
3023000
20341130
31400222
300020000
111011420
431012210
300020003
111011423
41231030
11231330
330003320
141011123
141011120
14131211
303320
300020030
303323
131000111
122120111
301134110
11231303
20341211
41231000
41231003
11231300
303330020
2220242
122120114
11133020
323122100
11133023
31433000
21111221
320304110
21111224
134031110
131311400
33022220
11100242
131000114
312210023
312210020
20111411
2220320
2220323
20111414
3023141
312210320
131000003
131000000
41231
131000030
330003131
41100131
31400141
41234
23011403
41100134
23011400
11133320
3023114
34104110
3023111
142322000
300331211
112142210
131000033
122431100
111323030
23011430
23421020
30122231
311342000
30122123
30122120
303431
111323111
411122120
3023222
23044100
324121100
233123000
12231140
122103320
123230
123233
132114110
113240030
20111441
31400114
31400111
41231111
12231113
141011231
113240003
12231110
41342
113240000
31400030
342210020
300003431
1221023
1221020
321221300
114141020
31400003
300331130
31400000
20144300
41100242
112224020
11100431
304133000
2220431
41133020
41231300
131311211
300331103
300331100
141011420
11100434
44131100
31400033
21422210
222031103
222031100
131311130
3023330
41420
123341
41423
31121420
111323003
111323000
330003023
330003020
3023303
3023300
1434110
30302240
434011100
320000
320003
32220131
34103300
1221131
320030
122103131
1221134
3023411
4121123
4121120
320033
23012213
131311103
23012210
131311100
41214020
322220300
242003030
20112143
20112140
20030222
12231410
111142103
20030330
111142100
20030333
20112224
242003000
30303131
242003003
31122311
330134000
320123210
1221242
320111
20030300
111142130
20030303
20112221
300004241
223113020
333001130
42230000
431111111
320114
42230003
321221030
320141
12231221
23340020
411024110
43311110
141323000
320144
311423000
32220023
32220020
24110030
320041400
321221000
321221003
4121231
24110033
23012321
31122203
41132210
31122200
300004130
431111030
300004133
242003111
22242200
313340000
111322220
23012240
321221111
20030441
1221323
320222
1221320
24110003
24110000
30303023
30303020
431111003
431111000
131114300
31122230
422231000
112141400
20030411
20112332
20030414
30434000
20030000
20030003
111011231
242003300
423230000
320303111
30024410
222031400
331100330
432110300
20423210
14132210
1221431
11232140
320300
42312110
320303
331100300
21111410
331100303
21111413
300020441
111011234
222023
331100411
222020
320333
320330
3302240
22422020
131032220
300020411
14214020
300020414
20030033
11101130
11101133
21111332
134014100
301413020
21144110
4121420
11232221
33301130
322220111
20030030
331100222
42230030
300020330
20030141
300020333
20030114
114042200
24421100
320414
320041103
320041100
320411
11412230
122103023
122103020
300020300
111011120
20341400
20030111
300020303
111011123
131114111
222131
222134
320041130
320441
131114000
131114003
20112113
11232110
143240000
21111440
320303300
113223020
30024221
122234000
11232113
341211020
42230111
20112110
111142211
432110111
3122123
3122120
320041211
20030144
331133000
131114030
133211120
304133
21243200
300021221
304130
222030131
300021224
323041100
413220020
23111030
3122231
23111033
11134130
31401410
1123340
134030300
30320111
312211130
222242
320141111
24110411
321124100
4433000
11232410
23111000
23111003
30320114
11134100
11134103
114320111
422100320
132113300
30320003
30320000
114320030
30320030
114320000
11101433
114320003
31221131
11101430
2221130
2221133
20014430
30320033
111043310
222323
20014400
20014403
222320
300021140
304241
300021143
23111141
30041420
320223110
134112110
11101241
142241000
11101244
300021110
300021113
2221241
41232110
334100300
23111111
301430111
23111114
33023300
303003320
134311100
222112130
3024110
31221020
31221023
22341020
222030320
42200
31401221
42203
3122420
222431
21112223
21112220
3024113
320141300
134030111
411303020
20342210
42230
301430030
42233
14231000
14231003
20014130
20014133
301430003
341111120
301430000
132113111
303331100
122430020
330004130
20112440
114222020
34400000
34400003
34400030
30123230
422100020
323303000
411041120
422100023
3024140
20014100
1140020
20014103
1140023
20112410
304430
311130023
20112413
14231030
311130020
134030030
112141211
431111300
41101130
142110020
41101133
142110023
30041231
31401113
42311
31401110
42314
32220320
134030000
24110114
134030003
24110141
300332210
2221430
132113030
141012230
34400111
42341
334100111
321140300
11134400
31401140
24110111
33023111
3024221
114320300
112141103
112141100
422100131
20014241
330020411
24110330
30303320
300414020
11134211
14411120
300004430
24110303
123233000
20014211
1140131
24110300
132113003
124340
42422
20014214
132113000
1140134
33023030
20014322
334100000
334100003
41101241
142110131
334100030
320141000
320141003
1222130
24110222
112141130
1222133
24143000
30041123
30041120
303020003
33023003
303020000
33023000
23422100
303020030
320141030
414023000
43313000
222030023
222030020
111141023
111141020
1140242
321140000
321140003
142110320
321140030
431112110
32221130
3434000
111321221
314111120
300431300
3024410
300300242
300333020
30222320
330020330
32221103
411320000
32221100
411320003
4122230
30304130
41100323
321110
41100320
20031332
411320030
321113
3303023
3303020
330020303
330020300
21440300
321140
14100134
1140320
1140323
321143
1222241
14100131
20113223
20113220
112124120
300300134
311211020
20113331
20031410
311211023
20031413
300300131
141111020
330020141
141111023
302331020
112140320
111321140
23013320
20441003
14231111
20441000
21424100
330020111
12232220
122102240
321140111
33122120
31123310
111321110
330020114
111321113
131441000
131031410
431030030
321221
321224
412221020
131113220
330020222
30320411
141023
1140431
141020
14100023
20031440
14100020
3303131
431030111
300431111
20441030
311211131
321222110
141242000
41100431
114303020
30222131
322221110
30320330
330020003
30222020
1124120
30222023
1124123
330020000
1222430
300300023
300300020
330020030
14100431
23144000
303134000
300021440
21440111
321332
141111131
431030000
242002220
431030003
300021410
21440003
300021413
21440000
21112331
141131
320222300
141134
3041123
3041120
23111222
111141320
21440030
442400000
331101410
300431030
30320303
30320300
411320300
330020033
11233220
300431000
300431003
131031221
303003023
321413
303003020
131031113
321410
131031110
30320222
23111411
222014120
31221320
111141131
20031140
20031143
1124231
331101221
223130
223133
321440
34121120
3303320
131031140
411320111
311211320
14100323
300021332
20031110
14100320
20031113
141242
134111300
301332020
23111330
42231110
30320141
20031221
14100242
432111110
20031224
14133020
20244200
14231300
111321410
242330000
3041231
23111300
144011120
23111303
301430300
114041120
320042210
303003131
111223130
23030111
131330003
141320300
131330000
141323
320142110
141320
223241
330300320
33303020
222111020
222111023
131002331
333020111
30321113
30321110
4221020
411021410
31222211
4221023
23030141
112111241
11430023
11430020
300022220
300022223
3123230
411300023
411300020
30321140
331103111
31140320
23030114
131330030
44100320
112144100
320011103
422130020
320011100
23030033
23030030
21113111
1124420
21113114
24111410
11430131
320011130
242001410
320011133
141431
314211020
21113141
22342100
2222240
44100131
31222100
11102240
331103030
11102243
31222103
4221131
23030222
21113303
21113300
131002223
131002220
3041420
331103000
222111131
331103003
333020030
122122220
322223000
23112140
31222130
21113330
324140000
301431110
233121110
112111133
112111130
333020000
333020003
131133200
21113222
223430
23112110
23112113
3320033
320011211
320011214
411431000
111341120
134000411
114323000
3320030
141222020
3320003
3320000
31140131
320011241
441021110
3320114
132411110
122400320
414020000
30042311
414020003
414020030
24111221
3320111
11430320
20441111
12233111
43310
43313
31402220
32221400
134000330
431141000
42200003
42200000
23341100
24111140
43340
330300131
134000300
134000303
311131103
311131100
34401110
111112133
42200030
111112130
42200033
411300320
24111113
24111110
300300431
31140023
31140020
311131130
111030242
1141100
1141103
3320141
21113030
330021410
21113033
320322200
30042203
12233003
30042200
12233000
134033000
304430000
33024110
111030023
111030020
1141130
1141133
43421
334101110
411300131
134000222
330431000
23030003
3320222
23030000
30042230
300300323
300300320
111243110
4221320
1141211
1141214
41102240
34221020
330300023
330300020
3320303
3320300
20441300
143221100
1141241
111030134
112111430
21113003
21113000
111030131
222242000
32221211
134000141
12233030
223110320
111111323
41101430
111111320
142140020
134000114
303020033
22211420
134000111
23014211
20114222
34400300
31403003
31403000
14101241
133230020
3222020
3222023
3320330
21343100
303020111
3222131
30141320
11234030
20114303
20114300
321141110
14101133
1223240
1141322
311130320
122400023
134000033
303020114
14101130
300301241
122400020
414020300
134000030
303020141
41134100
3320411
141042200
11234003
20032331
11234000
13331120
134000000
134000003
132132200
1141400
1141403
114011231
223111130
242001140
311130131
111242300
414020111
1141430
20114330
322220
113241110
322223
300301133
300301130
131411300
303020222
323222000
242001113
242001110
330021140
343310000
11414120
122400131
20442110
111144020
30321410
330021221
243410000
333003020
111111242
30223130
20114411
12233300
311212130
3304130
14232110
303020303
30141131
21113411
3222320
303020300
311114120
300432110
341131100
112242110
21441110
44100020
142103
142100
44100023
33041120
324221000
322331
303020330
242001221
142130
11103131
142133
11103134
233400020
23030303
111013340
122121221
31124120
23030300
20114033
330021113
11234300
20114030
31222400
330021110
20114003
14101430
22211123
20114000
22211120
23030330
222111320
142222100
11120
131411111
11123
303020411
23112221
142211
131411030
14134100
142214
122121410
11103020
11103023
23014103
242411000
23014100
131001413
30321221
131001410
20114111
2223020
2223023
11234111
30141023
42314000
30141020
3042230
111111431
142241
23014130
131001440
331102220
331430000
3042203
3042200
23112410
4140023
4140020
22211231
34122200
23030411
114011420
300022331
11231
11234
131411000
20032220
303004130
131411003
20032223
20114141
20114114
142322
411022220
224240
44231000
141321110
112143020
321421100
32321000
32321003
111422120
112110242
20000033
11431103
20344100
11431100
23031113
23031110
112241300
41234000
3042311
20311322
21114221
20000030
303300131
20000000
131034110
20000003
131001332
2223131
431011211
23031140
142403
142400
21114113
20000114
131001224
131001221
11342
300023222
132410300
44120
44123
142430
4140131
20311400
112110323
20311403
21114140
20000111
112110320
11103431
333021110
11431130
141141020
31223210
242000411
222323000
33222020
31141211
300023141
312213020
431011130
233120111
33320300
112110134
11420
112110131
11423
320012210
20000144
11103242
300023111
320012213
44101130
300023114
431011100
431011103
20311430
422131100
20000141
320012240
44231
321110003
31141130
122121110
331104110
321110000
131001113
131001110
20033000
20033003
41103023
224240000
314130020
122121113
41103020
12332120
233120000
233120003
23031221
20000222
11103320
4222130
11103323
122121140
303300320
131001143
2223320
131001140
31403300
233120030
3321140
11120033
20311100
20311103
300023030
300023033
132410111
4140320
3321110
222011420
11120000
11120003
3321113
134114000
24112220
31141103
31141100
11120030
114011123
300023000
300023003
114011120
111111134
111111131
1224023
11431400
11120111
1224020
311214020
132410030
33320111
114142100
414021110
11120114
23014400
30043310
330301130
20311133
41103131
111324110
20311130
132410000
132410003
34140020
131312210
44420
11431211
411301130
111242030
300301430
20311214
20311211
33320030
41103320
3141023
111242000
111242003
3141020
24440000
3321221
31403111
21114110
33320000
323000
33320003
323003
142403000
12234110
31403030
1224131
323030
1142210
1142213
323033
111242111
133311020
4124120
32222210
111111023
1142240
112110431
300334100
111111020
20311241
20033330
2240033
24113003
11120300
122104130
111323300
11120303
24113000
30011342
30142400
30044120
42200222
1142321
2240003
31322111
2240000
323111
3141131
20033300
20033303
42233000
323114
303021113
14102240
303021110
2240030
323141
300302240
31322000
2240111
31322003
2240114
23310131
113240300
303021140
11120330
11120333
321224000
223241000
3223130
42200303
42200300
3321410
31322030
342211100
441300020
41430020
222012230
301121420
442103000
242000111
113240111
323222
1224320
23310320
30011231
144320000
242000114
11120141
303021221
30011234
42200111
11333120
2240141
42200114
20033411
24113111
11120144
223110131
311131211
32223020
30142211
223110020
411023030
323141000
223110023
242000033
42200141
142141100
33042200
323300
323303
411023003
330022220
411023000
3141320
24113030
242000000
242000003
242000030
11120222
32321300
2240222
242033000
323330
23441000
2240303
2240300
111012233
131033300
111012230
20000300
20000303
143321000
320011322
122120303
122120300
11104130
11104133
23031410
242000222
112241030
20033030
20033033
30011120
30011123
301121231
20033141
303431000
333020300
1421120
1421123
320044100
444020000
323411
11104241
122120222
30142103
30142100
242000141
23113220
20033111
112241111
21114410
2240330
143210
111012341
112110023
112110020
20033114
303021410
143213
341130020
411023111
30142130
20000330
20000333
311131400
20000441
42200330
143240
20000444
131000414
11120441
301121123
300023411
301121120
131000411
14430020
320011403
320011400
122120411
303300023
23310023
242000330
303300020
23310020
20000411
20000414
11120411
112421120
320011430
111143210
131000441
11120414
2240411
1241003
32321111
1241000
1421231
411023300
242000300
3043310
31141400
131000333
242000303
300023330
131000330
414300020
12230
233120300
12233
122120330
1241030
22212230
131033111
42200411
112241000
1241033
112241003
143321
30322220
300023300
300023303
32321030
20033222
331103300
431011400
21410114
32240111
223133000
1241111
112113320
321332000
11104430
1241114
122124110
4141103
4141100
1110020
442100300
1110023
21410141
300442100
301130222
23114111
13431020
2224130
131414000
1241141
20312321
131004410
322200320
12341
12344
41120330
114030320
314123000
20001140
20001143
330114020
23114030
114112130
41120303
142211111
41120300
1110131
1110134
20001110
32240003
20001113
30323111
332211110
32240000
301130141
23114000
301130114
433220000
23114003
300114320
32240030
4141130
21410111
1421420
311403020
411003131
142113020
301130111
1241222
30323030
31142210
142211300
300032321
4141211
411134000
34403000
21410303
21410300
23032220
301130033
1241303
1241300
22311320
301130030
1241330
301130003
301130000
323003300
33141020
21410222
41120411
320300030
431303000
422123
422120
411003023
1110242
131004221
411003020
320300003
20001221
30323003
30323000
320300000
313320020
114030131
20001224
1143020
1143023
21443000
131004110
31224020
111032213
111032210
111114131
300032240
131004113
1110320
131004140
1110323
111032240
303031103
300032210
300114131
303031100
300032213
323003000
14103023
22311020
323003003
14103020
22311023
112130030
22442000
14234000
1143131
242003
1241411
422231
242000
303031130
11121140
333030020
3322220
11121143
112130033
122222120
31322300
312321020
114014120
4141400
33321110
242030
11121113
41104130
242033
322200131
222002240
112130003
112130000
11121110
331113020
300114023
20312240
300114020
311141120
1110431
22311131
31404110
21410003
21410000
331211300
20312213
34141100
303031211
323003111
20312210
21410030
132413000
111020
111023
1110434
21410033
111114023
301441100
111114020
11432210
242111
112441100
242114
411003320
134002220
144030020
30011420
323003030
30011423
3142130
242141
222330020
3142103
24113300
3142100
300131303
311124110
42201221
300131300
23311211
1143320
324110
422420
300000242
324113
111031430
111131
11121332
300033023
3011120
34222100
300033020
3011123
111134
320004410
324140
320414000
31110131
12432020
31110134
242222
20411141
31323110
303030320
41431100
31241111
322331000
2241140
20444000
20034410
31110023
31110020
20411222
300000131
300000134
3142211
2241110
222003023
300131222
222003020
23311130
324221
2241113
242303
30012341
242300
23000030
30012233
222003131
411020030
330031400
21132230
111031322
111113240
432221000
111242
14103131
32224100
30012230
3011234
20411303
20411300
42201110
144023
334111100
144020
411331100
242330
31241030
42201113
300311420
411020003
23000003
23000000
131233100
411020000
300131141
331211030
3011231
42201140
23000033
300131111
300131114
141114020
24114110
111441020
111320
331211111
111323
301114130
322200020
11121224
322200023
2241221
303014120
242411
21132203
21132200
11121221
143211110
31241000
20411330
111031403
300000020
111031400
300000023
31241003
41120114
144131
320004113
20001332
114030023
20034110
114030020
411020141
142130030
242122100
320004110
41120111
31421120
30143210
3011342
142130000
142130003
21410411
411020114
3142400
411020111
300131030
3044120
300131033
320004140
324410
331211000
112113131
331211003
111431
32240300
111434
20411003
20411000
41120033
300131003
301130411
300311231
300131000
23114300
21410330
122123300
442100030
11400134
20034140
41120030
11400131
320004221
20034113
41120003
3011420
3011423
41120000
141032210
442100000
442100003
411020033
1422230
11121440
112244000
20001440
20001443
23311103
20034221
23311100
14431100
2241410
20411030
301130330
30323300
11121410
11121413
41120222
20411033
332210300
330031130
20001410
20001413
233111120
300311123
300311120
341420000
330031211
42201410
411020222
144320
142130111
301130303
222134000
301130300
14103320
20411111
112113023
112113020
32322110
442100111
123221120
20411114
131003411
1242110
131331110
11400020
11400023
431041100
41120141
23000414
21411140
142130300
411020411
23000411
131003330
1242140
1242113
14120141
13340
13343
122123111
23000441
301131221
441020000
441020003
11400320
222001430
11400323
30242300
320022311
441020030
32241110
30324110
11400431
33011123
132232100
33011120
23033111
3323003
3323000
1111130
222411020
1111133
30111131
122123030
334211000
23000333
23000330
4224020
411020330
30111134
114111131
34322000
20133230
21411110
20133203
20133200
22230320
14120114
112440020
330000323
131003303
131003300
330000320
21411113
411020303
411020300
301131140
142212110
14120111
1242221
341120
441020111
341123
14120030
111014420
23033300
20133311
141131000
141131003
11433020
301131110
14120003
14120000
131003222
301131113
20002220
411004130
20002223
11400242
41400023
41400020
3323030
330000131
33142100
330000134
14120033
22214120
4142210
31110431
330131300
300033320
131003141
21411221
3323111
330033020
330000242
1111241
111342200
1111244
112112240
114111020
114111023
30111023
422211020
30111020
341231
41121410
30242111
141311120
134001410
312240020
330131111
14120411
23000144
141131111
23000141
42203030
30242000
423210020
30242003
322201130
22230131
30242030
20411411
131003114
131003111
111031214
141000023
141000020
41400131
1144100
111031211
303114020
1144103
1242410
423230
330000023
330000020
431222000
30020
30023
23311400
142114100
300000431
1144130
300000434
22230023
21132311
131003033
111031241
22230020
131003030
14120330
44120000
44120003
222001241
42203111
333031100
31110323
31110320
23000114
23000111
44120030
141131030
1144211
31241300
300033131
323004110
222034100
330131000
114111320
330131003
3323300
1111430
22312130
23033030
1111433
303032210
111031103
300000320
141000134
111031100
300000323
141000131
243110
320022203
341420
243113
320022200
300131411
23000303
243121100
23000300
311142200
30131
131003003
131003000
30134
31143020
14120303
30422120
31110242
134001221
14120300
122123003
122123000
23000222
111031133
111031130
320022230
441020300
113243000
243140
331114100
14120222
304130030
20313320
300131330
144031100
304130000
304130003
23033003
23033000
42203003
42203000
330131030
331130300
31111130
111030431
112130
33323000
112133
3143210
31111133
134001140
20330303
20330300
20412221
133231100
243221
320300303
320300300
122401130
30242
134001113
412430000
4241000
134001110
4241003
23312210
11122331
300001241
320300330
300001244
311420111
1144400
4421120
441003020
141131300
141000242
30013340
141033020
330311120
31111103
31111100
131314100
303031400
320300411
20330330
30320
112241
111112430
30323
111014120
112244
111014123
11122220
11122223
141000431
24410111
300001130
300001133
114012230
2242220
14104130
4241111
20330411
300132221
31242110
301410131
3012233
3012230
111030323
111030320
111112241
21133310
20314100
20314103
4241030
242301110
20412410
300132140
243410
3012341
24410030
30431
30434
24410000
141000323
24410003
141000320
311420003
300132110
42202220
311420000
311420030
300132113
331212110
4110023
4110020
11401133
311420300
20330033
41121140
11401130
4110134
30111431
4110131
301410023
331130030
301410020
21411410
320300033
20330030
114242000
432140000
20330003
41121110
20330000
31422200
14120
20002331
41121113
311322020
411021140
33011420
14123
331130000
331130003
442101110
131330300
20002334
112430
112433
300312230
331130111
320300114
411021113
20330111
411021110
320300111
131412110
304113020
301131410
320300141
30111323
30111320
4143020
14231
14234
3422120
4110242
320300222
20330141
20330114
41121221
20002442
30111242
111014231
44103020
4110323
4110320
4241300
20330222
411021221
20412140
142131110
320333000
30144020
414003020
20412113
33011231
131330111
20412110
330032210
111001244
111001241
14342
222000431
20314400
20003111
23001413
20003114
23001410
320023310
330034100
3242030
3242000
3242003
412410020
23411030
30030323
21412220
30030320
30112241
22231400
122421110
23001440
3111023
14121110
431301110
3111020
1243220
321121130
303000134
30112130
323300111
303000131
34110020
32324000
301132220
14121113
3242111
30112133
411132110
34110023
14420
14423
23411000
23411003
300411320
4110431
14121140
112410320
111132410
30030242
111034103
111034100
321121103
321121100
141111320
20003141
20003144
11401430
300034400
323300300
20134310
321121211
114032210
112410131
1112240
111132221
1112243
21232103
20003222
21232100
223131110
111001133
303033020
11401241
303131300
122241020
131301221
111001130
334130000
34110131
342200
303000242
342203
23411111
332213000
131301140
342230
20003300
20003303
11434100
31111430
30243110
3111134
330001241
3111131
30030131
3324110
30030134
114311120
1440020
1440023
11123114
142111100
142111103
22231130
233420000
303000323
123240020
3242300
30030023
11123111
30030020
303000320
14121410
111411131
300411131
342311
330132110
131301110
20314130
131301113
31111403
31111400
222000131
222000134
31111322
300034211
330001130
330001133
23001113
222033020
23001110
222000242
42204110
312241100
411001133
242022200
411001130
20314211
222131300
41401130
303000431
3111242
300411023
23001143
23001140
300411020
22231103
11123141
22231100
300001430
300001433
34110320
3144020
31100
31144100
31103
20003000
20003003
411034100
111034130
11123000
11123003
31111241
142111211
1440131
2243003
2243000
31130
314420000
31133
23034110
331410020
23001332
300034130
3111323
3111320
111001433
431022200
24410300
111001430
30341120
14121221
300034103
23001224
300034100
300132410
23001221
142111130
323300000
323300003
411001241
20003030
301410320
20003033
31211
111411023
31214
111411020
11123033
31111211
31111214
2243030
22231211
222000323
323300030
222000320
111034211
11123030
244220
2243111
31241
31244
242300030
242300000
242300003
20413220
33111020
33111023
441000020
30014420
441000023
304130111
300002240
300002243
42203300
131022311
3111431
411001430
11123330
223410020
311421110
112131221
44120300
21232400
1440320
14400131
131022230
113240
31322
113243
33242000
134004110
320301410
41400320
12221123
11123411
12221120
300133220
112131113
112131110
441000131
44120111
24411110
141030131
20233130
20331410
31400
31403
222132110
131022203
131022200
20233100
441023
441020
20233103
242300111
11123222
122142200
2243300
31430
31433
411411020
14400023
11123300
301411130
11123303
20233211
14400020
142111400
222001130
222001133
304130300
30014231
141030023
141030020
112131140
1424120
3013340
134411000
4242110
23411300
303311120
122420300
21232211
112410023
112410020
24132200
133201130
23313020
320301110
4111133
4111130
114114020
141112130
441131
320301113
122322020
20003330
20003333
414000020
414000023
20003441
21232130
320301140
111132113
20331110
111132110
12221420
331131110
20331113
30014120
20003411
30014123
30112430
20003414
303131000
303131003
1244030
1244003
1244000
3341120
111132140
330000431
303131030
30030431
12221231
414131000
14400320
1113020
1113023
311241020
320301221
20331140
4111241
111312230
441000320
141030320
303000023
4144100
303000020
1244111
41122220
34241000
20331221
131300411
441320
33012230
303131111
112131410
242300300
32210411
301133300
141014120
30031322
30113240
330330020
131300303
20004140
20004143
131300300
20004113
111033023
303001133
111033020
31211000
303001130
31211003
3030023
3030020
111000242
111131303
131300330
14122220
111131300
1113131
331100033
1113134
20004110
30031241
20004221
331100141
302231120
3243110
3030134
131333000
23330111
111131330
3030131
122420003
222032210
122420000
414000320
331100114
32210330
331100111
34111100
122420030
34111103
311111420
4111430
11222231
321122210
1113242
320303003
320303000
34111130
32210303
303001241
32210300
111131141
1244300
111311420
23330300
114031211
320303030
30031211
30031214
131300222
11402240
414000131
20004224
223130111
311111231
300330320
11222123
131300114
331100030
11222120
122420111
42221120
32210222
301133111
111131222
322220030
2342120
3030242
432121100
30031130
114031130
32243000
322220000
322220003
30031133
244200020
111000134
331100000
131300111
223130000
20004332
111000131
331100003
223130003
33111320
223130030
34111211
3112133
23412110
330002240
3112130
21413300
1113320
303034100
1113323
131300141
11124140
300412130
343310
131300033
301133030
3030323
3030320
3112241
11124110
32210114
23002223
23002220
320122400
30031103
32210141
30031100
11124113
301133003
301133000
144111020
11222420
1113431
31440020
32210111
11124221
1441100
333000320
303411020
303001430
1441103
31112321
331411100
411330020
444000020
114020
114023
131300030
23133200
131300003
22314020
131300000
300330131
111033320
1441130
434300000
23002331
32210030
20233400
111131411
23330030
134003300
32210033
41222120
111000320
111000323
34111400
33111131
142112210
1441211
23330003
21413111
3030431
323301110
23330000
111033131
32210003
32210000
22232210
300330023
3112430
300330020
3014120
3014123
31112210
21413003
21413000
31112213
32210
114131
32213
114134
222114020
21413030
114031400
123321020
31112240
111000434
32240
111000431
32243
30342200
411002240
112130222
1130000
1130003
132332000
33030131
222131000
320122130
304131110
222131003
301232120
111442100
22200131
11124410
22200134
412133000
300003320
333000131
300003323
1130033
23003003
23003000
2244110
133200320
323022200
1130030
32321
114242
32324
300003242
31211411
112130303
112130300
134003111
20414300
222131030
1441400
1130111
33030023
31113131
33030020
320122211
3014231
124320020
300134300
1343120
122141120
1130141
333000020
333000023
134330000
112130111
114320
114323
1130114
143210000
143210003
222131111
31211330
111032321
41123030
143210030
134003030
222000023
222000020
32432
1130144
14401130
23003114
44121110
322203020
422111120
23003111
141031130
134003000
23003033
134003003
23003030
41123003
41123000
111114320
20234210
141031103
300003131
141031100
300003134
22200242
242004110
441001130
31113023
31113020
112130114
22233020
22331300
442103
442100
112130141
133200131
143210111
31211300
31211303
114431
1130222
20414003
431122100
111131033
20414000
13320131
111131030
31211222
20004410
20004413
331214000
442130
333131000
22331000
14123003
1130300
300003020
1130303
300003023
22331003
14123000
44400020
114031103
114031100
3014420
31244000
300134111
414001130
111000020
3342200
111000023
1130330
141031211
1130333
4112240
41123111
311120
311123
311111123
31211141
321121400
311111120
133200020
442211
133200023
20004440
300134030
111131114
111131111
20414030
21233210
112114130
304410020
22200023
22200020
122403020
20332220
30031430
141031400
300134003
222311120
300134000
41123300
4440020
320302220
13320023
13320020
11403020
11403023
20414111
12222230
142211030
111311123
111311120
22331111
112130330
143210300
31211114
131000
1130411
131003
31211111
311231
330411020
330001430
1130414
142211000
22331030
142211003
31211033
112130411
311234
31211030
133331000
11403131
23314100
131030
1130441
131033
111311231
303132110
320122100
30031403
30031400
320122103
111131003
111131000
30441020
300314120
223130300
311242100
