1
311302
401410
4
3113002
10
311311
303112
1024003
13
1024000
2302003
1024030
2302000
3113020
3211300
303121
1040410
3203110
22
3113011
311320
303130
1040401
131101
31
131104
34
131110
40
4014100
2220040
41002
131113
43
3203101
131122
41011
41014
131131
41020
41023
2220130
131140
41032
41041
1204300
1024111
100
2220100
303202
2220103
103
3031111
2302030
311401
303211
303220
112
2220112
311410
2220121
121
124
2212000
131203
3023020
2212003
131200
130
133
4301002
2220202
3023011
41101
131212
142
41104
4301011
2220211
41110
131221
41113
131230
4301020
2220220
2212030
1401013
3113101
41122
1401010
1401022
41131
1114300
3203200
3023002
41140
3113110
1401004
3121300
2302111
1401001
303301
1401040
303310
202
1401031
3023101
211
214
220
3113200
223
131302
232
33001
33004
131311
41200
241
33010
41203
244
33013
131320
41212
33022
4211011
41221
33031
1311004
4211020
1401112
1311001
2122030
41230
33040
1401100
1401103
1311031
1024300
3023110
3031300
303400
2220301
301
2212111
2122000
304
1311013
2122003
1401121
1311010
310
2220310
313
1311022
1401130
322
2204002
2204011
131401
331
33100
3023200
334
33103
131410
2220400
1311040
340
2204020
41302
343
33112
2122111
41311
33121
1401202
1311100
41320
33130
1311103
4301101
3400030
1401211
3400003
3400000
4301110
4211002
2302300
3310003
2032030
3310000
4121020
1311121
4121011
1311130
400
1401220
403
4121002
410002
410014
3400111
2032003
1311112
412
410011
2032000
410023
410020
421
424
430
433
33202
410032
41401
442
33211
410041
1401301
41410
33220
2114020
1303003
1303000
1401310
4301200
4211101
1311220
2204101
1303030
4211110
1131001
2212300
1131004
2204110
2032111
2114002
410101
1311202
410110
2114011
3310030
410104
1311211
320002
1131031
410113
2204200
320014
410122
3220030
320011
320020
3220000
4031020
3220003
320023
1131010
1131013
410131
33301
2114101
410140
2122300
4031011
33310
2114110
1131022
320032
4031002
4121110
3310111
320041
1401400
1131040
4121101
3302002
4211200
4031101
3302011
2024020
4113010
1000003
1131100
4121200
1131103
1000000
1000030
1311301
1303111
2024011
4113001
1213003
1213000
1311310
2024002
410203
410200
3400300
1131121
320101
410212
1041004
1041001
320110
410221
1131130
320104
1000033
410230
230002
1041022
1213030
320113
230011
33400
1131112
1041013
230014
1041010
320122
3130030
230023
230020
320131
320140
1041031
230032
230041
1041040
1000111
1213111
1123000
1123003
2024110
2032300
3302020
410302
2114200
4031110
2024101
3130003
1311400
1000114
3220111
3130000
1041103
410311
1000141
1041100
1131220
3212020
1123030
2401000
320200
2401003
320203
3130111
320212
1131202
3212002
230101
410320
1041112
320221
1131211
3212011
230104
4031200
230110
1000144
140002
320230
230113
1041130
3302101
230122
140011
3302110
140014
3310300
1041121
230131
4113100
140023
140020
230140
140032
3302200
140041
1000222
2024200
1303300
2401030
1033003
1033000
410401
320302
410410
3040003
3040000
3040030
320311
1131301
1041211
1123111
230203
230200
1041202
1131310
3040111
320320
230212
140101
1033030
140104
1041220
3122020
140110
230221
140113
2311030
230230
140122
1000303
140131
1000300
1213300
140140
2401111
3212101
3122011
2311003
2311000
3220300
3122002
3212110
1000333
304000
1000330
304003
1041310
3122110
3130300
320401
1033111
1131400
3212200
304030
1041301
3122101
230302
320410
230311
4400101
140203
140200
4400110
4310002
230320
140212
4310011
140221
4400002
1410004
1410001
140230
2221030
4400011
1410013
1410010
1000414
1000411
4400020
2311111
3032011
1000
2221000
2221003
304111
1003
3032002
1410040
214003
214000
1410022
1123300
1000441
1041400
3032020
1410031
2303011
3032110
3040300
230401
1030
230410
1033
4400200
3032101
140302
214030
2303020
4310101
140311
2221111
2131000
2131003
4310110
1410100
4220002
1410103
140320
4220011
2401300
4220020
3122200
2303002
4310020
1410130
1410112
1111
1114
1033300
214111
1410121
2303101
124000
124003
140401
1141
2131030
140410
1144
124030
4220101
1402000
1402003
2131111
2000023
2000020
4220110
1410202
2000014
2000011
2000002
2303110
3032200
2311300
304300
2213002
2000044
2213011
2041003
1410211
2041000
2000041
1410220
1402030
2213020
2000032
2303200
1222
2213101
124111
34000
34003
2221300
2213110
2041030
2123002
4130020
4130011
2000122
1410301
1402111
4130002
34030
2000113
2000110
2000104
4310200
2000101
3401011
4130110
2041111
4130101
1312030
3401020
2000143
2000140
1410310
1312000
1300
1312003
1303
2000134
3401002
2000131
214300
2123011
1140022
2123020
1140031
1140001
1330
1140004
1333
1140010
1140013
34111
2000221
2131300
2123110
2000212
2000203
2000200
1140040
1222003
1222000
2033020
4220200
4040020
2033011
2000242
2213200
2033002
1410400
4040011
2000233
2000230
1312111
2123101
2000224
4040002
1140112
1411
1414
1140121
124300
3311011
4040110
1140100
1140103
4040101
1222030
3311020
4204000
1441
2000314
3401110
4130200
3311002
2000311
1402300
2000302
1140130
3401101
3401200
1304020
2033110
2041300
2000341
1222111
3311101
1304002
2033101
2000332
1304011
2000323
2000320
2123200
1140211
1140220
1132030
1132000
1132003
1140202
34300
2000413
2000410
2410030
2000404
2000401
1214002
3221011
1001002
2000440
1214011
3221020
2033200
1001023
2000431
1001020
2410000
3311110
4040200
1304101
2410003
2000422
1312300
1001014
3221002
1001011
403003
1304110
403000
1140310
1001032
3221110
3303010
403030
3311200
3131002
1214020
2410111
1001044
1042003
1140301
3221101
1132111
1001041
1042000
1042030
3303001
4114000
1001101
1214101
1214110
3303100
1222300
1001113
1001110
1304200
1001104
2320003
100000
403111
1140400
1001134
100003
2320000
3131020
1001131
1124020
3131011
313000
1001122
313003
1042111
1124002
1001143
1124011
1001140
2320030
100030
100033
2402020
313030
3041002
3000040
3000043
3131110
2320111
3000034
2230003
2230000
3041020
3041011
3000013
3221200
3213010
3000010
3000004
1214200
3000001
3131101
3000031
1001212
2402002
3213001
3000022
1001203
4024000
2402011
1001200
1001230
1001224
3000100
3000103
1001221
100111
10000
3000124
2402101
313111
100114
10003
3000121
1034011
1124101
1001242
3123001
2410300
223003
2402110
223000
3000112
1132300
1034002
3213100
1001233
1124110
4401001
1034020
2230030
100141
10030
4401010
100144
10033
223030
2140000
2140003
1001311
1001302
2140030
2312002
403300
3041101
3000142
1001323
1001320
3000133
2312011
1001314
3123010
3131200
3000130
1034110
1001341
1042300
2312020
3041110
1124200
1034101
1001332
2230111
100222
10111
10114
223111
3000232
2312101
3033001
133003
133000
2312110
2320300
4401100
2222002
4311001
2222011
3033010
3000241
10141
3041200
10144
4311010
133030
3000202
1411000
1411003
3000220
3000223
1001404
3123100
1001401
3000214
2402200
3000211
3000301
1001422
1411030
1001413
100300
1001410
100303
313300
2002
3000313
1034200
1001431
3000310
2011
3000304
2014
2020
2222020
2023
100330
100333
10222
2140111
1001440
2032
133111
43000
2041
43003
2044
2132002
2132011
2132020
43030
3033100
3000331
2312200
3000322
1411111
2222101
2101
2104
3000340
100411
1321000
10300
2230300
2110
1321003
100414
2222110
10303
2113
3000430
223300
3000421
2122
3410020
2214001
1321030
2131
2134
100441
2222200
10330
2214010
2140
10333
2143
3410002
43111
3410011
1403002
3000412
4311100
3000400
3000403
3410101
1321111
2042011
4131001
1231003
3410110
1231000
2042002
1403011
2200
1403020
2203
1231030
2212
2132101
10411
2140300
2221
10414
2132110
2224
133300
2230
2233
2042020
2124001
2242
1403101
2132200
10441
2124010
4303000
2042110
1100020
3320020
1313011
1100023
1313020
2042101
3320002
1411300
1100002
1403110
2214100
3320011
1100011
4131010
1313002
2302
1100014
3230002
2311
3230011
2314
4041010
2320
1100032
330004
2323
4041001
330001
1231111
3320101
330013
1141000
1100041
1141003
4000033
3320110
2332
1100044
330010
4000030
4131100
330022
43300
2341
330031
3410200
1141030
4000000
330040
4000003
1321300
1100113
1313110
4123000
2042200
4213000
1223002
1100122
4000114
1010014
4000111
1010011
1403200
1100101
1100104
1313101
1010002
1100110
2401
2404
2124100
412003
1141111
412000
1010023
2410
1010020
2413
330100
1223011
330103
1010044
1100131
3230020
2422
1100134
1010041
412030
1100140
1223020
2431
1010032
1100143
3140011
330112
2440
330121
3140002
330130
3140020
3230101
1313200
1100212
1100221
3230110
1223101
4000141
4041100
1010110
3312001
1010104
1100200
3312010
3320200
1010101
1100203
3222001
1133011
1100242
1010122
3230200
412111
3222010
1133020
1010113
1010143
1100224
1010140
322000
1223110
4033000
1231300
1100230
3312100
322003
1100233
1010134
1133002
1010131
2411002
330202
4000222
330211
330220
322030
1100311
1100314
4000300
4000303
1010203
1010200
1100302
3140110
1010221
404002
1141300
1100341
2411011
1133110
2411020
3140101
1010212
404011
1100320
404020
1223200
1100323
1043002
1010233
330301
1010230
322111
1133101
1100332
1010224
232003
2411110
232000
330310
1043020
3132010
3140200
2321002
1043011
1010242
3132001
2321011
232030
2321020
1100401
1100404
3222100
1100410
1100413
1010302
3304000
4000330
2411101
3214000
1133200
404101
3001000
1010314
3001003
404110
1100440
1010311
412300
101002
1043101
101011
1010332
314002
1100422
101014
1010323
101020
101023
314011
1010320
1100431
314020
330400
4000411
1043110
101032
1010341
232111
101041
142003
142000
101044
4410100
2231011
142030
2231020
4410001
4410010
1010413
3001033
2411200
1010410
3001030
1420030
1010404
3132100
101101
404200
2321101
1010401
1010431
314101
101104
1420000
2321110
1420003
101110
322300
2231002
101113
1010422
314110
11002
101122
11011
11014
1010440
101131
11020
3124000
1043200
101134
11023
4402000
2321200
101140
101143
3001141
11032
142111
2231101
11041
11044
3001114
3001111
1330000
1330003
101200
101203
1420111
314200
101212
11101
11104
2231110
101221
11110
101224
11113
2141002
232300
101230
134002
101233
11122
2141011
134011
1330030
101242
11131
2141020
11134
4312000
2231200
2223010
11140
134020
11143
2141101
2141110
1412020
1330111
3001222
1412002
101302
2223001
3001
3004
3034000
1412011
101311
11200
3010
101314
11203
3013
101320
101323
1240030
11212
3022
1240003
1240000
4140010
101332
11221
134101
3031
11224
3034
134110
101341
2223100
4140001
142300
11230
3001330
3040
11233
44002
3043
11242
44011
44020
3001300
3001303
1322002
1322011
1412101
101401
1420300
1412110
3100
101404
3103
101410
101413
11302
3112
101422
11311
1322020
2141200
3121
11314
3124
101431
11320
134200
3130
11323
1240111
3133
101440
11332
44101
3142
2002003
11341
2002000
44110
1322101
1330300
1322110
3001411
2002033
4222000
2002030
1404001
4140100
1412200
1404010
3321010
3202
1232020
11401
3211
11404
421003
421000
3214
1232002
11410
3220
11413
3223
1232011
3321001
11422
4132000
421030
3232
2002111
11431
44200
3241
11440
4001020
4001023
1101010
2002141
1314001
1101013
3403000
4001014
1322200
4001011
1314010
1101022
1404100
4001002
1101001
2002114
1101004
1101040
1142002
1101043
3301
3304
1142011
3310
421111
3313
1232101
1101031
3322
1101034
1232110
331000
331003
1240300
3331
2420002
3340
2420011
2420020
331030
3231010
1142020
1314100
3231001
1101112
4001041
4042000
2002222
1011004
4001032
1011001
1101100
3321100
1101103
200002
1011022
1142101
1101142
200011
3400
4001140
1011013
3403
3100003
413002
200014
3231100
1011010
3100000
1142110
3100030
1101121
200023
3412
1101124
413011
1011034
4001131
200020
1011031
3313000
413020
1232200
1101130
3421
1101133
4001122
2002303
2002300
331111
200032
4001113
3430
241003
200041
4001110
241000
1011043
4001104
200044
1011040
4001101
4001212
1101202
2002330
241030
2330020
1101211
4001200
4001203
1101214
1011103
1011100
1134001
1101232
2420101
200101
1011112
1142200
1101241
2420110
413101
200104
1134010
200110
3100033
413110
2330002
421300
200113
1011133
110002
1101220
1011130
1101223
2330011
200122
110011
1011124
323002
1011121
110014
200131
3100141
3010030
200134
2412001
110020
110023
323011
323020
1011142
2420200
200143
2412010
200140
110032
241111
2330101
110041
3010033
2330110
110044
3100111
1101301
1101304
3223000
1101310
4001230
1003003
2002411
1003000
4001221
3100114
3010000
3010003
1011214
1101331
1011211
1134100
200203
200200
1101340
1011202
3100222
1101313
3010111
110101
4001320
1003033
413200
200212
1011223
1003030
323101
110104
1101322
1011220
200221
110110
2240002
110113
331300
4001311
323110
20002
200224
200230
1044010
1011241
233002
2240011
200233
4001302
20011
110122
1044001
20014
1011232
233011
200242
110131
20020
2240020
20023
110134
4411000
110140
110143
233020
20032
4001401
2240101
1101400
20041
1101403
20044
2240110
2412100
1011310
1003114
1101430
3133000
1011304
1003111
1011301
200302
3010114
3010141
2322001
200311
1101412
1011322
200314
2322010
110200
110203
2330200
1101421
1011313
200323
3010222
200320
1011340
2404000
323200
3100330
20101
110212
20104
3002020
3002023
1003141
1044100
1011331
110221
233101
20110
200332
20113
110224
3002041
233110
3043000
200341
241300
2322100
110230
143002
110233
20122
3002032
3100303
143011
3100300
20131
110242
20134
4321000
20140
143020
20143
3002014
3002011
3002002
4001410
1011403
1421011
1011400
1421020
3010300
3010303
200401
1011421
3002110
3100411
3002104
200404
3002101
1003222
200410
1011412
200413
1421002
110302
2232001
200422
110311
20200
2232010
1011430
2240200
20203
110314
200431
110320
110323
233200
20212
200440
20221
110332
143101
20224
143110
110341
2101030
20230
2232100
2101033
20233
2142001
20242
4231000
2142010
1421110
3002122
1003303
2101000
1003300
2101003
3002113
1331002
3002140
2314000
3010330
1421101
3002131
3002221
110401
110404
3010411
3002212
110410
110413
1003330
20302
2101111
1331011
20311
110422
1331020
2101114
20314
3002230
110431
20320
143200
20323
2011003
2011000
110440
20332
3002200
20341
3002203
1421200
2011033
1413010
2011030
4100023
1331101
4100020
4100014
3002302
4100011
1003411
4100002
1413001
4000
1241011
2224000
4003
1241020
20401
1331110
20404
2142100
2101141
430003
430000
1241002
20410
20413
4030
4033
2101222
20422
430030
20431
2134000
20440
1110001
3330001
1110004
3330010
3002311
1110010
1110013
2011114
4141000
4100041
2011111
1413100
3002320
4100032
1110034
4010041
1241110
3330100
3002410
1110040
1110043
3002401
4010032
4111
4100140
4114
3412000
2101300
1331200
1110022
2101303
4010020
430111
4010023
2011141
4100131
1241101
1110031
4010014
2003002
4100122
340000
4010011
340003
4141
4010002
4100113
4100110
4100104
4100101
340030
4010110
4100221
1110100
4010104
2003032
1110103
4010101
2011222
4100212
2003023
2003020
4100203
4100200
2003014
2003011
1241200
1110130
1110133
1110142
1110112
2101330
1110121
1110124
4222
2044000
2003041
2003101
2101411
340111
1102000
4010140
3322000
1102003
2003131
1110202
2003122
4010131
2003113
4010122
2003110
4100230
2011303
2011300
4010113
2003104
1102033
1143001
1110232
4010230
4300
4303
4010221
1110211
1110214
4010212
2003140
430300
2011330
1110220
4100320
1102030
1110223
4010200
4010203
332002
4100311
4330
332011
4100302
332020
1110241
1143010
2003230
4010302
4100410
2003221
2011411
1110301
4100401
1102111
2003212
2003203
2003200
1110322
1110331
1012003
2421001
1143100
1102141
1012000
1110304
3232000
1012030
1102114
2421010
1110310
1110313
4411
332101
3101032
2421100
340300
332110
1012033
1110340
3101041
3142000
3101002
2003320
4010320
3101023
2003311
3101020
2003302
3101014
4010311
3101011
1012111
3101101
1110421
1110430
1110400
1110403
3101113
4010410
3011002
3101110
4010401
1110412
1012114
1102222
3101104
1012141
332200
2200033
2241001
2003410
3011041
1102300
1102303
2241010
2003401
2200000
3011020
1004014
2200003
3011023
4420000
3101131
1004011
1430002
1102330
3011014
2413000
3101122
1004002
3011011
1430011
1012222
3011032
1004023
3101140
1004020
2200030
3101230
3011113
1004041
3101221
3011110
3011104
2200111
1004032
2110000
1430020
2200114
2110003
3011131
2323000
3011122
3011101
3101212
3101203
3101200
1430101
1012303
1004110
1012300
1004104
1004101
1430110
3101311
3003004
4330000
3003001
1004122
3101302
103000
103003
1102411
1004113
1340020
1004140
1012330
3011140
2200141
1004131
2110030
2241100
2110033
1340002
103030
103033
1340011
2110114
2233000
3003040
2110141
2020030
3011212
3003022
1004203
3101320
1004200
3003013
3011200
1430200
3011203
3003010
1004221
3011230
1012411
3011221
3003031
1004212
2020003
2020000
2200222
2110111
4240000
3011311
3003112
103111
13000
1004230
3011302
103114
13003
2200300
3101410
2200303
1340101
2102002
3011320
3003130
1340110
2102011
3003121
2102014
2020033
103141
13030
13033
3003100
3003103
3101401
1004302
2020114
2020111
1004311
2102020
2102023
2200330
2110222
1004320
2102032
2020141
103222
13111
2143000
2102041
13114
1340200
2102113
2102122
2102131
13141
2110330
2102140
2020222
3011401
1414000
3003211
2012023
2012020
3003202
2012014
1004410
2102101
2012011
2102104
3003220
1201003
2200411
1201000
3421000
2110300
2012002
1004401
2102110
2110303
3011410
3003310
103300
103303
3003301
3331000
4101040
1201030
2012041
2102200
4101031
1201033
2102203
431002
2012032
4101022
103330
431011
13222
431020
4101013
4101010
4101004
4101001
4011004
4011001
2012122
1201111
4101112
1201114
1111000
1111003
2012113
2012110
2020303
4101103
2020300
4101100
2012104
2012101
300004
2102212
300001
1111030
1201141
300013
1111033
2110411
2102221
300010
103411
300022
2012140
2020330
1324000
13300
2102230
13303
431101
300031
2012131
431110
300034
2102311
300040
341002
300043
3200032
2102320
13330
341011
3241000
3200041
341020
4011040
2012221
3200020
2020411
3003400
3200023
4011031
2012212
3200002
4011022
4101130
2012203
2012200
4011013
3200011
3200014
2102302
4101121
4011010
300100
3200113
1234000
300103
1021003
4011130
1021000
3200122
4011121
3110014
3110011
300112
1201222
3200101
4011112
1111111
3200104
300124
2012230
4101220
1111114
3110002
300121
3200110
4011100
300133
4011103
13411
4101211
431200
300130
1021033
341101
1021030
300142
4101202
341110
1111141
4101310
4003000
1201303
4003003
1201300
2012311
1103002
4101301
2012302
1201330
2102401
1111222
3110023
1103032
2102410
3110020
300202
300214
3200131
1103011
1021114
3110041
1103014
300211
300220
1021111
300223
3200140
1103020
2012320
3110032
1103023
3020014
3020011
3110122
3020002
333001
300232
3110113
1144000
1103041
3110140
2422000
341200
300241
3200230
333010
3020023
3020020
1021141
3110131
3200212
2012410
4011220
4003030
3200221
1103101
2012401
3110110
4011211
3110104
3200200
3110101
3200203
4011202
1103122
1013002
3200311
300301
1103131
202003
1013023
1103104
1201411
300310
4011310
202000
1013020
3110203
300304
1111300
1103110
3110200
1111303
4011301
1013014
1103113
4003111
1013011
300313
3200302
4101400
300322
3020041
1013032
333100
1021222
202030
3020032
300331
300340
30001
202033
1111330
30004
1103140
30010
30013
1013041
3020140
2332000
30022
3020131
30031
30034
30040
30043
3020110
3110221
1013101
1111411
1103221
3020104
3020101
3110212
1103230
3200320
1103200
1103203
3020122
300400
1013113
300403
300412
1021303
3110230
1013110
1021300
202111
1103212
3020113
1013104
202114
300421
112000
112003
1013131
3020203
3020200
3110311
300430
2201002
1013122
2201011
3020221
30100
30103
2201014
3020212
1013140
1021330
2201020
202141
2201023
3110320
112030
30112
112033
3200401
30121
3200410
30124
3110302
30130
4011400
30133
30142
1103320
1431001
1013212
1103302
4003300
1013203
1013200
1103311
1013230
3020230
2201032
1013221
1021411
202222
112111
22000
2201041
2242000
22003
112114
1431010
30202
30211
2111011
2201122
30214
2111014
2201131
30220
112141
2111020
3020320
22030
30223
2111023
22033
2201140
30232
2111032
3020302
30241
1103410
3110410
1431100
2201101
1300030
3110401
1300003
1013311
2201104
1300000
2201110
2201113
3020311
1013302
1103401
2111002
202303
202300
104002
3430000
1341010
1013320
104011
3004000
3004003
104014
2201200
1300033
2201203
3004030
3020410
104020
104023
202330
1341001
30301
2111101
2201212
3020401
22111
112222
30304
104032
2111041
22114
30310
104041
30313
30322
30331
22141
1300114
1210003
2021023
1210000
2021020
4110013
4110010
30340
2111140
2021014
4110004
1423000
2021011
4110001
2021002
1013401
1300111
2111104
1210033
104101
2201221
2111110
202411
104104
2111113
112300
1013410
112303
104110
2201230
2021041
104113
14002
2111122
2021032
1341100
104122
14011
2111131
1210030
1300141
14014
30400
2111200
104131
30403
2111203
440002
14020
14023
2201320
112330
30412
2111212
440011
104140
22222
14032
3340000
440020
30421
2111221
14041
30430
2111230
3004111
4110040
2021113
2021110
1300222
1210111
2021104
4110031
2021101
2201302
4110022
2201311
104200
104203
2021140
4110130
1210141
1120030
1210114
1120000
1120003
104212
14101
2021131
4110121
14104
2201401
112411
1333000
22300
104221
2021122
4110112
14110
22303
14113
440101
104230
440110
4110103
4110100
14122
1120033
14131
22330
14140
1202002
2021212
4110202
1202011
1202014
4102003
2021203
4102000
2021200
1300303
1300300
1202032
1120114
2201410
2111302
1243000
1202041
104302
2111311
2021230
1202023
104311
1202020
14200
2111320
1300330
14203
2021221
1030003
1210222
1120111
1030000
1030030
104320
14212
2111401
22411
14221
440200
2111410
14230
1120141
1030033
3004300
2021311
1202101
1300411
2021302
1202104
1202110
1210303
1210300
4102030
4110220
4110211
1202131
4012030
1112020
1112023
1210330
301000
1202140
301003
1120222
1030111
104401
1112002
1202113
2021320
4110310
1202122
104410
1112011
4012000
4012003
14302
1112014
4102111
301030
4110301
14311
1030114
301033
14320
1112032
1030141
1112041
2021401
1202203
1202200
1112113
1202230
1112122
1022014
301111
1022011
1112101
1202212
211003
1112104
1210411
211000
2021410
2431000
1120300
1022002
301114
1120303
1112110
1202221
2300002
1030222
14401
424000
2300011
1022023
14410
1022020
2300014
301141
1112131
2300023
211030
1022041
2300020
211033
1120330
1112140
1022032
1202302
4012111
4110400
1202320
1112212
1104022
4004020
1120411
1112221
1104031
1030303
1104001
1022110
1030300
1104004
1202311
4004011
1022104
1112200
1104010
1022101
1112203
1104013
4004002
4102300
301222
2300032
211111
1022122
211114
121000
2300041
121003
2341000
1022113
1022140
1030330
334000
1112230
1104040
1022131
2300131
2210020
211141
2210023
121030
121033
2300140
2210032
2210041
1104112
2300101
1112311
1104121
2300104
2300110
301300
2300113
1014013
301303
1202401
2210002
1104100
1022203
1014010
1104103
1022200
1202410
2300122
203002
2210011
1014004
1112302
1014001
2210014
203011
1014031
1022221
1030411
203014
2300203
1014022
2300200
1022212
203023
203020
1112320
1104130
1440001
2210101
211222
301330
121111
2300212
1014040
31000
3103030
1022230
2210104
203032
31003
121114
2300221
1440010
2210110
203041
244000
4012300
4004110
3103003
121141
31030
3103000
4004101
31033
2120032
1112401
1104211
2120041
1112410
1104220
1022302
4004200
1014103
1104202
1014100
203101
2210113
2120002
203104
211303
2300230
203110
1014121
301411
211300
1022311
203113
113002
2120011
2210122
2120014
1014112
1440100
203122
113011
2210131
2120020
113014
2120023
203131
1014130
113020
2210140
113023
1022320
211330
2300320
2120101
2210212
203140
31111
121222
2202022
2120104
113032
31114
3013030
2210221
2202031
2120110
113041
2120113
2210230
2202040
2120122
2030014
3013000
2030011
31141
3013003
1104310
3103111
2030002
2300302
2202001
2300311
1014202
2202004
2210200
2210203
2202010
2202013
1104301
203203
203200
1014220
1022410
2030041
1014211
113101
2030032
1022401
203212
211411
113104
2300401
1432000
121300
2202100
203221
121303
2202103
113110
113113
2300410
2030023
3013111
2030020
23002
203230
2210302
23011
113122
2120131
23014
113131
23020
2120140
23023
121330
113140
31222
23032
2030110
1301011
1104400
23041
1301014
4201030
2030104
2120230
2112040
2030101
1301023
1301020
1014301
1301002
2202112
2112001
2030140
1301041
1342000
2112004
203302
2210311
2120200
2202121
1014310
2112010
2120203
203311
2030131
2112013
113200
2210320
113203
2202130
2030122
2120212
2112022
203320
1301032
23101
113212
2120221
2030113
2112031
23104
2210401
121411
2202211
31300
113221
2112100
23110
31303
2112103
23113
2210410
2202220
2120302
113230
2112112
23122
2120311
2112121
23131
31330
1301104
2022013
23140
2022010
2030203
1301110
2030200
4201000
1211002
1301113
2022004
3103300
4201003
2022001
2202202
1301101
3300022
400003
400000
2022040
1301140
4111030
2030230
203401
1211032
3300031
1014400
203410
1301122
1211011
2022031
3300001
2030221
1211014
3300004
113302
3300010
400030
1301131
2022022
3013300
2030212
2202301
1211023
1211020
113311
3300013
23200
2120320
2112130
23203
4111003
4111000
400033
113320
23212
1211041
31411
23221
23230
2030302
1301203
1301200
2022103
2022100
1301212
1211101
4201111
2104000
1211122
1121011
2104003
1121014
2202310
400111
1211131
2112202
2022130
1121020
2030320
1121023
2120401
1211104
2112211
400114
310000
1211110
1301221
310003
2022121
113401
2030311
3300040
2120410
1211113
1121002
2112220
1301230
2104030
2022112
1121041
2202400
113410
23302
310030
400141
2112301
2104111
23311
3300130
4201300
310033
1211140
2112310
23320
1121032
4021030
3300112
2022202
1301302
3300121
1301311
2014003
2014000
3300103
4021000
3300100
4021003
4111111
3300211
1121104
1211221
1121110
1121113
4021111
1211230
3300220
2014030
1211203
4103020
1211200
2022220
2030410
1031002
3300202
400222
310111
1301320
1121101
4103011
2022211
1211212
2030401
220003
1031023
220000
1031020
4103002
2440000
1121140
310114
23401
1031014
1031011
433000
23410
1121122
1031032
310141
1121131
220030
2014111
220033
4103101
2022301
1301401
1031041
1121200
1121203
1113010
1113013
400303
400300
1211320
1121212
1113022
2112400
1301410
1031101
1211302
302002
2022310
1113001
302014
1113004
1211311
302011
302020
1113040
302023
1031113
1031110
310222
2104300
400330
220111
1031104
130000
220114
130003
3030013
3030010
302032
1031131
1121221
1113031
3030004
343000
302041
1031122
3202030
3030001
1121230
3202000
4013020
3202003
3300310
1031140
4013011
220141
130030
130033
4013002
4103110
4111300
3300301
1211410
3300400
1121302
1113112
4021300
4013110
1121311
3202111
4013101
302101
310300
302110
310303
1211401
302104
1113100
400411
4103200
2022400
1113103
3030031
1031212
302113
3030022
1031203
302122
1031200
1031230
1113121
3030040
302131
302140
1121320
1031221
1113130
220222
310330
130111
40000
2014300
130114
40003
3030121
3030112
3030130
130141
40030
40033
1113202
1121401
1113211
3112003
3112000
3112030
3030103
3030100
302200
302203
3112111
302212
1031311
302221
1031302
220303
220300
310411
302230
1121410
3030202
1113220
1031320
2211001
3022003
2211004
3022000
4300000
4300003
220330
4013200
130222
40111
40114
4300030
1400020
2211040
1400023
1113301
3202300
40141
1113310
1400002
302302
1400014
1400011
3022030
3030220
302311
2211010
2211013
1031401
3030211
2211022
302320
1400032
2211031
220411
1400041
1441000
130300
1031410
130303
32002
3030310
2211112
2121001
32011
2121004
4300111
32014
4210000
2211121
2121010
4210003
32020
2121013
32023
130330
2211130
40222
2121022
32032
1310002
3104011
1400113
1310011
1113400
32041
3104002
1310014
4210030
1400122
1400101
3022111
3030301
3104020
1400110
1400104
2211100
2211103
3104110
3112300
1310032
302401
3104101
1310041
302410
1310023
3014011
1400131
1310020
2203000
1400140
2203003
3014002
32101
2121031
32104
130411
40300
32110
40303
2121040
32113
32122
1400212
2121121
32131
1310101
1400221
40330
2121130
1310104
32140
1310110
1400200
1400203
1310131
2211202
1220023
1220020
3014020
2211211
2121100
3030400
1310140
2121103
1220002
1310113
1400230
2211220
2203030
2121112
1310122
1220011
1220014
2211301
2203111
2113000
32200
2113003
32203
2211310
2121202
1220032
32212
40411
2121211
1220041
32221
4120030
1400311
32230
3104200
1310203
1310200
3022300
3014110
3014101
1400302
4120003
4120000
4210111
1130002
1220113
1310230
1220122
1130011
4030000
4030003
1130014
4120111
3014200
1400320
1310212
1220101
1220104
1220110
1310221
1130032
2121220
2113030
1130041
32302
1220131
4202101
1130020
1130023
32311
4210300
4202110
1220140
32320
1400401
2023003
2023000
4300300
1310302
1400410
4202002
4202011
1310320
4202020
1130101
1220212
2023030
1130104
2211400
401002
1130110
1220221
401014
4030030
1310311
401011
2121301
2113111
401023
1220203
401020
1220200
2121310
1040014
1130131
1040011
2203300
1130140
1040002
401032
1130113
32401
3301030
1220230
442000
401041
4202200
1040023
2121400
32410
1040020
1130122
4030111
1040041
4112020
1040032
4112011
3301003
3301000
4112002
3301111
1220311
4022011
3211000
1130200
1130203
3211003
401101
4022002
4112110
401110
4120300
1310401
401104
2023111
1310410
4112101
1220302
311002
401113
1040110
311014
401122
311011
1130230
1040104
311020
1040101
311023
401131
401140
1220320
1040122
1130212
311032
1130221
1040113
1040140
311041
1040131
1220401
3211030
1220410
1204030
1130302
1204003
1204000
2113300
401203
401200
4022020
311101
401212
1130320
311110
401221
3121003
311104
1040203
3121000
1040200
401230
311113
1040221
311122
1130311
3211111
1040212
311131
311140
4030300
4022110
4022101
1040230
4104010
4112200
4104001
1114000
1114003
4022200
3301300
4014010
3203002
4014001
401302
303004
401311
2023300
4104100
303001
1204111
303013
1040302
311200
303010
311203
311212
3121030
303022
401320
1130401
311221
303031
1040311
311230
1130410
131002
1114030
2220001
131011
303040
2220004
131014
2220010
2220013
131020
131023
1040320
2220022
3031030
131032
2220031
131041
1114111
3203011
3031003
3031000
3121111
303100
303103
3203020
401401
