10240
102400
4102
1110040
1202200
13
1024000
4111
2302000
221200
2101300
1110022
22
4120
4010020
31
2003002
41002
4010002
100402
301111
211003
2104
1321000
10300
41020
1022002
1120300
10303
2300002
1200211
2113
100420
211012
10312
2122
1022020
3111010
1200220
211021
10321
2003020
2131
2011210
211030
4100200
2300020
1200202
10330
2140
2011201
2001022
2220100
103
4201
1020004
1110112
12400
112
2001004
4210
3111001
1020022
1110121
121
124
2212000
131200
130
133
1020040
1231000
2001040
142
1030300
3111100
1112200
2200
2203
211102
1102000
10402
1102003
2212
420001
121000
1110202
121003
420010
1102012
2221
211120
10420
121012
2230
2011300
121021
2210020
2001112
121030
202
1110211
2040010
1102021
1020121
214
1110220
220
1102030
2040001
1020112
223
4010200
4002010
232
33001
4002001
301300
41200
241
33010
2210002
1022200
203002
2302
2001121
1200400
420100
211201
1102102
2311
4002100
211210
2300200
1102111
203020
121102
2320
330001
121111
31000
1141000
31003
2003200
330010
121120
1012012
1020202
2001211
4000021
1012003
2001202
301
1012000
201004
2122000
1012030
4000012
1020220
31030
310
3103000
1102120
313
1012021
2040100
1020211
201022
322
4000120
331
33100
4000111
201040
2001220
4000102
2401
2120002
3101002
412000
211300
1102201
2410
113002
121201
330100
3101020
2120020
121210
113020
1012111
1221010
3310000
240001
31111
1012102
240010
1110400
1102210
410002
3011002
1012120
201112
1221001
412
111004
2032000
410020
201121
3013000
421
2030002
111022
2202001
2210200
2202010
111040
203200
1303000
1102300
322000
121300
2202100
2030020
23002
2200000
3011020
2200003
2001400
1012201
240100
23020
1004002
2200012
4000210
201202
2200021
4000201
201211
1004020
1012210
1221100
2200030
1020400
320002
201220
2200102
111112
21004
2200111
1301020
320020
111121
3220000
2110003
1301002
2200120
1002004
2110012
21022
2112001
2120200
1002022
2112010
21040
113200
1002040
3101200
1012300
232000
31300
2112100
1000003
1000030
3003001
1000024
402001
103000
1213000
103003
402010
410200
111202
2022010
1000042
2110021
2030200
1211002
4201000
111211
1000033
2110030
2022001
230002
111220
103030
21112
21121
3001000
1002121
3001003
230020
2110120
400012
1002112
3300001
400021
3300010
1211020
2020030
23200
1004200
2200201
1123000
2020021
3011200
3003010
142000
402100
2020012
2200210
1000123
2110102
201400
2020003
2020000
3130000
1301200
103111
13000
2022100
1000132
13003
320200
2401000
2200300
2102002
21202
1002202
2110201
21211
2104000
140002
400102
1002220
21220
13030
400111
3001030
1002211
1121020
3003100
310000
1420000
140020
310003
1121002
400120
1000204
2100004
2020120
310030
2020111
1000222
2100022
2020102
1000213
2110210
2102020
1033000
1000231
111400
2014000
222001
4021000
3300100
13111
222010
3001111
230200
1000240
1330000
400201
1211200
400210
1031002
310111
1000303
220003
1031020
1000300
220000
1201012
2100040
2012020
2020210
220012
1201021
220021
1000312
2020201
1201003
1201000
2311000
2012002
2110300
220030
1000330
103300
2010004
1000321
1201030
222100
2102200
21400
1121200
2010040
140200
1002400
2100112
302002
2010022
2100121
3001
302020
3010
1201111
220102
3013
2100202
1111003
220111
3022
130000
1240000
2020300
130003
2100211
3030010
3031
220120
2100220
1201102
1000402
3030001
3202000
300001
1111030
2221000
300013
1000420
1003
300010
130030
300022
1201120
214000
13300
3001300
300031
1024
1030
1033
42001
1042
2010121
2131000
310300
42010
3100
2010112
3103
212002
1201201
3200020
3112
1201210
220201
1031200
3121
220210
3200002
2004010
2012200
212020
3130
130111
2004001
300100
2002012
300103
1021003
2010202
1021000
40012
2002003
2002000
1021021
300112
40021
210004
1021012
3110002
300121
124000
1123
210022
300130
1021030
1132
3112000
2002030
2010220
42100
3030100
210040
2002021
302200
2010211
3202
1402000
1201300
2000023
1103002
2000020
3211
421000
220300
2100400
2000014
122002
3220
2211001
2004100
2000002
3022000
2002111
1021102
122020
40102
2002102
3110020
300202
40111
1204
2041000
300211
2000041
1021111
300220
40120
1103020
1213
2000032
1400020
4001020
210112
120004
1222
210121
3020002
1101022
1231
1021120
2002120
1400002
120022
4001002
1240
3020020
1101004
1101040
204001
2211010
2000122
3301
120040
204010
212200
3310
2000113
2000104
3200200
130300
331000
32002
1013002
2002201
2121001
300301
40201
202003
4210000
2000140
2121010
300310
40210
1013020
202000
1312000
1111300
32020
1300
1021210
3110200
1303
210202
2000131
1021201
202012
210211
1312
1310002
202021
1101112
1321
202030
210220
120112
30001
1330
1011004
120121
30010
2002210
2211100
30013
2010400
1011022
200002
2000221
30022
204100
2000212
3100003
200014
3100000
30031
1101121
3100030
200023
2000203
2000200
1310020
200020
2203000
122200
1222000
2002300
200032
200041
241000
1011040
1103200
202102
2000230
1402
1021300
202111
112000
1101202
112003
3020200
2201002
1101211
120202
202120
1420
4001200
112012
120211
30100
112021
30103
1400200
2201020
120220
112030
30112
1220020
1011112
2000311
30121
200104
2121100
1220002
2000302
200113
30130
1101220
200122
1011121
200131
24001
3010030
2113000
32200
24010
200140
202201
2000320
1013200
3100111
202210
210400
112102
1310200
112111
22000
1132000
22003
1003003
1003000
112120
30202
22012
3010000
4120000
3010003
4200001
1130002
30211
1011211
2000410
22021
200203
4200010
200200
2111020
30220
1011202
22030
2000401
3010111
200212
1003030
1011220
200221
20002
24100
200230
1300030
20014
1300003
1300000
2410000
20020
1130020
20023
2111002
202300
20032
104002
2023000
1101400
112201
20041
2201200
120400
112210
104020
22102
30301
1042000
22111
30310
1003111
22120
401002
200302
1212001
200311
102004
1212010
1220200
401020
1210003
1210000
2021020
200320
102022
20104
3002020
1040002
1210012
20113
2021002
102040
20122
1040020
1300111
100003
2320000
3100300
20131
313000
20140
112300
14002
1210021
100024
22201
3301000
1210030
3002002
100030
2111200
100033
1122001
22210
14020
1011400
3211000
1130200
100042
1122010
3010300
2230000
200401
1212100
200410
311002
3000013
102112
12004
4200100
1210102
3000010
102121
311020
20200
20203
3000001
1210111
3000031
20212
12022
3000022
20221
1120021
2101030
20230
12040
104200
3000100
3000103
1120030
1120000
1120003
10003
3000121
4020010
100123
1210120
223000
22300
4020001
3000112
1120012
100132
1122100
2400001
10024
1003300
2101003
10030
2400010
10033
1204000
2101012
401200
10042
102202
2101021
1202002
2140000
2400100
102211
1040200
3121000
221002
1210201
102220
2021200
4102000
20302
2101102
12112
20311
12121
1300300
221020
20320
2011003
1120120
100204
3000130
1210210
100213
3002200
1202020
1120102
14200
1030003
1120111
1030000
100222
1114000
1030030
1200022
100231
2011030
4100020
133000
10123
100240
2011021
10132
1200004
2011012
4100002
303001
2101120
311200
303010
3000202
12202
4012
1411000
1210300
3000220
20401
12211
4021
4020100
1200040
20410
131002
12220
3000211
2011102
2220001
3000301
1120210
1112020
2220010
301000
131020
100300
100303
301003
1030111
1112002
2002
1120201
100312
3000310
10204
4012000
2014
100321
1200112
301030
1110004
2020
10213
2023
1200121
100330
10222
2011120
2032
2101201
3031000
10231
303100
2041
2101210
