1032
213000
12300
12
302100
21
1023000
1110030
3102
1201200
3111
2003001
220200
3120
3200001
2100
1030200
2103
211002
3200010
10302
2112
300102
2300001
1021002
2121
2300010
300111
2002002
211020
210003
10320
2130
1021020
210000
1320000
3200100
300120
2003010
2011200
1122
102
2301000
1020003
2100300
210030
1020000
2130000
1020030
2001003
2001000
120
123000
2002020
123
2000031
3201
2003100
132
2000022
3210
2000013
301200
2000010
2001030
2211000
130200
2202
2000001
1230000
1102002
2010300
2211
121002
2220
300201
1111200
1200
1203
300210
210111
1212
121020
1200300
1020111
120000
120003
3020010
1221
2001111
201
1230
3020001
210
1102020
213
1101003
222
120030
3021000
2300100
2000121
231
2000112
1101030
2000103
2000100
203001
2301
203010
32001
211200
2002200
2310
2121000
32010
1311000
1110300
202002
1302
31002
2000130
1021200
3102000
202020
201003
1320
201000
31020
1012002
120111
1011003
312
1012020
30012
321
2000220
200001
201030
30021
200010
3100002
2000211
200013
2000202
200022
1011030
3100020
200031
203100
32100
1102200
3020100
121200
210300
1020300
112002
2031000
2001300
3012000
201111
112020
30102
1221000
111003
30111
200103
2030010
200100
30120
2000310
2030001
2202000
200112
2000301
111030
200121
200130
3010020
23001
202200
31200
23010
1302000
2200002
1101300
1012200
1131000
321000
120300
22002
2200020
1003002
30201
3010002
2111010
30210
1003020
22020
320001
3100200
21000
200202
2030100
21003
320010
200211
2110002
1002003
1002000
200220
2112000
1002030
20001
21030
1300020
20010
20013
1300002
20022
2111001
23100
20031
112200
1000002
201300
1000023
1000020
103002
231000
2111100
320100
2110020
1011300
103020
2022000
200301
1000032
1002111
102000
1212000
102003
230001
200310
21111
230010
1210002
20100
3001002
20103
102030
20112
3001020
20121
20130
100002
2200200
2020020
1000122
100020
3010200
1210020
100023
3002010
22200
2020002
3002001
1122000
100032
312000
111300
13002
1003200
230100
2110200
3002100
13020
102111
12000
3000012
12003
20202
20211
310002
2103000
3000021
1300200
20220
12030
2100000
310020
3000111
2100003
1000203
1120020
1000200
3000102
1000221
10002
1120002
3000120
1000212
100122
2100030
3210000
103200
10020
10023
1000230
1203000
2101002
10032
1002300
222000
21300
2101020
1210200
20301
1032000
12111
2310000
2013000
20310
3001200
1000302
220002
2011002
100200
100203
1201020
100212
2020200
220020
1201002
100221
1030002
100230
10122
1030020
1200030
2010003
2010000
1000320
13200
1200003
1200000
2011020
102300
132000
3000201
2100111
3120000
2010030
302001
1113000
310200
302010
3000210
2220000
3012
1111002
3021
301002
100302
2001
130002
10200
3201000
301020
1120200
2010
10203
2013
100320
2010111
1110003
10212
130020
2022
300012
1002
10221
2031
2101200
300021
10230
1111020
1020
1200111
1023
