1
311302
4
3113002
10
311311
1114141
13
4014130
3113023
3113020
1114114
4014121
3211300
3211303
311314
22
1212421
3113014
3113011
311320
1212430
4014112
311323
131101
31
344101
311332
131104
34
4112410
131110
40
311341
4014100
4014103
344110
131113
43
4112401
131122
131131
131134
2343010
131143
131140
4014202
3031141
3031114
100
3113032
4440100
103
311404
3031111
311401
112
311413
3211330
311410
121
311422
2343001
124
3113041
1114222
2212000
131203
2212003
131200
130
311431
3113131
133
3113122
344200
131212
142
311440
131221
3031222
131224
3113140
131230
2212030
2343100
3211411
3113101
131233
131242
1114300
1114303
4014220
4342000
3113113
3113110
4014211
3113104
1442002
202
1114330
1442011
3113212
211
214
4014310
3113203
220
3113200
223
2212033
4014301
131302
232
33001
33004
131311
131314
241
1442020
33010
244
33013
131323
131320
33022
4211011
4211014
131332
33031
1311004
33034
3031330
4211020
2212141
1311001
4211023
131341
33040
33043
4211032
3113230
4211041
1442101
1311031
1442110
3031303
3031300
3113221
301
2212111
1311034
304
1311013
2212114
310
1311010
313
1114411
1311022
322
3441010
3113320
131401
331
33100
131404
334
33103
131410
340
1311040
131413
343
1311043
33112
131422
3031411
3441001
2212222
33121
33124
131431
1311100
33130
1311103
33133
3113311
131440
33142
3113302
4211002
4014400
1311124
3310003
2032030
3310000
4211140
1311121
1311133
1442200
1311130
400
403
410002
3113401
2032003
412
1311112
2032000
410023
410020
421
424
430
433
33202
1311142
410032
442
33211
2032033
33214
2114020
33220
2114023
33223
2212330
2114032
33232
2114041
33241
4211101
4211104
1311220
3310033
1311223
4211110
1131001
4211113
2032114
3113410
2212300
1131004
2212303
2032111
2114002
4211122
1311202
3441100
1311214
2114011
4211131
3310030
2114014
1311211
4031032
1131031
410113
1131034
3310141
3310114
410134
4031020
2032141
4031023
1131010
1311232
1131013
2114101
33301
410131
1344001
2114104
33304
410143
2212411
4031014
1311241
2114110
4031011
33310
1344010
1131022
33313
4211302
4031002
33322
3310111
4211311
1131040
1131043
33331
4211320
33340
4211200
4031101
4113022
2032222
4211203
1311313
4113013
1000003
4211212
4113010
1131100
1311322
1131103
1000000
1000030
1311301
4113004
4211221
4113001
1213003
1213000
1311310
1311304
410203
4211230
410200
1131121
2114113
1131124
2114122
1131130
1131133
1000033
1344100
410230
230002
2114131
1213030
410224
1311331
230011
1311340
33400
1131112
1213033
33403
2114140
4031041
443002
230014
410233
3130030
2114212
230023
33412
410242
443011
230020
4211401
443020
2114221
33421
4211410
230032
2114230
33430
1131142
4031140
230041
3130033
230044
1000111
1311412
1213111
4031131
1213114
1311421
3343000
4113040
4031122
2032303
2032300
4031113
2114200
410302
4113031
2114203
4031110
3310222
3130003
1311400
1000114
4031104
3130000
1311403
410311
1000141
4031230
3212020
1131220
3212023
1131223
1213141
3310330
4031221
410314
3130111
4031212
1311430
3212002
1131202
4113130
2032330
410323
230101
410320
3212011
1131211
410332
230104
443101
230110
4031200
2114302
4031203
1000144
3212014
1131214
4113121
443110
230113
410341
4113112
230122
3310303
3310300
230131
4113103
1131232
4113100
230134
1131241
230143
230140
2032411
4113211
4113202
1000222
1131313
1033003
1033000
2114311
1131322
410413
3130114
2114320
410422
3212032
3130141
1213222
1131301
2442001
3212041
230203
1131304
410431
230200
1131310
2442010
3130222
2114401
1033033
443200
230212
1033030
2114410
230221
2442100
3212131
1131331
230224
2311030
230230
2311033
230233
3212140
1131340
1000303
3212113
230242
1000300
1213303
4031320
1213300
3212122
4031311
3212101
2311003
3310411
3212104
4113220
2311000
4031302
3212110
1213330
1000333
1000330
3212212
1131412
3212221
1131421
4031410
3130303
3130300
4031401
1033114
1033111
3212200
1131400
3212203
1131403
230302
4113310
230311
230314
4113301
230323
4310002
230320
1131430
1033141
4310011
4310014
230332
1410004
1410001
2311141
230341
4113400
3032041
1410013
3032032
1410010
1000414
1000411
3032014
2311111
3032011
1410034
1000
2311114
4441000
1003
3032002
1410040
1410043
214003
1213411
1000444
214000
1410022
3130330
1000441
3212230
3032023
3032020
1410031
3032110
3114031
230401
3130411
3032104
1030
230404
1033222
230410
1033
3114022
3032101
214030
230413
3212320
214033
4310101
3032122
2311222
230422
3114040
2131000
4310104
2131003
230431
4310110
3032113
4310113
1410100
1410103
3212311
4310122
230440
4310131
3114013
3114010
3114004
4310140
3114001
3212302
3212401
1410133
4310020
4310023
1410130
3212410
1410142
4310032
1410112
1111
1033303
4310041
3114103
1410124
1114
1033300
3114100
214111
1410121
214114
3032140
2344000
3032131
1141
2131030
1144
2131033
1033330
214141
2311330
4310212
2131111
3032230
2000023
2213032
2131114
2000020
4310221
1410202
2000014
2213041
2000011
4310230
2000002
2311303
3032203
3032200
3114121
2311300
2213002
1410232
3114112
1443001
2000044
2213011
3032221
1410214
1410211
2000041
2213014
1410220
3032212
1410223
2213020
3114130
2000032
2213023
3032302
3114220
4130041
1222
1033411
2213101
3114211
214222
4130032
2311411
34000
2213104
34003
1410241
1443010
2213110
4130023
2213113
3032311
4130020
4130014
2000122
4130011
2131141
1410301
4130002
34030
2000113
2000110
34033
3114202
2000104
4310200
4310203
2000101
4130110
4130104
1410322
4212040
1312030
4130101
1443100
1410331
2000143
2000140
3114301
1410310
1312000
1300
1410304
1312003
1303
2000134
214303
1410313
2000131
214300
2213122
2213131
3032320
1410340
1330
1312033
1333
2213140
2131222
214330
34111
34114
2000221
2131300
2213221
2131303
2000212
2213230
2000203
2000200
34141
4310302
2033023
1410421
4212001
2033020
4130140
3442000
4212004
4310311
1312114
2033014
3114310
4212010
1410430
2033011
2000242
4130131
4212013
4310320
2213200
2213203
3032410
2033002
4130122
1410400
1410403
4212022
2000233
2000230
1410412
411004
1312111
2213212
2000224
4130113
3032401
4212031
411001
1411
411013
411010
1414
214411
411022
4130230
3311032
2033041
3114400
3311011
411031
4130221
3311014
2033032
2213302
1312141
4130212
411034
3311023
3311020
2213311
1441
2131330
2000314
4130203
1444
411043
411040
4130200
3311002
2000311
4212202
34222
2000302
4212211
4212220
4310401
4130302
4212100
2033113
2000344
4212103
2033110
1312222
2000341
4310410
3311101
2033104
4212112
2033101
2000332
411103
4212121
411100
2000323
2000320
4212130
2213320
2033140
411112
1132030
1132000
1132003
411124
3311041
2131411
2033131
411121
411133
34300
411130
2033122
34303
411142
2000413
2213410
2000410
2410030
2000404
4212301
2000401
1132033
2410033
3311140
4212310
34330
3311122
1214002
2033212
2000443
1001002
2000440
3311131
1214011
2033203
2000434
1214014
2033200
4130320
1001023
2000431
3311104
1001020
2410000
3311110
2410003
2000422
1312300
4130311
2213401
3311113
1312303
1214032
1132114
411202
3311221
1001032
411214
1214041
3311230
411211
4114030
3311203
2033230
411223
3311200
411220
3131002
1214023
4130410
1214020
2033221
2410111
3311212
1312330
4130401
1132111
411232
444001
34411
444010
4114003
4114000
411241
1132141
2033311
4114111
1214101
2033302
1214104
1214110
3131041
1312411
1001113
3131023
100000
1214131
1001134
100003
3131020
411301
1001131
2410114
411310
3131014
3131011
313000
1214140
411304
313003
1132222
1214113
2033320
3131032
411313
1214122
1001143
2410141
411322
100030
100033
3213040
313030
444100
411331
3000040
3131113
3000043
3131110
2410222
411340
313033
3131104
3000034
2230003
2230000
3131131
3213031
2443000
3131122
3000013
3213010
3213013
2033401
3000010
1214203
3000004
3311320
1214200
3000001
3213022
4212400
3131101
3000031
3311302
3213001
3000022
1001203
3311311
3213004
1001200
3311410
1001230
1214230
1001224
3000100
3213112
3000103
411403
100111
411400
1034014
3000124
411412
313111
100114
1034011
3000121
1001242
1214212
2410300
2410303
3311401
411421
2033410
1132300
1034002
3213100
3000112
313114
1132303
1001233
3213103
1214221
411430
1034023
3131140
1034020
2230030
100141
313141
100144
2230033
1034041
1132330
1034032
2230114
4114300
2312032
2312041
1214302
1001311
1001302
2230141
2312002
1214320
3131212
3000142
1001323
1001320
2312011
3000133
1132411
3131203
2312014
1001314
3131200
3000130
3213121
3131230
1034110
1001341
2312023
1214311
2312020
1034104
3131221
1034101
3213130
1001332
2230111
2410330
100222
3131311
313222
3033004
1034122
3000232
2312101
3033001
3131302
133003
133000
2312104
2312110
1034113
2410411
1001344
3033022
2312113
1034140
3213220
3131320
4311001
2312122
3000244
3033013
1034131
3000241
3033010
4311004
3213202
4311010
133030
4311013
3000202
3213211
133033
1411000
1411003
4311022
3000220
3000223
4311031
3000214
3000211
3000301
1001422
1411030
3213301
1001413
1411033
100300
100303
3213310
313300
2002
313303
1214401
1034203
3000313
1001434
1034200
1214410
1001431
2011
3000310
3000304
2014
2312131
1034221
2020
2023
3033031
100330
1034212
2230222
100333
1001443
2312140
2032
133111
313330
133114
1034230
2041
2044
3033040
2132002
3033130
2312230
4311112
2132011
2132014
3033121
4311121
2132020
133141
2132023
2230330
4311130
3033103
3033100
3000334
3131401
3000331
2312203
2312200
3000322
1034302
1411111
2101
3033112
2312212
2104
3000340
100411
3000343
2230303
3131410
2230300
2312221
2110
1411114
100414
2113
4311040
3000430
3410032
3000424
313411
1034311
3000421
2122
3410041
2312302
3410020
1411141
2214001
3410023
2131
2312311
3033211
2214004
2134
3000442
100441
2214010
2140
3033202
3000433
2214013
100444
1034320
2143
2132032
133222
3410002
2132041
3213400
3410014
3410011
3000412
4311100
3000400
4311103
3000403
3410101
1411222
2132131
4131004
4131001
1231003
3410110
1231000
3410104
2132140
2200
2203
2312320
1231030
2212
1034410
2132101
2214022
2132104
2230411
3033220
1231033
2221
1034401
2132110
2214031
2224
2132113
133303
1444000
133300
2230
2233
2214040
2132122
2214112
2242
2132200
2214121
2132203
133330
2214130
2132212
2132221
4131040
1313014
4311202
1100020
3410131
1313011
1100023
3410140
1313020
4131031
4311211
1313023
3033310
1411300
4131022
1411303
2312401
1100002
3410113
4311220
2214100
2214103
2312410
4131013
3033301
4131010
3410122
1313002
2302
3410230
3230002
1313041
4131130
2311
3230011
2314
4131121
3230014
3410212
2320
1100032
330004
2323
330001
1231111
3033400
1411330
4131112
1231114
330013
3410221
2214202
4000033
1313032
2332
330010
4131103
133411
4000030
4131100
330022
2341
2132230
2344
4311400
330031
3410200
3410203
4213111
1231141
330034
4000000
330040
4000003
330043
2132320
1100113
1313110
1313104
4311301
1411411
4213000
3410302
4213003
1313113
4000114
4311310
4000111
1313101
1313140
3230032
2401
2214211
1231222
2404
412003
4213030
412000
3230041
2410
2413
2214220
2132302
330100
330103
1100131
3230020
3230023
1313122
2422
1100134
2132311
412030
1313131
2431
1100143
3230131
2434
330112
412033
2214310
2440
330124
2443
330121
3230140
3230113
330133
2132401
330130
2132410
3312040
3230122
330142
3410320
3230101
1313200
3312022
1313203
1313212
3230104
4131220
4000144
3312031
3230110
4000141
3410311
3312001
4131211
3312004
1100200
3312010
1100203
2214301
4131202
3312013
1133011
1100242
3312112
1133014
3230200
412111
3230203
3312121
1133020
1133023
1100224
1313221
4131310
412114
4033000
3410401
1231303
3312103
4033003
1231300
1100230
3312100
1100233
1313230
4131301
1133002
3410410
2411002
330202
1133041
4000222
330214
330211
330220
330223
412141
1231330
1133032
330232
1313302
330241
2411041
1100311
1100314
1313311
4000300
4000303
1100302
1231411
1133104
2214400
2411014
1100341
2411011
3230230
1133110
2411020
1133113
1100344
2411023
3312130
1100320
1100323
3230212
412222
330301
4033030
2411032
3230221
1313320
1133101
1100332
232003
3230320
2411110
3132013
232000
330310
2411104
1133140
330304
3132010
3132004
330313
2411113
3132001
3132031
1133122
2411122
3230311
330322
3132022
1133131
232030
330331
2411131
330340
3312211
232033
4033111
1313401
1100413
3312220
3230302
4000333
4213300
4000330
4131400
3312202
2411101
3214000
1133200
3214003
1133203
1100434
4000441
3312310
3001000
3001003
412303
412300
1100443
101002
1133212
1313410
314002
1100422
314014
101020
101023
314011
3312301
1100431
2411140
314020
4000414
314023
330400
4000411
330403
3132040
330412
101032
232111
412330
330421
232114
314032
1133221
4410103
4410100
330430
314041
1133230
2231011
2231014
2231023
3132130
232141
2231020
4410001
4410004
4410010
2231032
4410013
2411200
3001033
4410022
2411203
1133302
2411212
3132103
3001030
3132100
4410031
1133311
3230401
2411221
314101
3132121
2231002
101113
2411230
314110
3230410
4410040
314104
412411
3214030
3132112
2411302
314113
3132202
101131
2313001
2411311
314122
101134
2313004
2313010
3132220
3001144
2313013
101143
314131
3001141
314140
1133320
4410202
2411320
3132211
232222
2313022
2231101
4410211
3312400
2231041
4033300
3214111
4410220
3001114
3001111
4410112
1330000
2231140
1330003
1133401
4410121
4410130
101200
101203
314200
314203
314212
2231104
2231110
2313031
1330033
314221
101224
2231113
232303
232300
101230
134002
2231122
101233
314230
1133410
2313040
134011
2231131
1330030
101242
134014
3034030
4312000
2231203
4312003
2231200
2313121
134023
4410310
134020
232330
2313130
2231212
134032
2231221
134041
2231230
4312030
1412020
1412023
3132301
1330111
3001222
2313103
2411401
2313100
2411410
1412002
101302
3132310
3001
314302
1412014
2313112
3004
3034003
3034000
1412011
101311
3010
314311
101314
3013
1330141
101320
101323
3022
3034111
2313202
314320
1412032
101332
1330114
134101
3031
3001333
232411
2313211
134104
3034
1412041
134110
101341
3001330
3132400
3040
101344
134113
3043
134122
3214300
134131
3001300
3001303
134140
4410301
1412113
2133031
3411004
3411001
1412122
1412101
2133040
1412110
3100
1412104
3103
2231302
101413
314401
2313220
3112
2133001
2133004
2231311
314410
101422
3121
2133010
3124
2133013
1412131
101431
1412140
134203
1330222
134200
2231320
3130
101434
3133
2133022
101443
134212
3142
2231401
3001441
2133100
2002003
2002000
134221
2133103
2231410
134230
3411040
2133112
1412212
4410400
3411031
1330300
1412221
1330303
3001414
4312111
3001411
2002033
2002030
3411013
2313301
3411010
3411022
1412200
2313310
1412203
4132030
3202
1232023
3411121
1232020
3211
1330330
3411130
3214
1232002
3034300
1412230
3220
3223
1232011
2313400
4132003
134302
1232014
3411112
4132000
3232
2002111
2133121
134311
3411100
3241
2133130
3411103
3244
4312300
4214002
134320
1232032
4214011
1232041
1314004
4001020
1412311
4001023
1101010
2002141
2133220
1101013
1314001
1314013
1314010
1101022
4001002
1101001
1412302
2002114
1101004
1101040
1232113
1101043
3301
1232122
3304
1314040
3310
3313
2133202
1314022
1412320
1232101
1101031
1232104
3322
1101034
2133211
1314031
1232110
331000
2002144
331003
1330411
134401
3331
3334
3231031
134410
3340
3343
1232131
331030
3231010
3231013
4214101
2133301
331033
4214110
1232140
2133310
3231022
3411220
1314100
1314103
1412401
3231001
1101112
3231004
1412410
4132111
2002222
4001032
3411202
1101100
3411211
1101103
200002
4214020
1232212
1314130
1101142
200011
3400
4001143
3403
3100003
413002
200014
3231100
3231103
3100000
1232221
413014
3100030
3411301
1101121
4001134
200023
3412
1101124
1314112
413011
4001131
200020
3313003
1232203
413023
3313000
1232200
413020
3411310
1101130
3421
1101133
1314121
3424
2002303
2002300
331111
200032
4001113
3430
3433
200041
413032
331114
200044
3231040
3442
1232230
413041
331141
1101202
2002333
2330023
2002330
2330020
1101211
4001200
4001203
1314202
1101214
2330032
2330041
1101232
3231121
1134001
1232311
1134004
200101
1101241
200104
413101
3231130
1134010
1101244
1134013
200110
3100033
413110
2330002
200113
3313030
1101220
413104
1314211
1101223
2330011
1314220
2133400
200122
3231112
1232302
2330014
413113
200131
2412004
3100141
413122
200134
3231220
2412001
2412013
1134040
200143
413131
2412010
200140
1232320
413140
2412022
331222
3231202
2330101
1134022
4034020
3231211
2330104
2412031
2330110
1134031
3100144
3100111
3313111
1101301
4034011
4001242
1101304
1314301
4001233
1101310
4034002
2002414
4132300
4001230
1003003
2002411
4001224
1003000
4214200
3411400
3100114
4001341
4034110
1232401
1101331
1134100
1134103
1101334
200203
4034101
1232410
4001332
200200
1101340
1101343
3100222
1101313
1314310
413203
4001320
1003033
413200
4001323
2002441
200212
1003030
413212
1101322
200221
4001314
331300
2330113
331303
20002
4001311
200224
413221
1134130
200230
413230
2330122
233002
200233
20011
4001302
2412040
20014
2330131
233011
200242
1134112
20020
233014
20023
4411003
1134121
4411000
233023
2330140
233020
20032
2412130
2330212
331330
1101400
3133030
20041
233032
1101403
20044
2330221
233041
2330230
2412100
1101424
2412103
3133003
1003114
1101430
3133000
1003111
1101433
1134202
200302
413302
200311
1314400
3231301
1101412
2412112
2330203
200314
413311
2330200
1101421
2412121
3231310
200323
3100333
200320
3100330
20101
1003144
20104
3002020
1003141
3002023
233101
20110
413320
2412202
200332
20113
3002044
1134211
1101442
233104
3002041
233110
331411
200341
2412211
3133111
2412220
3231400
233113
20122
200344
2330302
3002032
1134220
3100303
233122
3100300
20131
4411111
4034200
3313300
20134
233131
4001431
20140
20143
3002014
4001422
3002011
233140
4001413
3002002
2232040
1134301
3100414
200401
3002110
3100411
4411030
3002104
200404
3002101
1003222
200410
200413
413401
2232001
2330311
413410
200422
2232004
20200
2232010
20203
200431
2232013
233203
200434
2330320
233200
20212
2232022
1134310
200443
200440
20221
2232031
233212
20224
2330401
2232103
2101030
233221
20230
2232100
2330410
2101033
20233
2314030
233230
20242
2232112
4231000
4231003
2232121
3002122
1003303
2101000
2412301
1003300
2101003
3002113
1331002
2314003
3002140
3002143
2412310
2314000
4231030
3100441
3002134
3002131
3002221
3002212
1003333
1331032
1003330
20302
1134400
1331014
3002233
2412400
233302
2101111
1331011
20311
1331020
2101114
20314
3133300
1331023
3002230
2314111
233311
3002224
20320
2232130
20323
233320
20332
1331041
20341
3002200
3002203
20344
1413013
4231111
1413010
1331101
4100023
4100020
1413022
3002302
1003414
1413004
1003411
4100002
1413001
4000
4003
1413040
1331122
2232202
1331131
3002242
20401
2232211
1331110
1413031
1331104
20404
2101141
430003
430000
2101144
233401
20410
1331113
20413
1003441
4030
2232220
233410
4033
2101222
20422
430030
3002341
3330040
20431
2232301
2134000
1331140
20434
2134003
2232310
3330022
430033
20440
20443
3330031
3330001
3330004
4411300
3002314
3330010
3002311
4313002
1413112
3330013
3002332
4313011
1413100
1413103
4313020
3002320
3002323
4100032
3002413
1331221
3330103
3330100
3002410
3002404
3412030
1331230
3002401
4111
4100143
3002431
4114
3412000
2101300
1331200
1413121
3412003
2101303
1331203
1331212
4100134
430111
3002422
4100131
2314300
1413130
2003002
430114
4141
2134030
4100113
4144
4313200
430141
2003032
1413202
4313101
1413211
2003023
2003020
4100203
4100200
4313110
2003014
2003011
3330130
1233010
3002440
1233013
1331320
1233022
1413220
2101330
1331302
2232400
3330112
2101333
2003044
1331311
3330121
1233001
4222
1233004
2134111
2003041
1233040
2003101
2101411
2101414
430222
3330211
1233031
3330220
2003134
1102000
1413301
4133020
1102003
2003131
3330202
1413310
2003122
4133011
4100242
4133002
2003113
4100233
2003110
4100230
3412111
2003104
4100224
1102033
4231300
1331410
4133110
1233112
4100341
4300
4303
3330301
4133101
4100332
2003143
430303
2003140
430300
1331401
1233103
4100323
1102030
1233100
4100320
2101441
4100314
332002
4100311
4330
332014
4333
332011
4100302
332020
332023
1233121
1233130
430330
2003230
4100413
332032
2003224
2003221
332041
1413400
1102111
2003212
2003203
2003200
1233202
1233211
1102141
3232030
3232000
3232003
1102114
414004
2003242
3330310
414001
4411
414013
2134300
414010
4414
2003233
332101
414022
3101032
414031
332110
430411
332104
1102144
3330400
332113
3314020
1233220
4441
2331001
3101044
3232111
3101041
414040
332122
2331004
3314002
2003323
3101002
2003320
332131
3314011
332140
2003314
4133200
3101023
2003311
4100431
3101020
3412300
2003302
4100422
3101014
3101011
3101101
2331040
3314101
1233301
3314110
1233310
414103
414100
2003341
3101113
3101110
2003332
1102222
3101104
2331010
2331013
414112
332200
2331022
332203
414121
332212
414130
2331031
332221
2200033
2003422
2413030
332230
2003413
2331112
2003410
1102300
1102303
2003404
2331121
2003401
2331130
2200000
3101134
2200003
3101131
1430002
1102330
1233400
1430014
2413000
3101122
1102333
1004002
2003440
1430011
2413003
3101143
1004023
2003431
3101140
1004020
414202
2331103
2200030
2331100
3101230
1430032
414211
3101224
3101221
414220
332302
1430041
2200111
1004032
1430020
1430023
332311
2413111
2200114
3134011
3101242
3134002
3232300
3101233
4412002
332320
4412011
3314200
3101212
4412020
3101203
4330111
3101200
1430101
1430110
1430104
3101311
4330003
3003004
4330000
3003001
3101302
103000
103003
1102411
414301
1102414
1004113
414310
1004143
2331202
1430131
2331211
1430140
1004134
3134020
4330030
2200141
1004131
2200144
1430113
332401
103030
2331220
103033
1102441
1430122
332410
4412101
2331301
2233003
2233000
4412110
2331310
3003040
3003043
2020030
3003022
3101323
1004203
3101320
1004200
3003013
3101314
1430200
1430203
3003010
3134110
3101341
3003034
3134101
3003031
3101332
2020003
2020000
2200222
3101422
1430230
3003112
103111
414400
1004233
1004230
3101413
103114
2200300
3101410
2200303
1004224
2413300
3003133
1430212
2102002
3134200
3003130
3101431
1430221
3003124
3003121
1004242
2020033
2233030
103141
103144
3003100
3003103
3101404
3101401
1004302
4232002
4232011
1430302
2020114
2020111
4232020
1004314
1004311
1332022
1004332
2102020
1430320
2102023
2200330
2331400
3003142
1332031
2200333
1004323
2020144
3101440
1004320
2102032
1332004
1430311
2020141
2233111
1332001
103222
1332013
1004341
1332010
2102113
3003241
3003232
2102131
2102134
2200441
1332040
2102143
2020222
3003214
1414000
1414003
3003211
4412200
3003202
1004413
1201003
3003220
2200411
1201000
3003223
4330300
2200414
1004431
3003310
1332112
103300
3003304
103303
3003301
3331003
1004422
3331000
4101043
1332121
4101040
1332100
1332103
1201030
1430401
4101034
3003322
2102200
4101031
1414030
1201033
2102203
431002
3003313
1430410
431014
4101022
103330
103333
431011
431023
431020
4101013
4101010
4101004
4314100
1332130
4101001
431032
2102242
1201111
4101112
431041
1201114
1414111
4314001
2020303
4101103
2020300
4101100
4314010
300004
3003340
3331030
4232101
300001
1201141
1332211
1332220
300013
1201144
4232110
3003331
300010
2102224
103411
300022
2020333
2020330
2233300
2102230
103414
2102233
431101
300031
1332202
431110
431104
300034
2102311
2102314
3003430
300040
431113
300043
3200032
103441
2102320
2102323
431122
3331111
3200041
3200044
2102332
431131
2020414
431140
3200020
2020411
3003400
3003403
3413011
3200023
3413020
4101142
3003421
3200002
4101133
4101130
3003412
4101124
3200011
3413002
3200014
2102302
4101121
300100
3200113
1234003
3413110
1234000
1332310
300103
1021003
4134010
2020441
1021000
4101241
4232200
3200122
4101232
4134001
1201222
300112
3200101
3200104
300124
3413101
4101223
1332301
4101220
300121
3200110
4101214
300133
431203
4101211
2102341
431200
1021033
300130
1021030
431212
300142
4101202
431221
431230
1234030
4101310
4003000
1201303
4003003
1201300
4101304
1414300
1103002
4101301
1201330
1332400
1201333
1103032
1234111
2102413
300202
300214
3200131
1103011
1021114
3200134
1103014
2102422
300211
1021111
300220
300223
3200140
1103020
3200143
1103023
2102431
3020014
431302
3233011
3200242
3020011
431311
333004
3020002
300232
333001
3233020
3200224
300244
333013
1103041
1103044
300241
3331300
3200230
1021144
333010
3200233
3020023
3020020
1021141
3233002
333022
431320
4101340
333031
4003033
3413200
3200212
4003030
4134100
3200221
1103101
4101331
4101322
333040
3200200
3200203
4101313
1103122
3200311
4101430
300301
3200314
1103131
1103134
202003
1103104
1201411
300310
202000
4101421
1201414
300304
1103110
4003114
1103113
4003111
4101412
300313
3200302
3020044
4101403
4101400
300322
3020041
1021222
333100
333103
300334
202030
3020032
431401
300331
300340
202033
1201441
300343
431410
1103140
1103143
333112
2332003
3020143
3020140
2332000
333121
3020134
3020131
333130
2332030
3020110
3200341
1103221
3020104
3233110
1103224
3020101
1234300
1103230
3200320
1103200
3200323
1103203
3020122
300400
300403
4003141
1021303
300412
1021300
3233101
3200332
202111
1103212
3020113
3233200
202114
300421
3020203
3020200
3200440
300430
2201002
300424
1103233
3020221
300433
2414002
3200422
333202
3020212
1021333
1103242
1021330
2201020
202141
333211
300442
2201023
2414011
3200431
3200401
333220
202144
3200404
3200410
4003222
3200413
4331002
1103314
1103320
1431004
1103323
1431001
1103302
4003300
4003303
1103311
2414020
1431031
3020233
3020230
1021414
2201032
2332111
1021411
202222
3020224
22000
333301
1431013
22003
1103332
1431010
333310
1431022
3020242
1103341
3020332
2201131
4413001
3020323
3020320
22030
1021441
2201134
22033
4413010
1431040
2201143
3020341
4331101
3020302
1103410
4331110
1103413
1431100
1431103
1300030
1103422
1300003
2414101
1300000
3020314
2201113
3020311
1103401
2414110
202303
1103404
4003330
202300
1103440
4331011
104002
3430000
1431121
3430003
3004000
3004003
4331020
1431130
2201200
1300033
2201203
3004030
3020413
3020410
104020
104023
1103431
202330
3020404
2414200
333400
1431112
202333
3020401
22111
104032
22114
4003411
22141
22144
1300114
2021023
4331200
2021020
2234020
2021002
1300111
3020431
1431220
1300144
202411
3020422
2201224
3004033
202414
2332300
2201230
2234002
2201233
104113
3020440
2021032
1431202
2234011
3430030
2201242
1300141
1431211
3004141
104131
2201314
104134
2201320
202441
2201323
22222
104143
2201332
2234101
2234110
2201341
3004111
2021113
3430111
1300222
4413100
2201302
2201311
3004114
104200
2021143
104203
1120030
1431301
2021134
1120000
1120003
3004222
2021131
1431310
1333000
22300
1333003
22303
104224
104230
104233
1120033
1333030
104242
22330
22333
1202002
4102003
2021203
4102000
2021200
1300303
1300300
1202032
1333111
1120114
2021242
2201413
4233001
2021233
2201422
104302
2021230
4233010
1202023
104311
2201431
1202020
2021224
1300330
2234200
104314
1431400
1300333
1120111
1120144
104320
104323
3332020
3004330
22411
104332
22414
3332002
104341
3332011
1120141
3004300
2021311
3004303
3430300
1300411
2021302
22441
1300414
4102033
4102030
1202131
4102141
2021341
1202134
3414001
1300441
2021332
301000
4233100
1202143
3414010
301003
1120222
1202113
2021323
3004411
2021320
4102114
2021314
104413
4102111
301030
104422
301033
104431
1202203
1202200
2431030
1333300
1202224
1202230
2021431
1202233
2021422
301111
3332101
2021413
3332110
2431000
1120300
1022002
2431003
301114
1120303
2300002
2300011
1022023
1022020
2300014
1202242
301141
2300023
2300020
3332200
1120330
301144
1120333
1022032
3414100
1202302
4102222
1202323
1202320
4102330
1104022
4430020
4004020
1120411
4004023
1202332
1120414
1104031
1104001
1104004
1202311
1202314
1104010
1104013
4004002
4102303
2431111
4102300
301222
2300032
1120441
121000
2300041
121003
1022113
2300044
1022143
1104034
334000
334003
1202341
1104040
1022134
1104043
1022131
2300131
2300134
121030
121033
334030
2300143
2300140
3234001
1104112
1202422
2300101
1104121
2300104
3234010
1104124
2300110
1202431
301300
4430002
2300113
301303
1104100
1022203
1104103
1022200
4430011
2300122
203002
4004032
1202413
203011
203014
3234100
2300203
2300200
203023
203020
301333
1104130
1104133
3103033
301330
121111
1022233
2300212
3103030
1022230
334111
203032
121114
2300221
4004131
1104142
1022224
203041
203044
4004113
1022242
3103003
121141
4102411
3103000
121144
4430200
2120032
1104211
1104214
1104220
1104223
1022302
4004200
4430101
4004203
1104202
4430110
203101
2431300
1104241
301414
2120002
2300224
203104
2300230
203110
1022314
301411
1022311
2333002
2300233
203113
2333011
2300242
203122
1022332
2120020
2120023
203131
1104232
1022323
203134
2333020
1022320
2300323
2300320
203143
301441
203140
121222
2202022
3103141
1022341
2333101
2202031
2300332
2120113
2202034
2333110
2300341
2202040
2202043
1104304
4332001
3103114
1104310
3103111
4332010
1104313
2300302
2202001
2300311
2202004
2300314
4004230
2202010
2202013
1104301
203203
1022413
203200
1104340
1432030
203212
1022431
2300401
1104322
1432000
121300
2202100
1432003
203221
121303
2202103
2300404
2300410
3103222
334300
1022422
23002
203224
1104331
203230
4004320
2300413
203233
23011
2120131
23014
2120134
203242
4004311
23020
23023
2120143
121330
4004302
121333
23032
1301011
1104400
2120224
23041
1104403
23044
1301014
4201030
4332100
2120230
4201033
2120233
1301023
1104412
1301020
2120242
1301002
2202112
1301041
2300422
203302
1301044
2120200
2202121
2120203
2300431
203311
2202124
203314
2333200
2202130
2202133
1104421
203323
1432111
2300440
203320
1301032
23101
1104430
2202142
23104
121411
2202211
23110
203332
121414
2202214
23113
3103330
2202220
203341
2202223
2120302
23122
3431011
2120311
3431020
2202232
2120314
23131
23134
121441
1301104
2022013
23140
2022010
1301110
23143
3103303
4201000
1301113
2022004
3103300
4201003
3431002
2022001
4414000
2202202
1301101
1301143
3300022
400003
2022043
400000
2022040
1301140
3431101
203401
2022034
3300031
203404
203410
1301122
2022031
3300001
203413
3300004
400030
1301131
3300010
2022022
3103411
2202301
203422
1301134
3300013
23200
2202241
2120320
23203
2120323
203431
400033
23212
2120332
203440
23221
2120341
23224
23230
1301203
2104033
23233
1301200
2202340
2120422
2022103
23242
2022100
1301212
2120431
4201111
4201114
2104000
2022142
2202304
1301233
1121011
2104003
1334002
1121014
2202310
2202313
400111
1301242
2022133
2022130
1121020
1121023
1334011
3300034
3431110
2022124
2202322
400114
4201141
1301221
2022121
1432300
3300043
2202331
3300040
1301224
1121002
1301230
2120413
2104030
2022112
1121041
2202400
2202403
1121044
23302
400141
2202412
2104111
23311
1334020
3300130
2104114
23314
3431200
4201300
4021033
2202421
400144
4201303
3300133
23320
1121032
4021030
23323
3300142
2202430
3300112
23332
2022202
1301302
3300121
1301311
23341
3300124
4201330
4021000
3300103
4021003
3300100
1334101
1121104
3300211
3300214
4201222
4103032
2022232
4021114
1301332
1121110
1121113
4021111
1334110
3300223
1301341
3300220
4234000
1301314
4103023
2022223
4103020
2022220
400222
1301323
4103014
3300202
2022214
1301320
1121101
4103011
2022211
220003
220000
4103002
1121140
1121143
23401
23404
2104141
433003
433000
23410
1121122
23413
1121131
220030
23422
1121134
2022241
433030
220033
4201411
4103101
2022301
23431
1301401
1301404
23440
3333010
1121200
1121203
3300241
1301431
2022331
4021141
400303
400300
1334200
2022322
1121212
1301410
1301413
302002
2022313
2022310
302014
3300232
3333001
1301422
2104222
2022304
4103041
302011
1121233
302020
3202033
302023
3300340
400333
1121242
2104300
400330
220111
2104303
3300322
433111
220114
1301440
1121221
302032
302044
1121224
3300331
4103140
2022340
4021222
302041
3202030
3333100
1121230
3202000
3300304
3202003
3300310
4103131
3300313
4103122
220141
220144
4103113
4103110
4103104
3300301
4103230
2022430
3300403
3300400
1121302
4021300
4021303
4103221
2022421
1121311
3300412
3202111
302101
4103212
2022412
400414
302110
302104
400411
4103203
2022403
4103200
2022400
1121332
302113
2432002
2104330
1121341
2432011
302122
2432020
302134
1121314
302131
302140
1121320
1121323
302143
220222
400441
2432101
40000
40003
2432110
40030
40033
1121401
3202141
1121404
4021330
3202114
3300421
2104411
302200
3300430
302203
302212
1121431
302221
220303
220300
433300
302230
1121410
122002
1121413
302224
3022003
302233
4021411
3202222
3022000
1121422
4300000
4300003
122020
4103320
302242
122023
220330
220333
40111
1121440
4103311
122032
40114
4103302
4300030
4431100
1400020
1400023
3202300
4103410
40141
3202303
40144
4103401
1400002
302302
4431001
3022030
4431010
302311
2432200
302314
302320
1400032
302323
220411
302332
220414
3022033
122113
302341
3104041
2121001
3022114
2121004
4300111
3104032
2121010
122131
2334001
4300114
3022141
2121013
122134
2334010
220441
40222
2121022
122143
3104014
3104011
1400113
3202330
4300141
3104002
3022111
3104023
3104020
4300033
302404
3104110
302401
3104104
302413
3104101
302410
302422
1400134
3104122
1400131
2203000
122200
2203003
122203
1400143
3202411
302431
3104113
2121031
2121034
40300
302440
40303
2121040
122224
2121043
122230
122233
2121121
122242
2121124
4333000
40330
2121130
40333
2121133
2121142
1400200
1400203
3022222
3104140
1220023
1433011
1220020
1400242
1433020
3104131
2121100
2121103
1220002
1400230
1400224
2203030
2334100
2203033
2121112
1400233
1433002
122302
2203111
122311
3104230
2203114
122314
122320
2121202
122323
1220032
3022330
40411
2121211
122332
40414
2121214
4120033
4120030
1400311
3104203
122341
3104200
1400314
3022303
3104221
3022300
40441
3104212
1400302
4120003
4120000
4300222
1400341
3104302
1433110
1220113
4120114
4120111
1400320
1400323
3104311
1433101
1400332
2203141
2121220
2121223
122413
2121232
1220131
1220134
4202101
122422
4202104
2121241
4300411
1220143
4202110
122431
2121313
2023003
2023000
1400413
2121322
4300300
4300303
4202002
2121331
4202011
2121340
4202014
4202020
3022411
1433200
2023033
4202023
2023030
4300330
401002
3104320
4202032
4120141
1400422
2121301
3432001
2203222
2121304
4202041
1220203
401023
1220200
1400431
401020
2121310
3432010
1220242
2203300
2203303
1040002
401032
3432100
1220224
3301030
1220230
4202200
2121400
1040023
3301033
4202203
2121403
1220233
1040020
4120222
4202212
4202221
1040032
3104410
4202230
3301003
3301000
3104401
1122001
4202113
4022014
3301111
1220311
1122004
4022011
3301114
1220314
4202122
1122010
1122013
4022002
4120303
4120300
4202131
2023114
2023111
4202140
1220302
401113
2203330
1122034
2121412
1220341
401134
1122040
1122043
2121421
401131
1220323
401143
1220320
2121430
1122022
2023141
1122031
1040113
1220332
1040143
4202311
1040134
1040131
4202320
4022041
1122100
1122103
3301141
2023222
1204030
4022032
1220413
1204003
2203411
1204000
4120330
401203
401200
4022020
4022023
4022140
3334000
1122130
3121003
1040203
1122133
3121000
1040200
401230
221002
4022131
401224
1122142
1122112
1204033
3301222
434002
1220422
4104040
4022122
401233
1122121
4022113
401242
221023
434011
1220431
1122124
221020
4104031
434020
4022110
4120411
4022104
1040233
4022101
4104022
1040230
221032
1040224
4104013
4104010
4104004
1040242
4202302
4104001
1204114
3301303
4022200
3301300
4022203
4104121
3203002
1122202
4104112
401302
303004
2023303
4104103
401311
2023300
4104100
1204111
303001
303013
1040302
401314
3121033
303010
3121030
1122232
303022
401323
401320
1122211
401332
434101
303031
1040314
1122214
434110
1040311
221113
401341
2023330
1122220
1122223
303034
1204141
2220001
1040332
303040
2220004
303043
221131
2220010
1040323
2220013
2433001
221134
1040320
1122241
3203041
221143
2433010
2220022
3121141
1040341
2220031
3301330
4202401
3203032
4202410
4022230
1204222
1122301
2023411
4022221
3203011
3121114
3203014
3121111
303100
4022212
303103
3203020
4104130
3203023
3203122
1122322
401413
401422
1122331
3203131
1024003
303112
4022320
1024000
2302003
3203104
221203
303124
3301411
1024030
1122304
401431
1040413
2302000
221200
303121
3203110
1122310
1122313
3203113
303133
4022311
434200
303130
1040431
4104220
303142
4022302
2220034
1040422
2220040
2220043
41002
221224
3203101
4104211
221230
1024033
221233
4104202
1122340
221242
41020
41023
2220130
2220133
4104310
41032
2220142
4104301
1204303
1204300
1024111
1122421
2220100
303202
2220103
3121222
2433100
303214
2302030
303211
1122430
303220
1122400
2220112
2302033
1122403
303223
3203140
221302
1204330
2220121
221311
1024114
1122412
2220124
2302114
3023023
221314
3023020
1024141
303232
3023014
221323
4301002
2220202
221320
3023011
303241
4301011
2220211
3023032
4301014
2220214
221332
41113
3121330
4301020
2220220
2302141
4301023
2220223
221341
1401013
3203221
1401010
4301032
1204411
1401022
41131
3203230
41134
3203200
4301041
3203203
3023002
4022410
41143
3121303
1401004
3121300
2302111
4022401
3203212
1401001
303301
4432000
1401040
1401043
3203320
303310
303304
1024222
1401031
3023101
303313
3203302
303322
3203311
1401034
221413
303331
303340
2220232
221422
4104400
3023041
41200
2220241
41203
221431
4301122
2220322
41224
4301131
3023140
2220331
1401112
2122030
41230
2122033
41233
4301140
2220340
1401100
1401103
41242
1024303
1024300
1401142
3023113
3023110
3121411
303400
2220301
2302222
3023104
303403
2122000
303412
2220304
1401124
2122003
1401121
3023131
2220310
1401133
2220313
303421
3023122
1401130
3023212
303430
2204002
1024330
2204011
3023203
3023200
2204014
3023230
2220400
3400033
2220403
2204020
2204023
41302
2302330
3023221
2220412
2122111
41311
3203410
41314
1401202
41320
1401214
41323
4301101
3400030
1401211
3400003
4301104
3400000
41332
4301110
4301113
3203401
2302303
41341
2302300
1221010
3400114
4121023
4121020
1434001
1401232
1221013
4121014
1401241
1221022
4121011
1434010
1401220
1401223
4121002
1024411
1221001
3400111
1221004
2204032
1221043
2122114
1221040
2220421
2204041
2220430
1221031
4301302
1221034
2122141
4301311
1401301
2204131
41413
1303003
1303000
1401310
2204140
1401304
2122222
41422
4301200
4301203
41431
4301212
3023311
1434100
4301221
2204101
1303030
1401331
2302411
3023302
2204104
1401340
1303033
1221112
4121041
4301230
2204110
2204113
1401313
4121032
3023320
2204122
1221103
3400141
1221100
1401322
1221142
320002
3023401
2204200
4121140
320014
2204203
3220030
320011
320020
3220000
3220003
320023
1221121
4121131
2204212
1221124
4301401
1221130
3433000
2122300
4121122
3023410
2204221
2122303
1221133
4301410
320032
4121113
4121110
320044
3400222
320041
1401400
4121104
1401403
4121101
3302002
1221202
4121212
1401430
4301320
3302011
2024023
1221211
2024020
3302014
1221214
4121203
4121200
2024014
1401412
1303111
2024011
1401421
1303114
3400303
2024002
3400300
320101
1221232
1041004
1041001
2204230
320110
1221241
320104
3220033
1041022
320113
1221223
1303141
1221220
2024041
2122330
1041013
1041010
320122
2024032
2204320
320134
1041034
320131
320140
1041031
2122411
320143
3220141
1041043
1041040
3302032
3220114
2024122
1303222
1221301
1123000
1123003
1221304
3302041
1221310
2204302
2024113
4121230
2024110
3302023
3302020
2204311
2024104
3400330
4121221
2024101
3220111
1041103
3302131
1221331
1041100
1123030
1123033
2401000
320200
3302140
1221340
2401003
3220222
320203
320212
2204401
2024140
3302113
1221313
4121320
1041112
3302122
1221322
320221
2204410
2024131
140002
4121311
320230
1041133
320224
1041130
3302101
3400411
4121302
3302104
1041124
3302110
320233
1041121
140023
320242
140020
1041142
140032
2024221
4121401
3302203
1221403
3302200
2024212
1221400
3040033
1303303
2024203
2024200
1303300
2401030
1221430
320302
2401033
3040003
3040000
3040030
1303330
1041214
222001
320311
1041211
1123111
1221412
222004
2024230
222010
1123114
1041202
320314
222013
1221421
3040111
320320
222022
320323
3122023
320332
1041223
3122020
1041220
222031
2401141
320341
222034
140113
1123141
3122041
1041241
222043
3220330
222040
3040114
3122032
1041232
1303411
140131
3302230
140134
2024311
140143
2024302
3122014
2401111
3122011
3302212
4121410
3220300
3122002
2401114
3220303
3302221
3302320
304000
304003
1123222
3220411
320404
3122110
1041310
222103
320401
3302311
3122104
1041304
222100
320413
3122101
304030
1041301
320410
2024320
320422
3040141
222112
304033
1041322
140203
140200
222121
320431
3302302
1041313
222124
222130
4400113
1041340
222133
320440
1041331
222142
4400002
140224
2024410
140230
2221030
2221033
140233
2024401
140242
4400023
4400020
2401222
4400032
3122122
2221000
2221003
304111
3122113
3040222
3122140
1041403
2434000
1123300
304114
1123303
1041400
222202
3122131
2303011
222211
3040303
3040300
3122221
1041421
2303014
222214
4400203
304141
3122212
4400200
1041412
2303023
222223
140302
2303020
222220
1123330
140311
2401330
2221111
140314
3122230
1041430
2303032
2221114
222232
140323
4220002
222241
140320
4400230
4220011
4220014
140332
2401300
2401303
3302401
3122203
4220020
3122200
4220023
140341
3302410
2303002
4400131
1123411
3122302
304222
2303101
222301
124000
2303041
124003
222304
3040330
222310
222313
222322
2221141
222331
124030
140413
124033
4400320
140422
4220101
1402000
1402003
2303140
2221222
222340
4220104
140431
4220110
4220113
4220122
2303104
4220131
1402033
2303110
2401411
3122311
304300
2303113
304303
4220140
2303122
2041003
3040411
2041000
2303131
1402030
3122320
2303203
4220032
222403
2303200
222400
3122410
4220041
3122401
304330
124111
2303212
222412
124114
2221300
2303221
2041033
2221303
222421
2041030
2123002
2303230
222430
1402111
124141
4400302
4400311
3401011
2123041
3401014
2041114
4220230
2041111
1402141
3401023
3401020
1402114
3401002
304411
2123011
2123014
1140022
2041141
2123020
1140031
2123023
1140001
2221330
1140004
2123032
1140010
1140013
124222
2123104
2221411
2123110
2123113
2123122
1140034
1140040
1140043
2123131
4040032
1222003
3401041
1222000
2303302
4220200
4040020
4040023
4220203
2303311
4220212
2303320
3401032
1402222
4220221
2123101
4040002
1140112
1222033
4122040
3401140
1140121
2303401
4040113
124300
1140124
124303
2303410
3401122
4122031
1140100
1140103
3401131
4122022
2041222
1222030
4204000
3401104
4204003
4122013
2123140
4122010
3401110
1402300
3401113
1402303
4122004
124330
4122001
4220401
1140130
1140133
4220410
3401101
4204030
1140142
3401203
3401200
1304023
1304020
2041303
4122103
4122100
2041300
1222111
4220302
3401212
1402330
1304002
4220311
1304011
1304014
4220320
2123200
1140211
2123203
1140214
2123212
2041330
1140220
1140223
1222141
1222114
1304032
2123221
1304041
124411
1140202
2123230
4040131
3221041
1140241
2123302
4204111
2123311
2123320
3221032
1140232
4040230
3221011
1304113
3221014
1304122
4122130
3221020
3221023
4040200
3401221
1304101
4040203
4122121
3221002
1304104
3401230
403003
1304110
403000
1402411
4122112
3221104
1140304
3303031
3221110
1140310
3221113
1140313
4040311
403030
1304131
3303010
4122220
4040302
3303013
3401320
2041411
3221101
1222222
1042003
1140301
3303022
4122211
403033
1304140
1042000
1042030
4122202
3401302
1140340
3303001
3401311
3303004
1140322
1140331
1042033
2320033
4122301
1304212
3401401
1222303
3303103
1222300
1304221
3303100
1304203
1304200
2320003
403111
1140400
1140403
2320000
3221140
1124020
1124023
1222330
2123401
403114
1140412
1042111
2123410
3303040
3221122
1124002
1304230
3221131
1124011
2320030
4040320
1124014
2402020
403141
2402023
3041002
141001
2320111
1042114
141004
141010
2320114
3041023
1124032
3041020
1042141
3221221
2402032
1140421
141013
3041014
1124041
141022
3041011
2402041
3221230
1140430
3221200
3221203
4024030
3303121
1304311
141031
3303130
141034
3221212
3401410
141043
141040
2402002
4122310
2402014
3303112
4024000
1304302
4024003
2402011
1124113
3303220
3221302
1124122
3221311
403222
10000
3303202
2402101
4024111
1304320
10003
3123004
1124101
3123001
223003
1222411
1124104
3303211
2402110
223000
2402104
4122400
1124110
1042222
3041032
4401001
141103
2320141
10030
141100
4401004
10033
4401010
1124131
223030
4401013
223033
141112
1124140
4401022
3041041
2140000
1304401
2140003
141121
3041131
141124
141130
1304410
3041122
4204300
141133
3123040
141142
3041140
2140030
403303
3123022
403300
3041101
2402113
1124212
3123013
1124221
3123010
2402122
1042303
1042300
3041113
2402131
3041110
2402140
3123031
3221320
1124200
1124203
2320222
3041104
10111
2402212
10114
403330
223111
3123112
223114
2402221
2320303
4401103
2320300
4401100
141202
3041212
2402230
3221410
2222002
1042330
3123130
1124230
141211
2222011
4401112
141214
3041203
10141
3041200
3123121
2222014
10144
2140033
4401121
141223
223141
141220
3221401
4401130
3123103
141232
3123100
3303301
141241
2402200
3303310
2402203
4401031
1124311
2140141
4024300
4401040
403411
2402302
3303400
1124302
3041230
1042411
2222020
2222023
2320330
3041221
10222
2140111
2222032
1124320
2140114
223222
141301
2222041
43000
141304
43003
141310
2222113
141313
3041320
4401220
141322
4221001
2222122
4221004
141331
2222131
4221010
4221013
43030
43033
2222140
2140222
141340
4221022
1124401
2402311
3123211
4221031
1124410
3123202
4221040
3041311
2222101
2402320
2320411
3041302
2222104
3123220
1321000
10300
2222110
1321003
10303
3123310
223303
2402401
223300
3123301
2402410
1321030
3041401
2222200
141403
2222203
10330
141400
1321033
10333
223330
141412
43111
43114
1403002
141421
4401202
141430
4401211
2042014
4221121
1321111
2042011
43141
2140330
4221130
2042002
1403032
1321114
1403014
1403011
1403020
1403023
1321141
2222212
2042041
10411
2140300
3041410
2222221
10414
2140303
2042032
223411
1403041
2222230
2042023
2042020
4401400
2124001
2124004
2222311
1403101
10441
2124010
10444
2124013
2222320
3320032
43222
4401301
2124022
4303000
4303003
2140411
3320041
4401310
2124031
2042110
3320023
3320020
2042104
1403122
3123400
2042101
4221100
1403131
4221103
3320002
1403110
1403104
4303030
4221112
3320011
3320014
1403113
2222302
3320113
2042140
4041022
3320122
4041013
2042131
4041010
1403140
4041004
1321222
4041001
2042122
3320101
1141000
1141003
3320104
3320110
2042113
43300
43303
2124040
4221301
1141030
1141033
4221310
1321300
1403221
43330
2124130
1321303
2042203
4123003
4303111
4123000
2042200
1223002
1403230
4221202
1403200
1403203
1403212
4221211
1010002
2222401
4221220
2124100
1141111
1321330
2124103
1010023
2042230
1223032
1141114
2222410
1010020
4041040
2124112
3320131
1223011
2042221
1223014
2124121
4041031
2042212
1223023
3320140
1223020
1010032
3140014
1141141
3140011
4303300
2124202
3140002
43411
1223041
2124211
3320230
4041130
3140023
4221400
3140020
2124220
4041121
2042302
4041112
3320212
4123030
1403320
3320221
1223101
4041100
4041103
1403302
3320203
3320200
1403311
1223122
3222001
3320311
3222004
4041211
1223131
3222010
3222013
1010113
2042320
4041202
1010143
1223104
322000
1223110
1321411
322003
2042311
4123111
1010134
1223113
3320302
1010131
3140041
322030
3140032
322033
1223140
1141222
3140140
1403410
3140131
1010203
1010200
1403401
3140110
404002
1141300
1141303
3140104
1223221
3222040
3140101
1223230
2124301
1223203
404023
3320320
1223200
404020
3140122
2042410
1043002
2124310
1010233
3222022
4041220
1010230
322111
3140113
2042401
1223212
3222031
1010224
1043023
1141330
1043020
3222130
3140203
322114
404032
3140200
2321002
1043014
1043011
1010242
2321011
2124400
3222112
3140221
2321014
1043032
3222121
322141
3140212
2321023
2321020
3320401
4041310
3222100
3222103
3320410
4041301
3304030
1043041
3304003
1010302
3304000
4041400
1010314
1010311
1223320
3222202
1043101
1010332
1223302
404113
4123300
1010323
3304111
1223311
1010320
404131
1043113
1010344
3140230
1043110
322222
1010341
2321032
1043104
142003
1141411
2321041
142000
1043131
1043122
2321122
2321131
1043140
142030
3140320
142033
2321140
1223410
3140302
1010413
1420030
404203
2321101
404200
1010431
3222211
2321104
1420000
2321110
1420003
3140311
322300
1010422
2321113
11002
322303
1223401
3222220
404230
224002
1043212
1010443
224011
3124003
1043203
11020
224014
1010434
3124000
1043200
11023
4402003
2321203
3124030
1043230
4402000
2321200
1420033
224023
3140410
224020
3222310
11032
1043221
142111
3140401
322330
2321212
142114
224032
224041
3222301
4402030
142141
1420114
2141032
404302
2141041
404311
1420111
3304300
1043311
2321221
224101
404320
1043302
11113
2141002
224104
2321230
224110
322411
224113
2141011
2141014
1043320
1420141
224122
11131
2141020
11134
2141023
224131
2223010
2223013
11143
2321320
142222
2141101
224140
2223022
2141104
2141110
2223031
2141113
3124111
1420222
3222400
2321302
2223001
2321311
2223004
11200
4140031
11203
1043401
224203
4140022
224200
1240030
1240003
1240000
4140013
4140010
224212
11224
2321401
4140004
142303
1043410
2223100
142300
224221
2223103
11230
4140001
11233
2223040
2141122
44002
224230
11242
2141131
1240033
2141140
44020
44023
142330
4402111
44032
2141221
1322002
1322014
4222030
2141230
1322011
1420300
1420303
1240114
2321410
1322032
11302
2223112
1322041
224302
11311
2141200
1322020
2223121
11314
2141203
1322023
224311
4140040
11320
2223130
11323
2141212
1240111
4402300
1420330
224320
2223202
11332
142411
2223211
11341
11344
44113
2223220
2141302
4140130
2141311
1240141
1322101
3124300
1404022
44131
4140121
1322110
1404031
1322104
1420411
4140112
4222000
1404004
4222003
1404001
4140103
1404013
4140100
1404010
3321010
4140220
1322131
3321013
1322140
1240222
4140211
3321022
421003
421000
224401
1322113
4140202
11413
224410
3321001
1404040
1322122
11422
3321004
421030
4304101
11431
2141320
44200
11434
44203
4304110
421033
11443
2141410
4304002
1404112
44230
3403003
4304011
3403000
1322200
1404121
1322203
1404100
1404103
4304020
4222111
1322230
3321040
1142002
2223301
1142011
1142014
2223310
1322212
421111
3321031
1404130
2141401
1322221
421114
1240303
1240300
1142032
2420002
1142041
4304200
2223400
2420014
44302
2420011
2420020
4042030
2420023
421141
3321121
1142020
1142023
44311
1240330
3321130
4222300
44320
3403030
1404211
4140310
1404220
1322302
3321112
4042000
4042003
4140301
1011004
1011001
3321103
3321100
1404202
3321202
1011022
4042111
1322320
1142101
1224022
1240411
1142104
3321211
4124020
1011013
1224031
1011010
1142110
4140400
1322311
1224001
3403111
4124011
1011034
1224004
1224010
1011031
4124002
1224013
421222
1142131
2420032
241003
241000
1011043
2420041
1142140
1011040
1142113
1224040
1142122
1404310
241030
2420131
2420140
3141031
241033
1011103
1011100
1404301
3141040
2420101
1224112
3141004
3141001
1011112
1142200
2420110
1142203
1224121
2420104
421303
3141022
421300
1011133
110002
1322401
2420113
1224103
1011130
1224100
3321220
3141013
1011124
3141010
1322410
2420122
323002
1011121
3141103
323014
3010030
3141100
110020
110023
3223030
323011
1142230
323020
1011142
323023
2420200
2420203
2420212
1224130
110032
241111
421330
1142212
3141112
241114
2420221
3010033
323032
1142221
323041
1404400
3321301
3223000
3223003
3321310
4124110
241141
4124101
3010000
3010003
4042300
1224211
1011214
2240032
1011211
3321400
2240041
1011202
1224220
1142302
3010111
4124200
3403300
1224202
1011223
323101
1011220
2240002
110113
1142320
2420230
323110
1044013
1011244
323104
421411
3141130
1044010
1011241
2240011
1044004
2240014
323113
3141121
1044001
1011232
1044031
110131
2240023
323122
1142311
2240020
110134
1044022
110143
323131
323140
2420320
241222
2322022
2240101
1044040
2240104
3141220
2240110
2322031
3010144
2240113
2240122
2322040
1011310
1224310
1011304
2420302
1011301
3010114
3010141
2322001
2420311
3141211
1011322
3223111
2322004
110200
2322010
110203
3141202
1011313
2322013
1224301
1011343
3010222
1011340
2404000
323200
2404003
323203
323212
1044103
1011334
1044100
1011331
1142401
323221
3141310
110224
241303
2322103
3043003
2420401
3043000
1044121
241300
2322100
110230
143002
110233
2404030
323230
3141301
1142410
2420410
1044112
2240131
143011
110242
143014
4321000
4321003
143023
1044130
2240140
143020
241330
143032
1224400
1421014
143041
2240230
1011403
1421011
1011400
1421020
1421023
3010300
3010303
1011421
1011412
1421002
110302
323302
2322112
1421041
1044202
1011433
110311
2240203
1011430
2240200
2322121
323311
110314
1011424
2322130
110320
110323
1044220
2240212
3043030
323320
1044211
1421032
1011442
110332
2240221
143101
241411
4403011
2322211
143104
143110
110341
3043111
110344
143113
2240302
4403020
2322220
143122
2142001
2142004
2240311
4321111
143131
2142010
2142013
1421110
1421104
143140
2404111
1421113
3010333
3223300
3010330
3141400
1421101
2322202
1421140
1044301
3010414
3010411
4321030
110413
323401
323410
1421122
110422
1044310
1421131
2322301
110431
143203
2240320
143200
110434
2011003
2011000
2142022
110443
143212
2142031
143221
2142040
4403002
143230
2142112
1421200
1421203
2011033
2011030
1421212
2142121
2142130
2224000
1241011
2224003
3010441
1241014
2322310
1241023
1241020
1421221
2240401
2142100
2142103
1241002
2240410
1421230
2224030
1044400
1241041
2322400
143302
3043300
143311
2224111
4141030
1241032
143320
2142202
4403101
1110001
1421302
1110004
4403110
2404300
1323004
1421311
1110010
1110013
1323001
4141003
2011114
4141000
2011111
1241104
1110034
1323031
1241110
4141111
1110040
1241113
1110043
4010032
1323013
2011144
1110022
1323010
4010020
4010023
1323022
2011141
1421320
1241101
1110031
2142211
340000
1241140
340003
143401
2142220
4010002
1241122
143410
1323040
1241131
340030
4223101
4403200
340033
1110100
2142310
1110103
2011222
1323100
1323103
1421401
4321300
4223002
2044030
1241203
1241200
1110130
4223011
1110133
1323121
4223020
1241212
1323130
1110142
1110112
422002
1421410
422014
1110121
2044003
1110124
1323112
422011
2142301
2044000
422023
422020
340111
2224300
422032
340114
1241221
3322030
1241230
422041
4223200
3322003
3322000
4010143
340141
1110202
4010134
4010131
2011303
2011300
4010113
1323220
1241302
4010233
4223110
3404020
4043002
1110232
1143001
4141300
4010230
3322111
1241311
4010224
1143004
2044111
3404002
422101
1110211
1110214
1323202
3404011
422110
2011333
2011330
1110220
422104
1110223
1323211
2142400
4010200
4010203
1143031
422113
422122
1110241
1143010
1110244
1143013
422131
1241320
422140
340222
1143022
2421031
4010302
2011414
2011411
1110301
1143040
2421040
1110322
2421004
1241401
1110331
1012003
1143100
2421001
1143103
1110334
2011441
1012000
1110304
4043020
1012030
1323301
2421013
1110310
2421010
1110313
1323310
2421022
422203
422200
4043011
4010242
1143121
422212
2421100
340300
340303
422221
2421103
1143130
1012033
1241410
422230
242002
1110340
1110343
242011
4010341
1143112
4043110
3142003
2421112
242014
3142000
4043101
4010332
242023
242020
4010320
4010323
340330
242032
3404101
4010314
242041
4010311
3404110
1012111
4010431
1110421
1110424
4010422
3322300
1110430
1110400
4010413
2044300
1110403
3011002
422302
111001
3404200
1323400
1110412
1012114
111004
3142030
422311
1012141
111010
111013
1143220
2421121
2421130
111022
1110433
1143202
422320
242101
111031
1143211
1110442
242104
111034
242110
340411
1012144
2421220
111040
242113
111043
3011044
242122
2241001
3011041
2241004
242131
2241010
2241013
2241022
242140
4420003
3011020
3011023
4420000
3224020
3011014
3011011
3142111
1012222
3224002
3011032
2421202
3224011
4420030
4043200
111100
111103
2421211
3011113
422401
111112
3011110
422410
3011104
2110000
111121
2421301
3011134
2110003
3224101
1143301
111124
3011131
2323003
242203
2421310
2323000
242200
111130
111133
3224110
3011122
1143310
2241031
242212
111142
242221
3011101
2241040
242230
1012303
1012300
2241121
2241130
4420111
1340020
1012333
1340023
111202
1012330
3011140
3011143
111211
2241103
2110030
2241100
111214
2110033
2323030
111220
1340002
111223
1143400
1340014
2241112
242302
1340011
111232
2110114
144001
2323111
242311
3044011
144004
3011242
111241
144010
3044002
3011233
111244
4420300
144013
2241202
4322002
242320
1340032
144022
2241211
4322011
3044020
2110141
1340041
144031
3011212
1422004
1422001
4322020
1422013
144040
3011200
3011203
4240111
1422010
1012414
3142300
3011230
1012411
3011224
3011221
3224200
2421400
2110111
4240000
3011311
4240003
111301
1340113
13000
111304
3011302
13003
1422040
1340122
111310
111313
1340101
1422022
3011320
3011323
1012441
1340110
1422031
111322
1340104
4240030
3011314
2110144
242401
111331
144103
13030
144100
2241220
111334
13033
242410
111340
111343
144112
1340131
1340140
144121
144130
1422100
1422103
2143030
3044110
3011341
1340212
1422130
3011332
1340221
111400
111403
3044101
2110222
111412
1422112
13111
2241301
2143000
13114
2143003
1340200
2241310
111421
1422121
1340203
111424
3044200
2323300
111430
144202
111433
3011431
144211
3421030
1340230
111442
13141
13144
2110330
2241400
2110333
3011440
144220
3011404
4404001
3011401
4404010
2012023
2012020
1422202
3011422
4322101
3011413
3421000
2110300
2012002
3421003
4322110
2110303
3011410
3421111
1340311
1242001
4142011
1242004
1242010
4142002
1242013
1422211
1422220
1340302
2012032
13222
2143111
1242040
144301
1340320
144310
1242022
1242031
4011004
4011001
4404100
1111000
1422301
2110441
1111003
2012113
4322200
1340401
1242103
1111030
1242100
1111033
1324030
2110411
4240300
2110414
1340410
2012143
1422310
1324000
13300
1324003
13303
2012134
4142020
2012131
1242130
341002
13330
144400
1242112
341014
13333
341011
3241000
341020
3241003
341023
1242121
4011040
4011043
4142110
4224100
4011034
4142101
4011031
341032
4011022
341041
2012203
2012200
4011013
4011010
3421300
4011133
4224001
4142200
4011130
3323002
1242202
4011124
4224010
4011121
2012242
3110014
3110011
1422400
4011112
1111111
2012233
2012230
1111114
1324111
3110002
2012224
4011100
4011103
13411
2143300
13414
341101
1242211
341110
1111141
341104
3241030
1111144
341113
1242220
13441
2012314
341122
2012311
341131
2012302
341140
3241111
1111222
3110023
3110020
2012341
1242301
3323011
2012332
3110044
3110041
4011142
2012323
3323020
2012320
3110032
3110122
3110113
1144030
3110143
1144000
1144003
3110140
2422000
3323110
4011241
1242310
341200
341203
2422003
4044010
3110134
341212
3110131
4044001
4011232
341221
2012413
4011220
4011223
341230
3323101
3110110
4011214
4011211
3110104
3110101
4011202
1013002
4011322
4011313
1013023
2012431
1013020
4011310
3110203
1111300
4011304
1111303
3110200
1324300
4011301
2012422
1013014
1013011
1013032
2422030
30001
1111330
1242400
341302
30004
1111333
341311
30010
1013044
30013
1144111
1013041
3143020
30022
3143011
3110242
341320
30031
30034
30040
30043
3110221
1013101
1111411
3241300
1111414
3110212
4011340
3323200
3143002
3110233
1013113
3110230
1013110
4044100
2422111
4011331
3110224
1013104
1111441
1013134
112000
112003
1013131
3110314
3110311
1013122
3143101
3110332
30100
30103
1013143
1013140
4011430
3110323
341401
3110320
112030
112033
4011421
30112
341410
4011412
30121
30124
4421101
3110302
30130
4421110
4011400
30133
4011403
30142
4421002
2242030
4421011
1013212
1013203
4421020
1013200
1013230
1013224
3143110
3110341
1013221
112111
2242003
2242000
112114
1013242
30202
1144300
1013233
2324002
2111011
30211
2111014
30214
3110440
2324011
2111020
112141
30220
3143200
2111023
30223
112144
4421200
2324020
2111032
30232
2242111
30241
3110413
30244
3110410
4241002
3110404
3110401
3110431
1013311
4241011
2422300
3110422
1013302
2111002
4241020
1341013
1013323
1341010
1013320
1341022
1013314
1013341
1341004
1013332
2111101
30301
1341001
112222
30304
2111041
2111044
1341040
30310
30313
30322
1341031
30331
30334
1210003
1210000
4110013
4323010
2111140
30340
4110010
2111143
30343
4110004
4241101
1423000
1423003
4110001
1013404
4241110
1013401
2111104
1013422
1423030
1210033
2111110
2324101
2111113
1013413
1341112
2324110
112300
1013410
112303
2111122
14002
1013431
1341100
2111131
1341103
1210030
2111134
2111200
30400
2111203
30403
14020
440002
14023
2324200
112330
3340030
2111212
112333
30412
1013440
14032
3340003
440023
3340000
440020
2111221
30421
1341121
2111224
30424
2242300
2111230
1341130
30430
30433
4110043
4110040
440032
30442
4110034
1210111
4110031
4110022
4323001
4110142
3422002
1341202
4110133
4110130
3422011
1210141
1341211
1210114
1423111
4110124
4110121
112411
4110112
112414
2111233
14113
2144002
4110103
2111242
4110100
2144011
1341220
1210144
14131
2144020
14134
440113
112441
14143
2111332
4110202
2144101
440131
2111341
2144110
4323100
1341301
2111302
1243003
1243000
1341310
2111311
3422020
4241200
2111314
2111320
14200
2111323
14203
1030003
1210222
3340111
1030000
1030030
1243030
2111401
2111404
440203
440200
14224
2111410
2111413
14230
14233
4143010
1030033
2111422
4110241
440230
3422101
14242
4110232
4143001
3422110
1210303
1210300
4110223
4110220
4110214
4110211
4012030
4143100
1112020
4110331
1112023
1210330
3422200
4110322
1341400
1210333
1030111
1423300
1112002
4110313
4110310
1112011
4012000
4012003
1112014
4110304
14302
4110301
2111431
14311
2144200
440302
14314
1030114
2111440
1112032
14320
440311
1030141
14323
1243111
1112041
1112044
14332
14341
440320
1030144
3242020
1112113
3242002
3242011
1112122
1112101
211003
1112104
1210411
4110340
211000
4012033
1210414
3340300
1112110
1030222
3111022
3242101
424003
424000
3111013
3111010
14413
3242110
4012141
1112131
3324001
211030
3111034
1112134
14422
424030
3111031
3324010
211033
1210441
1112140
1112143
14431
4110430
4110421
4012114
4012111
4110412
3111004
3111001
4110403
4110400
4012222
1112212
2341030
1112221
1030303
3111103
1030300
3111100
1112200
1112203
1112242
211111
2341003
424111
211114
2341000
3111043
3111040
1112224
1030333
1030330
1243300
1112230
1112233
2210020
211141
2210023
2423011
2423020
3111142
211144
2210032
2341111
1112311
3111112
3242200
1112314
3111133
1014013
2210002
3111130
1014010
3324100
3111124
1014004
2423002
1112302
3111121
1014001
1014031
1030414
3111214
1440022
1030411
3111211
1112341
1014022
1440031
3111202
1112320
1440004
1112323
1014043
1440001
211222
4012330
1014040
31000
3111223
1440013
2423101
31003
3111220
1112332
1014034
1440010
244003
244000
1030441
4012300
4012303
4422001
31030
31033
4422010
244030
1440040
1112401
1112404
4012411
1112410
1112413
1014103
1014100
4340002
2210113
2423110
1014124
211303
3144010
1440112
3111241
1014121
211300
1112440
4340011
424300
113002
1440121
3144001
3111232
1014112
1440100
1014142
113011
1440103
2210131
4340020
1112422
113014
2210134
1014133
113020
1014130
113023
2210143
1112431
211330
3111340
3013033
2423200
211333
31111
113032
31114
3013030
3144100
244111
3111331
113041
2210224
113044
2341300
4422100
1440130
2210230
2243002
2210233
2030014
3111310
2030011
3013000
31141
3013003
3111304
31144
4340200
3111301
2030002
3111322
1014202
2210200
2210203
3111313
1014223
2030044
1014220
3111403
1440211
2030041
4340101
3111400
1440220
1014214
4340110
113101
1014211
2030032
211411
113104
3111421
211414
3013114
113110
1014232
113113
2030023
2030020
3013111
3111412
1440202
2210302
2243011
113122
2210242
113131
2243020
1014241
113134
211441
113140
31222
113143
2030110
2112034
2243110
2210341
2030104
2112040
2030101
2112043
4242001
1014301
4242010
2030143
2112001
2030140
1440310
1342000
2112004
1014313
2210311
1342003
2030134
3111430
1014310
2112010
2210314
2030131
2112013
1014304
113200
2210320
113203
2210323
2030122
1014331
2112022
3013141
1440301
113212
1014322
2210332
2030113
2243101
2112031
31300
113221
2112100
31303
2112103
113224
3013222
1014340
2210413
244300
113230
113233
2112112
2210422
2112121
1342030
113242
2112124
2210431
31330
2030203
31333
2030200
1211002
1424020
1014412
1440400
4111033
2030233
4111030
2030230
1211032
1342111
1014403
2030224
1014400
1211011
1014430
2030221
1211014
1424002
113302
3013300
2030212
3013303
1014421
1211023
1424011
1211020
113311
2243200
2112130
113314
4111003
2112133
4111000
113320
113323
441004
2112142
441001
1211041
31411
441013
441010
113332
1211044
31414
441022
2030242
113341
2030302
441031
2112232
1211101
31441
2112241
441040
1211122
3341011
4324000
2030332
1211131
2112202
1211134
2030323
3341020
2030320
1424101
1211104
2112211
2030314
310000
1211110
4242100
2112214
310003
3341002
113401
2030311
1424110
1211113
2112220
113404
3013330
2112223
113410
3341110
113413
441103
310030
441100
2112301
3013411
113422
2112304
310033
1211143
1211140
113431
2112310
3423010
2112313
4111141
2030341
441112
3341101
113440
441121
441130
2014003
3423001
2014000
4111114
4111111
2030431
1211221
4111222
2030422
1342300
3423100
1211224
1211230
2014033
2014030
1211203
1211200
2030413
2030410
1031002
2030404
310111
1424200
1211212
2030401
1031023
2112322
1031020
2440000
2440003
1244020
310114
1031014
2112331
1031011
1244002
1211233
441202
2112340
2030440
1031032
1211242
1244011
310141
2440030
441211
2014111
441220
310144
2112421
2440111
1031044
1031041
2112430
1211314
3341200
1113010
2014141
1113013
1211323
1211320
1113022
2112400
1031101
2112403
1211302
1113001
2014114
2112412
1113004
1211311
4144000
1113040
1113043
1031113
3243001
1031110
310222
4013041
1031104
130000
1031134
130003
441301
3030013
1031131
3030010
4013032
1211332
1244101
1113031
441310
1113034
3030004
4111330
1244110
343000
1031122
343003
1211341
3030001
4013020
4013023
1031143
1031140
4013014
4013011
130030
130033
343030
4013002
4111303
4111300
1211410
4013113
1211413
1113112
4013110
1211422
4111411
4013104
2014222
4013101
310300
310303
1211401
1113100
1211404
1113103
3030031
212002
1211440
1031212
1113142
3030022
1031203
1031200
1031230
1113121
3243010
1113124
212023
1211431
3030043
3030040
1031224
212020
310333
1244200
1031221
1113130
3030034
1113133
130111
310330
441400
2014303
2014300
343111
3030124
130114
212032
1031242
3030121
2440300
3112033
1031233
3030112
3030142
2342002
2342011
3030133
130141
3030130
130144
1113202
2014330
4013140
1113211
3112003
3243100
1113214
3112000
3112030
4013131
3030103
3030100
4013122
3112111
1031311
1113232
1031302
1113241
310414
310411
212113
4013230
1031323
3030202
1113220
1031320
1113223
4013221
2211001
3112114
1031314
2211004
212131
4013212
1031341
212134
2342020
1031332
212143
310441
4013200
4013203
130222
2211040
4013311
2211043
1113301
1113304
4013302
1113310
3030241
2014411
3030223
3112141
3030220
1031404
1113331
2211010
2211013
2424001
1031401
3030214
212203
212200
1113340
3030211
2424010
2211022
1031422
1113313
2342101
3030232
2211031
1031413
1113322
2211034
1441000
130300
2342110
1031410
1441003
130303
2424100
343300
32002
212224
212230
3030313
1031431
3030310
2211112
212233
32011
32014
3030304
4210000
2211121
212242
1441030
4210003
32020
3030331
2211124
32023
4423000
130330
2342200
2211130
130333
3030322
2211133
1031440
32032
1310002
1310011
1113400
32041
1113403
32044
1310014
4210030
4341100
3112222
4210033
3030301
4013320
2211100
2211103
3112303
1441111
3112300
1310032
1113430
1310041
4341001
212302
1310044
4341010
114001
3014014
1310023
1113412
212311
114004
3014011
1310020
212314
114010
114013
1113421
3014002
4013410
212323
212320
4013401
32101
114022
2211142
32104
130411
3030340
32110
114031
130414
212332
32113
114034
212341
114040
32122
114043
2211232
4210114
32131
2244001
1310101
32134
130441
2211241
2244010
1310104
32140
1310110
32143
4210141
3440020
1310131
3030412
2211202
3112330
1310134
3014020
3014023
2211211
1310143
3030403
3030400
1310140
2211214
3030430
1310113
3014041
114100
2211220
3440002
114103
2211223
1310122
3030421
3014032
212413
3440011
114112
2211301
212422
3014122
2113000
32200
114121
2211304
2113003
32203
3014113
212431
114124
2211310
2211313
3440101
3014140
114130
32212
114133
3440110
2211322
32221
3014131
114142
32224
32230
1310203
32233
1310200
32242
3014110
3112411
3014104
3014101
4210111
1441300
1310224
1130002
1310230
1310233
1130011
4030000
4030003
1343002
1130014
3014200
3014203
1310212
114202
1310221
1130032
114211
2211331
2113030
2244100
114214
1130041
2113033
1130044
114220
2211340
32302
114223
1310242
1130020
1130023
1343011
32311
1343020
114232
32314
4210300
4210303
32320
114241
32323
2211430
32332
1310302
2113141
32341
3014221
1310323
1310320
1130101
1212022
3014212
1343101
1130104
2211400
2211403
4030033
1212031
4210222
1310332
1130110
4030030
1212001
1310311
2211412
1212004
2113111
4243000
1212010
1310314
2113114
3014230
3440200
114301
2211421
1212013
4030141
114304
1130131
3342001
1130134
114310
114313
3342010
3014311
1130140
1130143
1130113
1212034
32401
1343110
114322
32404
442003
442000
1310341
4112041
1212043
32410
114331
1212040
1130122
3014320
32413
4112032
4030114
4030111
114340
32422
442030
4112023
4112020
4210411
32431
4112014
3014302
4112011
32440
4112002
1212112
4112122
1310422
3211000
1130200
1130203
3211003
1212121
1310431
1212124
4112113
4112110
1310401
1212103
4112104
1212100
1310404
1310410
4210330
4112101
1310413
311002
1130224
114400
311014
114403
2113222
311011
1130230
311020
1130233
311023
114412
1212130
1343200
114421
1130212
1212133
442111
1310440
311032
1130221
1212142
114430
311044
311041
2441002
2113330
1130242
2441011
2441020
1212211
1212214
3211030
3342100
3014410
3211033
3014401
1212223
1212220
1130302
4112140
4030222
3424000
2113300
2113303
1212202
311101
4112131
1130320
311110
1130323
1212241
311104
4030330
311113
1130332
311122
1130311
3211111
4112230
3211114
311134
1212232
1130314
311131
311140
4030300
4030303
4112221
311143
4112212
1130341
4112203
4112200
1114000
4014013
1212304
4440001
1114003
1212310
4014010
4112311
4440010
4014004
1212313
4014001
4112302
1212301
1114033
2113411
311200
1212340
311203
1130422
2441101
311212
1130431
1130401
1212322
311221
2441110
3211141
1130404
1212331
442300
311230
1130410
131002
311224
1130413
1114030
131011
311233
344002
131014
131020
344011
311242
131023
3244000
344020
2441200
3031033
3031030
1130440
131032
131041
1212403
1212400
131044
4014040
3211222
1212412
1114111
4014031
3031003
4030411
3031000
4014022
4112320
