1110033
1323030
303111
3
4311111
4221000
4221003
1122330
3330111
303114
141330
30
1110030
3000333
2220033
303141
33
4014111
4221030
3000330
3033111
3123300
2220141
1110111
2214000
4104300
2214003
3324000
3000441
3111033
3111030
141411
1110141
2220111
111
303222
1110114
114
3000414
2220114
1323111
3111003
4110411
3000411
3111000
1233003
1122411
1233000
2343000
2142300
4131003
4131000
141
1104030
1104000
1110144
144
1104003
1233030
2220222
1413300
2214030
1104033
1401000
1401003
303300
2124000
303303
2124003
1233111
1143000
3111141
1143003
3330300
1401030
4401300
1401033
2124030
1110222
222
4014300
3234000
1104114
3111114
303330
1143030
3111111
33000
4131030
33003
4221111
3033300
1014003
2214111
1104111
1014000
1014030
2421030
1401111
33030
33033
1440030
2220330
1311000
1110300
1401114
1311003
1110303
4041000
330000
1440000
4041003
330003
1440003
4131111
3111222
1104141
1014033
1401141
1311030
1110330
330030
2421000
300
1311033
1110333
2220300
2220303
2421003
303
1323300
4422000
4221300
330033
414003
414000
303411
4311300
414030
330
333
1104222
1014111
2421111
1143111
33111
2331003
33114
2220411
2331000
3441000
1014114
3144000
2124111
1014141
33141
1440111
330111
4041030
1434000
1233300
330114
3111330
2202030
2202033
1401222
1311111
330141
414111
1221003
111000
111003
1221000
1110411
411
1311114
1110414
414
4332000
3111303
4041111
3111300
3312030
1311141
3312003
2202000
2202003
3312000
1221030
2331030
111030
111033
1110441
441
1221033
1104300
444
2214300
1104303
3222000
1401300
1014222
3222003
1401303
2331111
33222
2241003
2241000
1104330
4131300
3111411
3312111
2202111
1311222
1221111
1401330
1221114
1131000
1131003
330222
2112033
111111
1131030
1221141
1131033
1104411
111114
4242000
2421300
1014303
1014300
1344000
33300
1143300
33303
2112000
2202114
2112003
2241030
111141
111144
2124300
33330
1014330
330300
1440300
330303
2202141
2112030
3222030
3132003
3132000
2202222
2112111
1311300
3132030
2112114
1311303
3003000
4113003
3003003
4113000
1401411
414300
330330
1041003
1041000
4041300
2022003
3222111
2022000
1221222
2241111
1311330
1131111
111222
1131114
144003
144000
33411
1014411
1041033
2331300
1041030
3300030
2022033
2022030
3300003
3300000
1131141
144030
2202300
2202303
3312300
1422000
1221303
1422003
1221300
1311411
441003
2112141
330411
441000
3003033
4113030
3003030
4410111
441030
1221330
2022111
111300
111303
3003114
1131222
3003111
4410003
4410000
1041114
1041111
1422030
3132111
111330
2022141
111333
4113111
4410030
144111
3300033
1041141
2202330
2022114
2112222
2313003
1422111
2202411
2313000
2112300
2112303
441111
3300141
3300114
3003141
1332030
3423000
3222300
222003
1221411
111411
222000
1332000
2442000
1131300
1131303
2241300
111414
1332003
3300111
1041222
3300222
222030
111441
2022222
222033
1131330
4404000
2313030
2112330
3003222
1242003
2022303
1131411
1242000
2022300
3003300
3003303
4101033
2223030
4101030
1041303
1041300
1332111
222111
222114
3132300
2022330
4113300
144300
2313111
4101003
4101000
3000
1113000
2223000
3333000
2223003
3003
1113003
2112411
1242030
1041330
222141
4140030
4101114
4011000
1410000
4011003
1410003
4101111
1422300
3243000
4314000
441300
3030
1113030
3300330
3033
1113033
4140003
3030003
3030000
4140000
300000
1410033
300003
1242111
3003330
300030
1410030
3300303
3300300
4410300
3114030
300033
2133030
1113111
3300411
1113114
3411000
1041411
222222
3411003
2022411
3030030
4011033
1113141
2223111
3111
2133000
1410111
3114
4101141
4011030
2133003
3114003
3003411
3030033
3114000
4224000
3141
1410141
3144
300111
3030114
4134000
3114111
3030141
300114
4011114
1410114
2133111
4101222
1332300
4011111
222303
222300
3411030
300141
1404030
4140111
3030111
300144
1404000
1404003
2313300
222330
4101303
4101300
3411111
1113222
3222
3321003
2211000
2211003
3321000
1443000
1242300
4011141
300222
1410222
1314000
1113300
1314003
1113303
222411
333000
333003
1101000
1404111
4431000
1101003
4044000
3030222
1113330
333030
2424000
3300
2223300
3303
1410300
1410303
4011222
4101330
3321030
1101030
2211030
2211033
1101033
1314030
3330
3333
2211111
3231030
300300
2121000
300303
2211114
2121003
1410330
3114300
2334000
3030330
2133300
4011300
4011303
4101411
3321111
1101111
300333
3231000
3231003
1101114
1314111
300330
1140030
30000
3030303
1140000
3030300
333111
1140003
4140300
30003
1011003
1011000
1101141
1101144
4341000
1224030
30030
3411300
1140033
30033
1224003
114000
114003
1224000
1113411
3411
3414
1011033
1011030
4212000
4212003
2211141
2121030
2121033
114030
114033
3441
300414
411003
4212030
1410411
411000
4011330
300411
2244000
1140114
3141030
4122030
411030
2121141
1404300
300441
1140111
411033
30111
1134000
1134003
30114
3141003
3030411
1011114
3141000
1011111
4122003
4011411
4122000
3231111
1101222
2211222
2121111
2121114
1140141
30141
1224111
114111
30144
4122111
114114
2412000
2211300
2211303
2412003
1011144
1011141
1431000
1431003
4212111
3141111
2412030
114141
1134030
411111
1431030
1101300
3321300
1101303
1314300
411114
1140222
333300
1101330
411141
1101333
4413000
4212300
1134111
30222
1011222
2211330
2121222
1044003
1044000
114222
1044030
3303030
2322030
411222
1431111
2121330
1341000
30300
1140300
1140303
1341003
30303
444000
1011303
3303003
3303000
2412111
1011300
1212030
2322003
1212003
1341030
2211411
1212000
2322000
1101411
3432000
2121300
3231300
1101414
2121303
30330
1140330
30333
114300
114303
1224300
1044111
4122300
3342000
1011333
4110003
1011330
4110000
1101441
1212033
3141300
114330
2322111
411303
411300
1341111
1140411
1212114
1122000
1122003
411330
141003
141000
30411
3000033
1134300
30414
3213030
1011414
1011411
1212111
1122033
2232003
2232000
2121411
141030
30441
114411
141033
3000000
3000003
4110033
4110030
3000030
3303111
4323000
3213000
3213003
2232030
1011441
1212141
1122030
3000111
4110141
3213111
2232111
2142000
1431300
2142003
3123003
411411
3123000
4110114
3000114
4110111
4401003
2412300
4401000
1212222
1122111
141111
141114
1044300
1122141
1122114
141141
2322300
4104030
3000141
1341300
4233000
2142030
3123030
4104003
3000144
4104000
4440000
3033003
3033000
3123111
4014000
4014003
4104111
4401111
4311000
4311003
303000
1413000
1212303
1413003
1212300
303003
141222
4143000
4110222
303030
3000222
1413030
3303300
4311030
1212330
303033
2142111
1122222
3000300
2220000
3000303
2220003
3414000
4110330
4401030
3213300
2433000
2232300
3330030
2220030
1110000
3330003
4110303
3330000
4110300
1413111
1110003
3033030
1212411
1323000
1122300
1122303
1323003
4014030
141303
141300
