311300
2
311303
1114130
3113003
1032203
3113000
1032200
213002
11
14
213011
3031103
1114112
1032221
3031100
3113021
3211301
20
311312
213014
23
2310203
1114121
2310200
1032212
3113012
213023
131102
311321
3211310
213020
32
4014110
131111
311330
4014101
131114
1032230
41
213032
44
3031040
131123
213041
131120
131132
2130020
4014200
2130023
131141
1114202
2130032
2130041
1032302
101
3031112
2310212
104
3113030
2310221
110
213101
311402
113
2130002
1114211
213104
3031130
2310230
213110
311411
1032311
311420
122
213113
2130011
1114220
2130014
3031121
2212001
213122
131
131201
2310311
3031211
2212004
134
131204
213131
131210
2212010
3031202
2212013
140
1032320
3113120
143
131213
2310320
131222
2130101
2212022
213140
2130104
3031220
131231
2130110
2212031
3113102
131240
1114301
3113111
3211400
2310302
1442000
200
203
213203
213200
212
1032410
3113210
1114310
221
1032401
3113201
213212
224
2130113
131303
131300
230
213221
233
2212040
2130122
33002
213230
242
131312
2130131
33011
33014
131321
2130140
33020
33023
131330
2212130
2130212
4211012
33032
2130221
4211021
1311002
33041
4211030
2130230
3031310
2310401
2212100
2212103
2310410
3031301
1311032
302
1114400
2212112
1311014
213302
1311011
311
2130200
1311020
2212121
314
2130203
1311023
213311
320
323
3031400
131402
2212202
213320
332
33101
33104
131411
2212211
1311041
341
33110
344
33113
2212220
2130302
131420
33122
1311101
33131
33140
4211000
4211003
3113300
2032031
3310001
3310004
1311122
3310010
2032022
3310013
1311131
401
1311110
2032013
1311104
404
410003
2032010
410000
410
213401
410012
2032004
1311113
413
2032001
213410
410021
422
2130311
410030
410024
431
2130320
1311140
33200
434
33203
410033
2032040
440
443
33212
410042
2130401
33221
2114021
2130410
2114030
33230
4211102
1311221
2032121
4211111
1311230
3310040
1131002
2212301
2032112
2114000
4211120
410102
2114003
1311200
3310022
1311203
2212310
1311212
2032103
410111
2032100
2114012
3310031
3310130
410114
1131032
4031030
410123
410120
4031021
2212400
3310112
1131011
410132
33302
2114102
1131014
4031012
410141
3310121
2032130
1131020
1131023
2114111
33311
4211300
4031000
3310103
4031003
3310100
33320
1131041
1213010
4211201
4113020
1000013
2032220
4031102
1000010
1213013
3310202
4211210
1000004
1311320
2032211
1131101
1213022
4113011
1000001
1000031
1311302
4113002
2032202
1000022
410204
1311311
1213001
1213004
410201
1213040
1131122
410213
1000043
410210
1000040
410222
2114120
1131131
1000034
230003
1131104
410231
230000
1213031
1131110
1131113
33401
443000
230012
3130031
33410
2114210
230021
410240
3130022
230024
230030
230033
1131140
3130040
230042
1311410
1000103
2032310
1213112
1000100
4031120
3310211
2032301
3130013
1000124
3130010
1000121
410303
2114201
4031111
410300
3130004
1311401
1213103
3310220
3130001
1213100
1000112
1000142
1131221
3212021
312002
1000133
312014
1000130
410312
3212030
1131230
312011
312020
3212000
1131200
3212003
1131203
312023
1213121
3310310
230102
4031210
410321
3130103
1213130
3130100
2114300
230111
410330
4031201
1131212
3212012
230114
312032
4113110
230123
230120
312041
3310301
4113101
230132
230141
1213202
1000202
1213211
4113200
2032400
1000223
1000220
1000214
1000211
312101
1033004
410402
1033001
3130121
1000232
1131320
312110
312104
410411
3130112
1033022
410420
312113
1213220
1131302
1033013
230201
1000244
1033010
3130130
1131311
1000241
312122
230204
2311010
230210
3130220
2311013
230213
312131
1033031
312140
3130211
230222
2311022
2311031
230231
1033040
1000301
230240
1213301
3212120
1213310
3310400
3130202
1000313
3212102
4031300
1000310
2311001
3212111
2311004
1000304
1033103
1000334
1033100
1131410
3212210
1000331
312200
1000322
312203
312212
3130301
1033112
1131401
1000343
3212201
312221
1000340
230303
2311103
230300
2311100
132002
312230
2311040
1033130
132011
230312
132014
1033121
4310000
4310003
230321
132023
132020
230330
4310012
132032
1410002
1213400
1410014
132041
1410011
1000412
1000403
1000400
1000430
3032012
1410032
1000424
3130310
1001
1000421
312302
2311112
1410041
1004
3032003
3032000
3032030
1410020
1410023
2311121
214001
1010
312311
1033211
1000442
1013
214004
2311130
214010
3032021
1033202
1000433
214013
1022
3032111
2311202
230402
312320
214022
132101
1031
230411
2311211
3032102
132104
1034
3114020
1033220
132110
214031
3130400
1040
132113
1043
3032120
2311220
4310102
230420
132122
2131001
214040
2131004
4310111
1410101
132131
4310120
1410110
1410104
132140
3114011
3114002
3212300
2131040
4310021
1410131
1410140
1100
4310030
1103
3114110
1033310
1410113
214103
312401
214100
1112
3114101
1033301
312410
1410122
1121
2131010
214112
1124
2131013
132203
132200
214121
1130
1133
2131022
214130
132212
1142
2131031
132221
2000030
4310210
132230
2000024
2213030
2131112
2000021
1410200
1410203
2131121
2000012
2131130
2000003
2000000
1230002
1410230
2311301
3032201
2213000
1230011
2213003
1230014
2311310
1410212
1202
2000042
2213012
1033400
1410221
214202
1211
2131100
3032210
2213021
1214
2000033
2131103
214211
3032300
1230032
1220
1223
1230041
2311400
132302
214220
2213102
1232
4130030
34001
34004
1230023
132311
2213111
1230020
1241
4130021
34010
1244
34013
132320
4130012
2000123
2000120
34022
1410302
4130003
2000114
4130000
34031
2000111
3114200
2000102
4310201
34040
4130111
1312022
1410320
1230101
4130102
1230104
1312031
1230110
2000144
1312004
1410311
2000141
1312001
1301
1304
1312013
2000132
214301
1312010
1310
1230131
1313
2213120
2131202
214310
1322
2131211
1230140
1230113
132401
1331
2131220
34100
1334
34103
1230122
132410
1312040
1340
1343
2000222
34112
2131301
34121
2000213
2000210
2131310
2000204
34130
2000201
4310300
4212002
2033021
1312112
1230203
1230200
4212011
2033012
2000243
1312121
2000240
1312100
2213201
1312103
2033003
4212020
1410401
2000234
2033000
4130120
1400
2000231
1403
2213210
411002
1410410
411014
214400
3311030
1230230
1412
411011
411023
411020
1421
1424
2213300
1230212
3311012
1312130
1430
2033030
1433
34202
4130210
411032
1230221
3311021
1442
34211
2000312
4130201
411041
4212200
3311003
3311000
34220
2000303
2000300
4130300
4212101
1312211
2033111
2000342
1312220
1230302
3311102
4212110
2033102
2000333
2000330
2000324
411101
1312202
2000321
411110
1230320
411104
1132022
2131400
1132031
411113
1132001
411122
1230311
1132004
1132010
1132013
411131
34301
2033120
2000414
2410022
411140
2000411
34310
2410031
2000402
1132040
2410040
1214003
1214000
3311120
1312310
1001003
2033210
2000441
1001000
4032020
2033201
2000432
1214012
2410004
1001021
3311111
2410001
4032011
2410013
2000423
1312301
2000420
1001012
2410010
4032002
1132112
411203
411200
1001033
1132121
1001030
411212
1001024
2410100
4032110
1230401
2410103
3311201
411221
3131003
1132100
1132103
3131000
1214021
4032101
1230410
3311210
411230
231002
1214030
1001042
231011
34400
4114010
231014
231023
4114001
231020
1132130
231032
1001102
231041
1312400
1214102
4114100
2033300
1214111
1001114
1001111
411302
100001
3131021
1132211
1001132
2410112
100004
313004
411311
3131012
100010
100013
1001123
2410121
313001
1132220
1001120
313013
2410130
313010
1001144
100022
3131030
1001141
1214120
313022
1132202
411320
231101
100031
3000044
231104
313031
100034
3000041
231110
2410211
3131111
2410220
100040
231113
100043
3000032
231122
2230001
313040
2230004
2230010
231131
2230013
3131120
3213011
3000014
3000011
231140
1214201
3213020
3000002
3131102
1001213
4032200
1001210
3311300
3000020
3000023
3213002
1001204
2410202
1001201
1001231
3000110
3000104
100100
100103
3213110
1132310
3000101
313100
1001222
313103
411401
1214210
100112
1034012
411410
1001243
3000122
1001240
100121
2410301
3000113
3213101
1034003
313112
1132301
100124
1001234
1034000
231203
1034030
231200
100130
2230022
100133
313121
1034021
2230031
313130
231212
100142
231221
2230040
231230
2230112
2230121
1214300
2230130
1001303
1001300
2312003
3000140
1132400
3000143
2410310
2312000
1001324
3131210
1001321
3000134
100202
3000131
3131201
2312012
1001312
1034111
1001342
100211
2230103
2230100
313202
2312021
100214
1034102
1001333
2312030
1001330
100220
100223
313211
313220
3033002
3000233
2410400
231302
2312102
1034120
100232
3131300
3000230
133001
2312111
231311
3000224
133004
133010
100241
3033020
100244
133013
2230202
4311002
231320
2312120
133022
3033011
3000242
3213200
4311011
3000200
133031
3000203
1411004
1411001
4311020
3000221
133040
1001402
3000212
1001423
1411031
3000302
1001420
1001414
1001411
100301
1411013
2000
313301
100304
2003
1034201
3000314
1411010
100310
1001432
100313
3000311
313310
1411022
2012
2230211
100322
2021
2024
231401
100331
133103
1034210
2230220
1001441
2030
133100
100334
2033
231410
1411040
100340
100343
133112
2042
2132000
2132003
133121
2230310
4311110
133130
1411100
1411103
2132012
2132021
2132030
3000332
3033101
1411121
2312201
3000320
3000323
1411130
100400
2312210
100403
1034300
2102
3033110
3000341
313400
1411112
100412
2230301
2111
3000431
2114
100421
2120
100424
3000422
2123
2312300
100430
133202
100433
3410021
2214002
2132
3000440
133211
3410030
2214011
100442
2141
3033200
2144
2001023
2001020
3410000
133220
3410003
3410012
2001014
2001011
3000413
2001002
3000410
3000404
4311101
3000401
1411220
3410102
4131002
2001044
3410111
1231001
1231004
2001041
2001032
1411202
2201
2204
1411211
2230400
2210
2214020
1231031
2213
2132102
2222
2132111
1231010
133301
1231013
2231
2132120
2234
133310
1231022
2240
2243
2001113
2001110
2132201
2001104
1231040
2132210
2001101
1313012
4311200
1100021
1100024
2001143
1313021
2001140
1231103
1100030
1231100
1100000
1411301
2001134
4131020
1100003
2214101
2001131
1411310
4131011
1313000
3410120
2300
2001122
1100012
1313003
2214110
2303
3230000
3230003
1231121
1231130
2312
3230012
1100033
2321
1313030
2324
4000040
4000043
3410210
330002
4131110
2214200
2330
133400
1231112
1100042
330014
2333
330011
4000034
330020
4131101
4000031
330023
2001212
2342
4000022
4213100
3410201
2001203
2001200
4000013
330032
4000010
4000004
4000001
330041
4000124
1100114
1313111
4000121
2034011
2001242
3410300
1100120
4213001
1100123
4000112
2034002
2001233
2001230
4213010
2001224
1100102
4000100
4000103
1313102
2001221
1411400
1100111
1100144
412004
2402
1231220
412001
2411
412013
2132300
412010
2414
330101
1231202
412022
3230021
1313120
2420
1100132
2423
1231211
412031
330110
2034020
330104
1100141
3230030
2432
2001311
330113
2001302
2441
412040
330122
330131
330140
3230120
2034110
1100210
2001341
1313201
1100213
3312020
3230102
2034101
2001332
3230111
1100222
1313210
3312002
4000142
2001323
2001320
4000133
3312011
1100201
2001314
1100204
4131200
4000130
1100240
412103
412100
1100243
1133012
3230201
4000241
1133021
4033010
4033001
4000232
412112
3312101
1231301
1100231
1133000
1133003
1100234
2411000
3312110
1231310
330200
330203
2411003
412121
4000220
330212
4000223
2001404
412130
2001401
330221
4000214
4000211
330230
4000202
1133030
1313300
4000313
2034200
1100312
2001431
4000310
4000304
4000301
2001422
1002014
1002011
2001413
1100300
2001410
1002002
1100303
2411012
1133111
1100342
1002023
2411021
1002020
412202
1100321
2411030
1002044
3230210
1100324
412211
1002041
1100330
1231400
412220
330302
1100333
2001440
1002032
1133102
330311
232001
2411111
3132011
232004
232010
3132002
232013
1133120
2411120
330320
232022
3132020
232031
1100402
4000340
1100411
232040
3230300
1100414
4033100
1002110
4000331
1002104
3312200
2411102
1002101
4000322
3214001
1133201
1100432
3001004
3001001
1002122
1100441
101000
101003
3214010
412301
1133210
1002113
1002143
412310
4000430
1002140
3001022
314000
1100420
101012
314003
1100423
4000421
3001013
314012
1002134
1002131
101021
3001010
4000412
314021
101024
330401
232103
101030
232100
101033
314030
4000400
4000403
330410
232112
101042
4410101
232121
4410110
232130
2231012
2231021
4410002
2231030
1002203
1002200
4410011
3132110
1002221
1133300
2411201
4410020
3001034
3132101
3001031
1002212
2411210
101102
314102
1002233
101111
412400
2231003
1002230
2231000
314111
101114
3001040
3001043
1002224
2411300
3001133
101120
2100002
101123
3132200
3001130
2313002
3001124
232202
2100011
3001121
314120
1002242
101132
2100014
2313011
232211
2100020
101141
2100023
101144
4410200
3001142
2231102
2313020
232220
3001100
3001103
3214100
1002302
4230002
3001112
4230011
1330004
1330001
1002314
1002311
1330013
1330010
101201
1002332
3001214
101204
3001211
101210
1002323
101213
314201
1002320
3001202
2100032
2231111
314210
101222
2100041
1002341
1330040
2100044
232301
101231
134003
1330022
134000
2231120
101234
232310
101240
101243
1330031
134012
4312001
2100131
2231201
2100134
134021
2231210
4312010
2100140
134030
2100143
4230101
4230110
1330100
1412021
1002413
1330103
2100101
1002410
2100104
3001220
3001223
1412030
1002404
2313101
2100110
1002401
1002431
2100113
3034010
3001241
2313110
1412000
101300
1412003
101303
314300
1002422
1412012
2100122
3002
3001232
3034001
101312
3011
4230020
1330130
3014
1002440
3001322
2100200
101321
2100203
3020
3001313
101324
3023
3001340
2313200
101330
232400
1330112
2100212
101333
134102
3032
3034100
1330121
2100221
134111
3001331
101342
3041
3044
134120
3001310
3001304
3001301
1412120
3411002
1330202
1412102
3001400
3001403
1412111
101402
3101
2100224
3104
101411
2231300
2100230
3110
101414
2100233
3113
2133002
101420
101423
2100242
3122
2133011
1330211
1330220
101432
3131
134201
2133020
3134
2100320
101441
134210
2100323
2002013
2002010
3140
3143
2002004
2100332
2133101
2002001
2100341
2133110
3001421
4312100
2002043
2002040
1412210
1330301
3001412
2002034
2100302
2002031
3411011
2100311
4230200
3411020
2002022
2100314
3001430
1412201
3200
3203
1232021
1232030
3212
1232003
2100401
3411110
1232000
1330310
2100404
4132010
3221
3224
2100410
2100413
134300
4132001
3230
1232012
3233
3411101
2002103
2002100
3242
4214000
2002142
4001021
1101011
1314002
1101014
4001012
2002133
2002130
1101020
1314011
1101023
2002124
4001000
4001003
2002121
1412300
1101002
2002112
1101041
1101044
2100422
3302
1232120
2100431
3311
2133200
1314020
3314
1330400
1232102
2100440
3320
1101032
331004
3323
331001
1232111
331013
3332
2002202
331010
331022
3341
3231011
331031
3231020
1101104
1314101
331040
2002232
1101110
1101113
1314110
3231002
4001042
2002223
2002220
3411200
4001033
2002214
4001030
4132100
2002211
1101101
4001024
3313010
200003
1232210
3100013
200000
1101140
3100010
1101143
4001141
3401
3100004
3231101
3404
413003
413000
3100001
200012
3100031
4001132
3410
1101122
413012
3413
200021
3100022
331100
331103
3313001
1101131
200024
1232201
413021
200030
4001120
3422
1101134
4001123
2002241
413030
200033
2002301
4001114
3431
200042
4001111
331112
3440
4001102
331121
331130
1101200
4001213
1101203
2002331
2330021
4001210
4001204
1314200
2002322
1101212
4001201
2330030
2002313
2002310
2002304
1101233
1134002
3100043
200102
3100040
413102
1134011
1101242
200111
3100034
2330003
413111
200114
2330000
1101221
3231110
1101224
200123
2002340
200120
1232300
1101230
2330012
3100142
2412002
413120
331202
200132
3100133
3100130
200141
331211
2412011
2412020
3231200
331220
200144
2330102
1134020
2330111
2002430
4001240
1101302
3100103
2002421
3100100
4034000
1101311
2002412
4001231
1003004
3100124
1003001
3100121
4001222
2002403
3313100
2002400
3100112
1003022
1134101
1101332
3100202
1003013
200201
1003010
1101341
4001330
1134110
200204
3100223
200210
1101314
3100220
4001321
1003034
200213
413201
1003031
1101320
3100214
1101323
3100211
413210
200222
4001312
20000
331301
20003
200231
233003
4001300
200234
4001303
233000
2330120
331310
1003043
20012
1003040
200243
200240
20021
233012
20024
4411001
20030
233021
2330210
20033
233030
4001402
1101401
20042
1101404
1003103
1003100
2412101
3133001
1003112
3100232
1101431
1134200
2412110
200303
200300
413300
1003133
1101410
102002
1003130
1101413
2330201
102011
1003124
200312
3133010
1003121
3100241
1101422
102014
200321
3002030
3133100
3100331
102020
3002024
102023
20102
200324
3002021
200330
1003142
2412200
3100322
233102
331400
200333
20111
1101440
102032
20114
233111
200342
3002042
102041
20120
3100340
20123
3002033
102044
2330300
4411100
3100301
233120
20132
20141
20144
3002012
4001420
3100313
3100310
3002000
4001411
3002003
3100304
4411010
1003214
1003211
1003202
200402
3002111
3100412
102101
200411
1003223
102104
1003220
3002102
3100403
200414
3100400
102110
2232002
102113
200423
1003241
200420
2232011
20201
102122
20204
1003232
233201
102131
20210
200432
20213
2232020
102134
233210
200441
102140
20222
102143
2232101
2101031
20231
2101034
20234
2232110
2101040
20240
2101043
20243
4231001
1003310
3100430
4231010
3002120
3002123
1003304
2101001
1003301
3100421
1331000
2101004
3002114
1331003
3002141
2314001
2101010
1003322
2101013
2314010
102200
3002132
102203
1003313
2101022
1331030
3002222
1003340
102212
3002213
20300
1003331
2101100
102221
20303
2101103
3002210
1331012
102224
233300
2314100
102230
2101112
102233
20312
1331021
3002231
20321
102242
20324
20330
20333
3002204
3002201
20342
4100030
1003403
1200023
1413011
1200020
4100024
1003400
1413020
1331102
4100021
1200002
3002300
3002303
1003421
4100012
1200011
1003412
1200014
4100003
4100000
1413002
102302
2101121
4001
2101124
1331120
4004
102311
1003430
2232200
2101130
4010
102314
2101133
3002240
4013
102320
1200032
430004
102323
20402
1331111
2101142
4022
430001
1200041
20411
430013
430010
102332
1200044
20414
4031
430022
4034
2101220
102341
20420
2101223
20423
4040
430031
4043
2101232
20432
2134001
3330020
20441
2101241
2134010
430040
3330002
1413110
1200113
3002312
1200122
4313000
3330011
2101202
4100042
3002330
1200101
1413101
1200104
2101211
1200110
4231100
3002321
2101214
4100033
102401
4100
102404
3002411
3330101
4103
102410
3330110
102413
3002402
4112
1200131
430103
430100
4100141
1200134
3412001
2101301
1331201
102422
2101304
3002420
4121
4100132
4124
1200143
3412010
1200140
2101310
1331210
102431
4130
2003003
4133
4100123
2003000
430112
4100120
102440
4100114
4142
430121
4100111
430130
4100102
4100222
1413200
1200212
2003033
2003030
4100213
4100210
2003024
1200221
4100204
2003021
4100201
1200203
1200200
2003012
1200242
1233011
1020014
2101313
1020011
2101322
4202
1020002
1233020
1331300
1200224
2101331
4211
1200230
2134100
4214
1233002
1020023
1200233
1020020
2003042
2101340
430202
4220
4223
2003102
1020044
2101412
430211
1020041
4232
430220
2101421
1020032
4241
2101430
1102001
2003132
1102004
1200311
1200314
3330200
1102010
2003123
1102013
2003120
4100240
3412100
2003114
4133000
2101400
2003111
4100231
2101403
1200302
1020110
1102034
4002041
1233110
1200341
1020104
1102040
1020101
1102043
4002032
4301
4304
1200323
1200320
4100330
1020122
4310
1102022
4002020
4313
4002023
2003141
430301
1200332
1020113
1233101
1102031
4100321
1020143
430310
4322
4002014
1020140
332000
4002011
332003
4100312
1020134
332012
4331
1020131
4002002
332021
4100303
4100300
4340
332030
2003231
4002110
1200401
1102100
4100411
4002104
1200404
1102103
4002101
2003222
1200410
4100402
1200413
2003213
2003210
2003204
2003201
1233200
1102130
1020203
1102133
1020200
201002
1200440
1102142
3232001
201011
4400
1102112
1020221
4403
414002
1200422
201014
2003240
1102121
3232010
1020212
201023
4412
1102124
414011
1200431
201020
414020
332102
4421
3101033
1020233
430400
3101030
1020230
332111
201032
4430
1020224
3101024
201041
3232100
201044
2331002
1020242
3101042
332120
4002140
3314000
3101003
3101000
2003321
1102202
4002131
2003312
3101021
4002122
2003303
2003300
4100420
3101012
4002113
1020302
3101102
1102232
4002230
201101
4002221
414101
201104
1102211
3101114
1020314
201110
1102214
3101111
414110
1020311
4002212
201113
2003330
1102220
1102223
2331011
201122
1020332
4002200
4002203
201131
1020323
332201
201134
2331020
1020320
1102241
201143
201140
332210
1020341
2003420
4002302
2200034
2331110
2200040
2200043
2003411
1102301
2003402
2200001
1102322
3101132
1004012
1430000
2200004
1430003
1430012
2200010
1102331
2200013
1004003
3101123
2413001
1004000
3101120
201203
1102304
1004030
1020413
201200
1020410
2413010
1102310
2200022
1004024
1102313
3101141
1004021
1020404
2331101
414200
2200031
1020401
201212
1020431
3101231
2200100
1004042
2200103
201221
2413100
3101222
332300
1020422
21002
201224
201230
1004033
1430021
2200112
234002
201233
21011
1102340
21014
1020440
3101240
2200121
234011
201242
1430030
21020
2200124
3134000
21023
4412000
234020
21032
4002320
21041
3101213
21044
3101210
4330100
4002311
3101204
3101201
1004111
1430102
1102421
1004102
1430111
1102430
1102400
4330001
1102403
1004123
201302
4002410
3003002
1004120
4330010
3101303
103001
3101300
4002401
201311
1102412
1004114
103004
201314
1004141
2331200
2200130
103010
2200133
103013
201323
201320
1004132
21101
2200142
103022
21104
234101
103031
21110
201332
21113
103034
234110
1430120
201341
103040
103043
21122
2200232
2233001
21131
3003041
21134
2233010
2200241
21140
21143
3003020
2020031
3003023
1004204
3101321
1004201
2020022
3003014
2200202
1430201
3003011
3101312
1004222
2200211
2020013
2020010
3003032
2200214
2020004
201401
1004213
3101330
2200220
103100
1004210
2200223
103103
2020001
201404
201410
3101420
3003113
201413
1004231
103112
3003110
3101411
2200301
3003104
201422
2102000
103121
21200
2200304
2102003
21203
201431
2020043
103124
3003131
2020040
2200310
1430210
2200313
234200
103130
2020034
103133
21212
2102012
3003122
1004240
201440
21221
103142
21224
21230
3003101
21233
3101402
21242
4232000
1004303
2020124
1004300
2020121
1430300
2020112
1004312
2020103
2020100
1332020
2200322
103202
1004330
2102021
2102024
3003140
2200331
103211
2233100
2102030
1004321
103214
2020142
2102033
2200340
103220
1332002
103223
21302
2102042
2020133
2020130
1332011
21311
103232
2102114
21314
2200421
103241
21320
2102120
21323
2102123
2200430
21332
2102132
2102141
21341
1201010
3003212
2020223
2020220
1414001
1201013
2020214
1201022
3003200
2020211
3003203
1414010
2200400
2200403
3003230
2020202
1004411
2102102
3003221
1201001
2200412
1004402
1201004
2102111
1201043
3003311
1201040
103301
103304
3003302
3331001
1004420
4101041
2020241
103310
103313
1332101
3003320
1201031
4101032
2020232
1201034
21401
2102201
1332110
103322
21404
2102204
431003
431000
4101023
4101020
103331
431012
21410
21413
4101014
431021
4101011
103340
21422
431030
4101002
21431
21440
2102240
1414100
4101113
2020313
4101110
2020310
1201112
4101104
2020304
4101101
2020301
1201103
1201100
2102210
1201142
2102213
300002
103400
300014
2020340
103403
2102222
300011
3331010
300020
300023
1201121
2020331
103412
1201124
2102231
1201130
431102
1332200
2020322
103421
1201133
431111
300032
103430
300044
2102312
300041
3200033
2102321
431120
2430002
2102330
3200042
2430011
1201202
2020412
3003401
3200021
3200024
2004023
1201211
4101140
2004020
1201214
2020403
3200030
3331100
2020400
3200000
2004014
3200003
4101131
2004011
3413000
4101122
2102300
2004002
3200012
3003410
2102303
300101
3200114
1201232
1234001
1021004
1021001
3200120
1234010
300110
3200123
1201241
300104
4101230
2020430
1021022
300113
1201223
3200102
1201220
2004041
1021013
4101221
2020421
1021010
300122
2004032
3200111
2430020
4101212
300134
1021034
300131
431201
300140
1021031
300143
431210
4101203
4101200
1021043
1021040
4003004
4101311
4003001
2004122
1201301
4101302
1103000
1201304
1103003
1201310
2004113
2004110
2004104
2004101
1021103
1103024
1201331
2102402
1021100
1103030
1234100
1103033
2102411
300200
1201340
300203
2430101
300212
2004140
1201313
3200132
1103012
2102420
1021112
1201322
300221
2430110
3200141
2004131
1103021
3200240
431300
300230
3020012
1021133
120002
300224
1021130
120011
1021124
3020003
300233
3020000
1021121
333002
120014
3020030
1103042
120020
333011
300242
120023
3020024
3200231
3233000
333020
1021142
3020021
4003040
2430200
120032
3200210
2004221
3200213
120041
1201403
4003031
2004212
1201400
120044
3200222
1103102
4003022
2004203
4101320
2004200
4003013
3200201
3200204
4003010
1103120
1103123
1201430
4003130
3200312
300302
4003121
1103132
3102014
1021214
202001
300311
3102011
1021211
4003112
1201412
1103111
202004
2004230
202010
1103114
3200300
4101410
3102002
1021202
300314
202013
3200303
1201421
4003100
4003103
300320
120101
3020042
202022
4101401
300323
333101
300332
1021223
120104
1021220
202031
3020033
120110
120113
300341
202034
333110
1103141
1021241
202043
120122
202040
1021232
2332001
120131
3020141
120134
2332010
2004311
3020132
120140
120143
2004302
3020111
1103222
3102023
3020102
3102020
1103231
300404
3200321
1021310
1103201
202103
1103204
300401
3020123
3102041
3020120
202100
1021304
300413
3200330
1021301
1103210
3020114
1103213
300410
2004320
3102032
300422
3020204
202112
3102122
1021322
3020201
2201000
120200
2201003
120203
202121
300431
3102113
1021313
202124
3020222
202130
3102140
1021340
2414000
3200420
333200
120212
2201012
202133
1103240
3020213
300440
3102131
120221
3020210
1021331
2201021
202142
120224
3200402
2004410
120230
120233
4003220
3200411
2004401
3102110
120242
4003211
3102104
4331000
3102101
4003202
1103312
1103321
1431002
4003310
1103300
3102203
1021403
1103303
3102200
1021400
4003301
202202
202211
2201024
1021421
202214
2332100
2201030
2201033
3020231
1021412
202223
120302
202220
22001
1103330
2201042
22004
1431011
120311
1431020
1021430
22010
120314
202232
22013
3020240
120320
2201120
4200002
120323
202241
2201123
3020330
22022
4200011
120332
2201132
4200014
3020321
22031
22034
4200020
2201141
120341
4200023
22040
22043
4200032
3020303
3020300
3102221
1103411
1300022
1431101
4200041
3102212
1300031
1103420
2201102
1300001
2201111
3020312
1300004
1300010
3102230
1103402
2201114
1300013
202301
3004013
104000
104003
202304
3430001
202310
3004010
3102311
3004004
202313
3004001
104012
3430010
120401
2201201
1300034
202322
3004031
1431110
22100
104021
3020411
120404
2201204
22103
1300043
202331
104024
1300040
3004022
120410
2201210
120413
3020402
2201213
3102320
104030
104033
22112
120422
202340
22121
104042
22124
120431
3102302
22130
4003400
22133
120440
22142
4200131
1300112
2021021
1300121
2021012
4200140
1300124
1300103
2021003
2021000
1300100
202403
202400
3004040
2201222
104102
3020420
2021042
104111
2201231
202412
1300130
2234000
104114
1431200
1300133
202421
2021033
2021030
104120
2201240
22202
104123
1300142
202430
2021024
2201312
2103011
22211
104132
2103014
22214
2201321
2103020
104141
22220
2103023
3004130
22223
2201330
2103032
22232
3430100
1300211
22241
2021114
4200101
1300214
3102410
4200104
2021111
3004100
3004103
1300223
4200110
3102401
1300220
2021102
4200113
3004121
2201300
2201303
1300202
4200122
2103002
3004112
1300241
1333010
3004202
1120022
104201
4020020
4020023
2021141
104204
1120031
1120001
3004220
2021132
4020014
104210
104213
1120004
4020011
1300232
1120010
2201402
1120013
1333001
2103101
22301
2021123
3004211
2021120
4020002
104222
22304
2103041
22310
104231
22313
4200302
104240
22322
1120034
4200311
1120040
1120043
22331
1202003
1202000
1300304
4102013
2021213
2103140
4102010
22340
2021210
1300310
4200200
1300313
4102004
2021204
4200203
1202012
4102001
2021201
4200212
4200221
1300301
2103104
1120112
2201411
1202033
4200230
2103110
2021240
1300340
1120121
1202042
2103113
104300
1120124
2201420
104303
1300322
2021231
2103122
4020041
1120100
1120103
1202021
1333100
1300331
2021222
104312
1202024
2103131
1202030
4020032
2103200
22400
104321
2103203
22403
432002
104330
2103212
22412
432011
4200401
4020140
3332000
432020
1120130
1120133
2103221
22421
4200410
4020131
2103230
22430
1120142
1300403
3004301
1300400
1202102
4102040
4020122
2021303
2021300
4020113
1202111
1300412
4102031
4020110
4020104
4020101
4102022
3004310
4200320
4020221
1120211
3201011
3201014
1202132
1120214
301004
4020212
3201020
2021330
4102130
301001
1120220
1120223
1202141
3201023
1202114
301013
104402
4020200
4020203
1300421
301010
4102121
2021321
1202123
3201002
104411
301022
1202120
1120202
1300430
3004400
4102112
2021312
1120241
432101
301031
104420
432110
4102103
4102100
301034
301040
301043
1120232
4102202
2021402
2431010
1202201
1202204
3201041
1120304
1202231
2103302
1120310
301100
1120313
301103
2103311
1202210
2021420
1022012
1202213
2103320
3201032
4020230
2431001
1202222
1022003
301112
1120301
2021411
1022000
2300003
301124
1022030
2300000
3201140
301121
1120340
1022024
2103401
301133
1022021
432200
301130
2300012
2103410
3201122
301142
1202240
1120322
1022042
2300021
2431100
1120331
2300024
3201131
2300030
4020320
1022033
3201104
3201110
3201113
4020311
1202303
1202300
4102220
4020302
3201101
4102211
3201200
1120400
1120403
4004030
3201203
1202321
1104020
4020410
1104023
1202330
4004021
4020401
3201212
1120412
1022111
4004012
1104002
301202
4102310
1022102
301214
1202312
1104011
4004000
4004003
1104014
301211
301220
2300033
4102301
301223
1022123
1022120
121001
2300042
1022114
121004
1104032
1022141
121010
334001
301232
1120421
121013
1104041
1022132
301241
334010
1120430
121022
3021032
121031
2300132
121034
2300141
121040
121043
3021041
1104113
3021002
2300102
1202420
1104122
2300111
1202402
2300114
3021023
301301
3021020
4430000
1022204
3201221
1104101
1022201
203003
2300123
3021014
1104104
1202411
301310
203000
2300120
301304
3021011
3201230
1104110
1022222
3103022
3021101
301313
203012
2300201
3103013
1022213
3103010
121100
1022210
203021
301322
121103
2300204
2300210
334100
1104131
203024
203030
2300213
3021113
301331
3201320
3021110
3103031
301340
1022231
121112
203033
1104140
2300222
3021104
121121
203042
121124
4004120
3201302
121130
121133
3201311
1022240
4004111
3103004
3103001
121142
4004102
4102400
2120033
1104212
3201401
2120042
1104221
4004210
1022303
3103103
1022300
3103100
4004201
1104200
1104203
301400
203102
301403
2120000
301412
2120003
203111
2300231
3021131
1022312
203114
301421
2333000
3021122
2120012
3103040
203123
301430
2300240
203120
121202
1022330
2120021
1104230
2120024
3021140
121211
2120030
1022321
203132
121214
3021230
2300321
2202020
121220
2202023
203141
121223
2120102
2300330
3021221
2120111
2202032
121232
2120114
2202041
121241
2120120
2120123
1104311
3103112
2300303
2300300
3201410
3021212
2202002
3103130
2202011
2300312
3021203
3021200
1104302
3103121
2202014
203201
1022411
3103211
203204
203210
3103202
1022402
203213
1104320
2300402
3021311
2202101
1432001
121301
203222
2300411
23000
3021302
2202104
121304
23003
3103220
1022420
203231
2202110
1432010
121310
121313
23012
2120132
203240
121322
2120141
23021
23024
4004300
121331
23030
23033
121340
1104401
23042
4201031
1301012
2120231
1104410
1301021
4201040
2120240
1301003
1301000
2202113
1301042
203303
3021320
203300
2300420
2120201
2202122
2120204
1432100
2202131
2120210
203312
1301024
1301030
2120213
121400
1301033
203321
121403
2202140
2120222
23102
203330
2202212
121412
23111
23114
2120300
2202221
3021410
121421
2120303
23120
23123
2202230
121430
2120312
23132
2022014
3103310
1301111
23141
2022011
1301114
4201001
3103301
3431000
2022002
4201004
4201010
4201013
3021401
2202200
2202203
1301102
4201022
400004
3300023
3300020
1301141
2022041
3103400
400001
203402
400013
400010
2022032
3300002
203411
400022
1301123
1301120
3300011
2022023
400031
2022020
3300014
2202302
203420
1301132
23201
2120321
400034
23204
2120330
23210
400043
23213
400040
4201202
23222
4201211
23231
2022110
1301201
2120420
2022104
1301204
2104040
23240
1301210
2022101
4201100
1301213
4201103
4201112
2104001
4201121
400103
2022140
400100
1334000
2104004
1121012
2202311
2104010
4201130
1301240
1121021
2022131
2104013
2202320
3300032
2120402
2022122
1301222
2104022
400112
1121000
1121003
400124
3300041
2120411
1301231
2022113
2104031
400121
2202401
400133
1121042
23300
2104100
400130
23303
2104103
400142
2202410
4021040
2104112
23312
3300131
1121024
4201301
1121030
1121033
2104121
23321
4021031
3300140
4201310
23330
3300113
4021022
1301303
2022203
2022200
1301300
3300122
1203002
4021013
4021010
4021004
4021001
3300101
3300104
3300110
1301330
4201220
4021112
3300212
1121111
4103030
2022230
1203032
1121114
400202
3300221
400214
1203011
4021100
4021103
2022221
1301312
4103021
1203014
400211
3300203
400223
3300200
2022212
400220
1301321
4103012
1203023
1203020
1121102
2104130
220001
1121141
4103003
4103000
220004
220010
23402
400232
220013
433001
1121120
1121123
1203041
23411
433010
220022
400241
220031
23420
1121132
2022302
4103102
220034
3120041
220043
1301402
220040
1203101
3120032
1203122
1121201
3120014
3120011
1121204
1203131
2104202
400301
1121210
1121213
3120002
2022320
1301411
400310
1203104
2104211
3300230
302000
1203110
400304
302003
4021130
3120023
302012
2022311
1203113
3120020
2104220
4021121
400313
1301420
3120110
302021
400322
220103
3120104
220100
3202040
1121240
302030
3120101
433100
302024
2104301
400331
3300320
400340
220112
302033
3120122
1203140
2104310
3202022
1121222
4021220
220121
3120113
1121231
302042
3202031
220124
3202001
220130
3202004
3300311
4021211
220133
3202010
3202013
220142
4103120
4021202
4201400
4103111
3300302
3300401
4021310
3202100
1121300
1121303
1203221
3202103
3300410
4021301
1203230
1203203
1203200
302102
2022410
4103210
1023002
400403
400400
400412
302111
1203212
2022401
4103201
1023023
1023020
1121330
3120140
400421
2432000
302114
400430
1023014
220202
1023011
3120131
302120
302123
220211
302132
1121312
220214
1023032
1121321
302141
220223
220220
40001
40004
3120230
40010
2301032
220232
40013
1023041
2301041
220241
40022
40031
3202130
40034
3120203
3120200
40040
2301002
1203320
40043
1121402
2301011
2104400
3202112
1023101
3120221
1203302
2301014
302204
3202121
3120212
2301023
1203311
302201
2301020
3120302
302213
1023113
302210
1023110
302222
2301101
220301
1023104
122000
1121411
122003
2301104
3202211
3022013
220304
302231
1023131
3022010
2301110
220310
3120311
2301113
3022004
220313
3202220
1023122
1121420
122012
3022001
4300001
220322
40100
302240
122021
4300004
4021400
40103
220331
122024
3202202
4300010
1023140
4300013
122030
122033
40112
4300022
220340
40121
4103300
122042
40124
4300031
1203410
1400021
40130
40133
1400030
3202301
1400024
40142
1400000
1400003
302300
1400012
302303
1203401
2301122
3022031
204002
1023212
2301131
3022022
204011
1023203
302312
204014
1023200
3120320
220403
1023230
220400
1400033
204023
302321
3022040
2301140
204020
122102
1023221
302330
122111
220412
1400042
122114
204032
4300100
4300103
2301221
220421
3022121
122120
2121002
204041
40202
122123
2301230
220430
3022112
4300112
2121011
40211
122132
2121014
40214
4300121
2121020
3022130
122141
40220
2121023
40223
4300130
3104012
1400114
40232
3104003
1400120
1400123
3104000
2301203
3104030
40241
2301200
1400102
3120410
3202310
3022103
1400111
3104021
3022100
3120401
2301212
3104111
1023311
204101
302402
4300040
1023302
3104102
204104
204110
302411
3202400
302420
1400132
204113
3022202
2301302
1023320
3104120
1400141
2203001
122201
204122
2301311
2203004
122204
204131
122210
122213
2121032
40301
122222
204140
40304
2121041
40310
122231
40313
1400213
2203040
122240
2121122
40322
1400210
1400222
2121131
40331
2121140
40340
1400204
1400201
3022220
2203010
2203013
1400240
1023401
1220021
204203
1220024
2301320
204200
1220030
2121101
3022211
2203022
2121104
1220003
1220000
1400231
2203031
2121110
204212
2121113
1433000
1023410
122300
122303
204221
1220012
2301410
24002
204230
3022310
2203112
122312
24011
24014
2203121
2121200
40400
122321
1220033
2121203
40403
24020
4120040
24023
1220042
2203130
122330
2121212
40412
24032
1302002
4120031
40421
3104201
1302011
4120022
24041
4300202
1302014
1400312
40430
4300211
3022301
4120013
4120010
1400300
1400303
2301401
4120004
4300220
2203100
3104210
2203103
4120001
1220114
3104300
1302032
4120121
1220123
1302041
1220120
204302
4120112
1302023
204311
1400321
1220102
1302020
4120103
4120100
1220111
1400330
204320
122402
2121221
24101
24104
122411
2121230
24110
4300400
24113
122420
4202102
1220132
24122
4202111
1220141
2023004
24131
1302101
2023001
1400402
2121320
1302104
4300301
24140
1302110
1400411
4202000
4202003
4300310
4202012
1302131
1220210
2203202
4202021
1220213
2023031
2203211
1220222
401003
4202030
401000
3022400
1302140
2023022
1400420
1302113
204401
401012
2203220
2121302
1302122
204410
2023013
1220201
401021
2023010
4120130
1220204
2121311
401030
3301040
1220240
1040012
2203301
401024
24200
24203
1040003
2203310
401033
1040000
1040030
24212
401042
3301031
1220231
1040024
2121401
4202201
1040021
24221
2023040
3301010
2023103
2023100
4120220
4202210
1040042
24230
3301013
1302203
1302200
3301022
4120211
1040033
4120202
3301001
3301004
4022012
1122002
2023130
1302230
4120310
4202120
401102
3301112
1122011
1220312
4022000
4022003
2023121
1122014
401111
4120301
2023112
1302212
401114
1220303
3301103
1220300
1302221
3301100
1040111
1122032
2121410
401123
401120
1122041
1040102
401132
24302
401141
1220321
1040123
1122020
1122023
24311
1040120
1220330
1040114
24320
1040141
2400032
1040132
2400041
1302302
1220402
1302320
1122101
1204022
2400002
1220411
2203400
1122104
2400014
2023220
1204031
2400011
1122110
2400020
401204
4022030
2400023
3301121
1204001
1302311
2023211
1204004
401201
3301130
4022021
1204010
401213
2023202
401210
1204013
401222
2400101
1122131
3121004
1040204
3121001
1040201
221003
401231
2400110
221000
2400104
1122140
1122113
1040222
3121022
24401
2400113
4022120
434000
3301220
1220420
221012
3121013
1204040
24410
1040213
1122122
3121010
1040210
2400122
401240
221021
3301202
4022111
221024
221030
1040231
3301211
4104020
221033
4022102
4120400
221042
4104011
4202300
4104002
1040240
1204112
4022201
3301301
3203000
1122200
1122203
3203003
1204121
3301310
4104110
2023310
401303
1302401
401300
1204103
1204100
1302410
4104101
2023301
303002
1040303
303014
1040300
401312
2400131
303011
1122230
2400140
303020
3121031
303023
221102
401321
1204130
401330
221111
1122212
1040312
221114
303032
1122221
3121040
221123
2400230
2220002
221120
303041
1040330
3121130
2220011
3121121
1040321
2220014
221132
2220020
2220023
221141
3121103
1204211
3121100
3203030
2400200
1204220
2400203
1122302
2400212
3203012
2023400
3121112
1204202
2400221
303101
401402
3203021
4022210
3203120
1122320
303110
1024013
303104
401411
1024010
2400302
401420
1024004
303113
1024001
1024031
2302001
221201
2400311
1040411
3121211
303122
1122311
3203111
2302004
221204
2302010
1024022
221210
3121202
1040402
2302013
221213
303131
303140
4022300
2220032
221222
1024040
2220041
41000
3301400
41003
1040420
221231
3203102
41012
4104200
221240
41021
41024
2220131
1204310
41030
41033
2220140
41042
1204301
2400320
2220101
303200
2302022
303203
303212
1024103
2220104
3121220
1024100
2302031
2220110
2220113
1122401
303221
221303
1024121
221300
303230
2220122
2302040
1122410
123002
1024112
123011
2302112
3023021
221312
123014
4301000
2220200
4301003
2220203
2302121
3023012
221321
123020
1024130
123023
41102
2302130
221330
2220212
4301012
41111
3023030
123032
41114
2220221
4301021
123041
41120
1204400
1401014
41123
1401011
4301030
1401020
1401023
41132
3121310
3203201
2302103
3023003
2400401
41141
3023000
2302100
3121301
3203210
2400410
1401002
303302
1401041
1024202
2040023
303311
2040020
3023102
2040014
1024220
3203300
2040011
3121400
2302202
221402
303320
123101
1024211
1401032
2040002
221411
123104
2220230
123110
123113
221420
41201
123122
41204
2040041
123131
41210
41213
2040032
2220320
4301120
1401110
1401104
123140
41222
2122022
1401113
2122031
41231
1401101
2122040
41240
2302211
1401140
1024301
2040122
3023111
303401
2040113
2220302
2302220
2040110
2122001
2122004
2220311
303410
1401122
2040104
1024310
2040101
2122010
2122013
1401131
3023120
2204000
123200
2204003
123203
3023210
2302310
123212
2204012
3023201
2220401
2040140
41300
2122100
123221
2204021
41303
2122103
2220410
3400040
2040131
2204030
123230
41312
1401200
3400022
1401203
1401212
41321
3400031
4301102
3400001
41330
4301111
3400004
3400010
2302301
3400013
1221011
2040221
3400112
4121021
1221014
3400121
4121012
2040212
1221023
1221020
1401221
3400103
2040203
4121003
4121000
3400100
2040200
1221002
1401230
1024400
2122112
1221041
123302
2122121
123311
2122130
4301300
2040230
123320
4203002
1221032
41402
1401302
41411
2122211
1303001
1401311
2122220
41420
1303004
4301201
4301210
1221104
2302400
1303031
1221110
2204102
2040311
3023300
1221113
2204111
1303010
3400130
2040302
1303013
4121030
2204120
2122202
1303022
1401320
1221101
320000
1221140
320003
3220022
123401
320012
2204201
3220031
3220001
1221122
320021
1303040
123410
2204210
3220004
1221131
320030
3220010
3220013
320024
4203101
2122301
4121120
2040320
3400211
320033
4203110
4121111
1303103
1401401
320042
1303100
3400220
4121102
3400202
2024030
3302003
1221203
3302000
1303121
1221200
4203011
4121210
3400310
2040410
1303130
2024021
4203020
2040401
1221212
3302012
4121201
2024012
402002
1401410
402014
1303112
2024003
402011
3400301
2024000
402023
402020
320102
1041002
2122310
320111
1041023
1041020
320114
402032
1221221
1041014
3220040
1041011
1221230
320120
402041
320123
4203200
2122400
320132
1041032
320141
3220130
1041041
3220112
1221302
2024120
1303220
3220121
1123001
2204300
1221311
1123004
1303202
2024111
402101
3220100
3220103
3302021
1303211
402110
2024102
3302030
402104
1041101
3220211
1123031
402113
2401004
320204
402122
2401001
3220220
320201
4023020
2401013
320213
1123010
1123013
402131
2401010
1041113
320210
1041110
320222
2401022
1221320
402140
3302120
3220202
4023011
1041104
1123022
140003
140000
3400400
320231
1041131
3302102
4023002
4121300
3302111
1041122
140012
1123040
320240
140021
140024
1041140
140030
4023101
140033
3040040
140042
1221401
3302201
2024210
1123100
1123103
1303301
2024201
1303310
402203
402200
1123121
402212
2401031
3040013
3040010
320300
3040004
320303
402221
1123130
3040001
1221410
402230
3040031
222002
1041212
2401040
3040022
222011
1123112
1041203
320312
222014
1041200
3122030
1041230
222023
140102
2401121
320321
222020
3040103
3040100
1041221
3122021
140111
320330
2401130
140114
222032
3040121
140123
222041
140120
3040112
140132
3220310
2401100
2401103
140141
3302210
2024300
3122012
402302
4023110
1303400
3122003
2401112
3220301
3122000
304004
3220400
402311
3204020
304001
1123220
304013
304010
3122111
1041311
3204002
304022
1123202
2401202
222101
402320
320402
1041302
3122102
1123211
3204011
222104
304031
4023200
222110
320411
2401211
320420
222113
4400102
1041320
222122
140201
4400111
3040130
304040
3302300
140204
222131
140210
140213
4400120
140222
222140
4400003
4400000
140231
2221031
4400012
2221040
140240
4400021
4400030
2401220
304100
304103
3040202
3122120
402401
2221001
402410
2221004
3040220
2221010
2221013
304112
1123301
1041401
222203
222200
3040211
304121
2221022
1123310
3040301
304130
2303012
222212
4400201
140303
1041410
3122210
2221100
2303021
140300
2221103
222221
4400210
42002
2303030
222230
3040310
2221112
140312
42011
42014
4220000
4220003
140321
42020
42023
140330
4220012
42032
2401301
3204101
4220021
3122201
2303003
42041
2401310
2303000
4220030
3204110
1320020
1320023
304202
3122300
1320002
304211
3204200
304220
1123400
1320014
2401400
2303102
222302
1320011
2221121
124001
222311
124004
2221130
124010
124013
140402
222320
1320032
42101
124022
42104
140411
1320041
42110
124031
1402004
42113
1402001
4302020
2221220
4220102
140420
1402013
124040
42122
4220111
1402010
42131
4220120
42140
2041022
2303111
1320113
3024011
304301
2041013
3024002
2041010
1402040
1320122
1320101
304310
2303120
2041004
2221202
1402022
2041001
1320110
3024020
2221211
1402031
1320104
3040400
3024110
2303201
222401
124100
124103
2303210
222410
3024101
2041040
124112
2221301
1320131
2123000
1320140
2041031
42200
124121
2123003
42203
2221310
1402100
1402103
124130
42212
42221
4400300
4302002
42230
4302011
1320212
3401012
2041112
1402130
1320221
3401021
2041103
2041100
304400
1402112
3401003
3401000
1320200
1402121
1320203
2123012
1140020
1140023
124202
2123021
1320230
124211
1140002
2041130
2123030
4302200
1140011
124220
2041121
42302
1140014
2123111
42311
1402202
42320
2123120
1140032
4302101
1140041
4302110
4040030
1320311
1222001
2041211
3024200
1222004
2303300
1222010
4040021
4220201
2041202
1222013
4040012
4220210
3401030
1402211
2221400
1402220
1320302
4040000
4040003
2123102
1140113
4040120
1222040
1140122
124301
4040111
3401120
1320320
1140101
1222022
124310
1140104
4122020
2041220
4040102
1222031
1140110
4204001
42401
3401111
4122011
1402301
4204010
42410
4122002
1140131
3401102
1140140
4122110
2041310
3401201
1320401
1222103
1222100
1304021
3401210
2041301
4122101
4220300
1304030
1320410
1304003
1304000
1402310
1304012
1222130
2123201
1140212
2123210
1140221
321002
124400
1222112
321014
321011
321020
1140200
1140203
1222121
321023
2123300
4204100
321032
321041
3221030
1140230
3221012
2041400
1222202
1304120
3221021
4040210
4040201
1304102
1402400
3221000
3221003
403004
1304111
403001
403013
403010
3221111
1140311
403022
321101
3303011
4040300
1222211
403031
321110
1042013
321104
1042010
1042004
321113
3303020
1222220
1042001
1140302
3221102
1042031
4122200
403040
321122
3401300
3303002
1042022
321131
321140
1140320
1042040
1304210
2320040
3303101
1222301
403103
403100
1304201
1140401
2320001
1124021
2320004
2320010
1140410
2320013
403112
1124030
1124000
3221120
1124003
1222310
321200
2320022
403121
321203
321212
1042103
1042100
2320031
403130
1124012
321221
2402021
2320103
3041003
3041000
1042121
2320100
141002
2402030
321230
1042112
141011
2320112
3041021
141014
2320121
3041012
141023
1042130
141020
3221201
141032
3221210
141041
3303110
2402000
2402003
4024010
2402012
4024001
1304300
403202
3221300
1124120
403211
10001
3303200
1222400
403220
321302
2402102
10004
3123002
1042202
1124102
4024100
223001
10010
2402111
321311
10013
1124111
223004
2320130
223010
1042220
223013
10022
3041030
4401002
321320
1042211
223022
141101
10031
4401011
141104
10034
141110
223031
10040
141113
10043
4401020
141122
2140001
223040
2140004
141131
2140010
2140013
3041120
2140022
141140
2140031
3041102
3123020
403301
1124210
403310
2320202
3123011
2402120
2320211
1042301
10100
10103
1124201
3041111
223103
321401
2320220
223100
10112
321410
2402210
3123110
1042310
10121
223112
10124
4401101
2320301
2222000
141203
2222003
141200
223121
10130
3041210
4401110
2320310
10133
223130
2222012
141212
10142
3041201
141221
2140040
141230
3123101
2402201
2140130
403400
2402300
10202
1124300
223202
10211
2140100
2222021
10214
2140103
223211
10220
2222030
1042400
10223
2140112
141302
223220
10232
2140121
43001
43004
141311
10241
43010
10244
43013
2222120
4221002
141320
2140202
43022
4221011
2140211
43031
4221020
2140220
43040
2304002
1321013
1321010
2304011
1321022
3123200
2320400
2304020
2222102
1321004
3041300
1321001
10301
2222111
10304
1321040
2304101
223301
10310
10313
2304110
223310
10322
1321031
2222201
141401
10331
43100
10334
43103
141410
10340
10343
43112
1403000
1403003
43121
4401200
43130
1403030
2042012
2042003
1321112
2042000
1403012
1321100
1403021
1321103
10400
2222210
10403
420002
420014
223400
10412
2140301
420011
2042030
420023
420020
1321121
10421
2140310
10424
2042021
4303100
1321130
10430
10433
2124002
43202
420032
10442
2124011
43211
1403102
420041
2140400
2124020
43220
4303001
2042111
4303010
1403120
1321202
3320021
2042102
2304200
3320030
4221101
1321211
3320003
3320000
1403111
4221110
2222300
3320012
4041020
1141010
420101
1141013
420110
3320120
4041011
420104
1141022
1321220
3320102
4041002
3402020
420113
2042120
1141001
420122
3320111
1141004
3402002
1141040
420131
43301
3402011
420140
43310
1141031
1321301
3402101
2042201
4123001
1223003
1223000
1321310
3402110
4221200
1010012
1403201
1010003
1010000
1403210
1010030
1223030
2124101
1010024
1141112
1010021
420203
2124110
420200
420212
1010042
1223012
420221
1141100
2042210
1141103
1010033
1223021
420230
240002
3140012
2124200
240011
43400
3140003
240014
3140000
1141121
3140030
240023
240020
3140021
1141130
3320210
2042300
240032
240041
4041110
1321400
1223102
4041101
1010111
1403300
1010102
3320201
4123010
1223120
3222002
1141202
1010123
1010120
420302
3222011
1141211
4041200
1010114
322004
420311
1010141
1223111
322001
322013
1010132
3320300
322010
4123100
322022
420320
240101
3402200
240104
322031
240110
1010144
240113
1141220
240122
322040
240131
240140
1010204
1010201
3140111
1010222
1141301
404003
404000
3140102
1010213
404012
1010210
1141310
322100
322103
1223201
404021
1043003
3222020
1010234
1043000
3140120
420401
404030
1223210
1010231
420410
1043021
322112
3140201
2321003
240203
2321000
240200
1043012
1010243
322121
1010240
322130
240212
2321012
1043030
3140210
240221
2321021
3222101
240230
3222110
1010303
3304001
1010300
3304010
404102
1010312
3222200
404111
1141400
1043102
1010333
1010330
1223300
3304100
1010324
2403002
322202
404120
1010321
2321030
322211
1043111
322220
1010342
240302
142001
240311
142004
142010
142013
1043120
240320
2321120
142022
3042020
142031
142040
1010414
3140300
1420022
1010411
2403011
2403020
1420031
2321102
1010402
404201
1420004
2321111
1420001
404210
3042011
11000
1420013
1010423
322301
11003
1010420
3042002
1420010
224003
2403110
322310
224000
11012
3124010
1043210
1010441
11021
3124001
1043201
224012
1010432
3042110
11024
4402001
240401
2321201
142103
11030
142100
224021
4402010
11033
240410
2321210
3042101
224030
1420040
142112
11042
4320101
142121
4320110
142130
2403101
4320002
1420112
2141030
4320011
404300
1420121
1420100
1420103
4320020
11102
322400
224102
11111
2141000
11114
2141003
1043300
224111
11120
11123
2141012
1420130
142202
224120
11132
2141021
2010014
142211
2223011
2010011
11141
11144
4320200
2010002
2223020
2141102
142220
2141111
2010044
2403200
1420211
2010041
1420220
3124100
2010032
3042200
2321300
2010023
2010020
2223002
1420202
11201
1240022
11204
224201
11210
4140020
1240031
11213
224210
1240001
4140011
11222
1240004
1240010
2223101
4140002
1240013
142301
11231
44000
2141120
2010110
11234
44003
142310
2010104
11240
2010101
11243
44012
44021
4402100
1240040
44030
2010143
2010140
1420310
1322000
1322003
2010134
1322012
2010131
2010122
1420301
2010113
1240112
11300
2223110
11303
1240121
224300
11312
2141201
1322021
1240103
1240100
11321
1322030
2141210
11324
2223200
11330
142400
2010203
11333
2010200
44102
11342
44111
1240130
2141300
44120
1404020
1322102
2043002
1420400
2010233
2010230
1322111
2010224
4140110
4222001
2010221
1404002
4140101
4222010
2010212
1404011
3321011
1240211
421004
11402
3321020
1240220
421001
2043020
11411
421013
421010
11414
4140200
3321002
1240202
421022
2043011
2010242
1322120
11420
11423
2010302
421031
11432
44201
11441
44210
421040
4304000
2043101
2010332
3403001
2010323
1322201
2010320
1404101
4222100
2010314
2010311
1404110
1142000
1142003
1240310
421103
421100
1142012
1322210
2043110
2010341
421112
1240301
2420000
2420003
421121
2420012
44300
421130
2420021
1142021
2420030
1142030
2010431
3321110
4042010
1322300
2010422
4042001
3403010
2010413
2010410
1011002
2010404
1404200
3321101
2010401
1011023
3321200
1240400
1011020
1224020
1142102
4042100
1011014
1011011
1142111
1224002
421202
2010440
1011032
1224011
421211
4124000
2043200
421220
241001
1011044
1011041
3403100
241004
241010
241013
1142120
241022
241031
1011101
241040
2420102
3141002
1011113
1142201
1011110
2420111
1011104
1011134
110000
110003
3141020
421301
1011131
1224101
421310
3141011
323000
1224110
2420120
1011122
110012
323003
323012
3141101
3010031
110021
1011143
323021
110024
3010022
1011140
241103
2420201
110030
241100
110033
323030
3223010
1142210
3010040
3010043
2420210
3141110
241112
110042
3010034
241121
3223001
241130
3010013
3010010
3010004
3010001
1011212
1011203
1142300
3223100
1011200
1011230
1011224
110102
3010100
1224200
3010103
1011221
323102
110111
421400
2240003
2240000
323111
110114
1044011
1011242
110120
110123
1044002
1011233
2240012
241202
323120
110132
2240021
241211
1044020
2240030
110141
110144
2240102
2322020
241220
2240111
2240120
1011311
3010124
3010121
2420300
1011302
3010112
2322002
3010142
1011323
1011320
2322011
3010133
110201
1011314
110204
3141200
3010130
1044110
3010220
3010223
1011341
110210
110213
2404001
323201
1044101
1011332
3010214
2404010
3010211
323210
110222
3010232
2322101
241301
110231
3043001
143003
143000
110234
2322110
241310
110240
110243
143012
4321001
143021
4321010
143030
3010202
1421012
1011404
1011401
1421021
3010301
1011422
1011413
1421000
110300
1011410
1421003
110303
323300
12002
1044200
1011431
110312
12011
2240201
3043010
3010241
12014
2240210
110321
1421030
12020
110324
12023
110330
241400
110333
143102
1011440
12032
143111
110342
3010340
12041
12044
4321100
2240300
2142002
143120
2142011
2404100
1421111
3010313
3010310
3010304
3043100
3010331
2322200
1421102
3010322
3420020
3010412
110402
12101
12104
110411
3010400
3010403
12110
110414
12113
3010430
1421120
110420
3420002
110423
3010421
12122
3420011
110432
2011004
12131
143201
2142020
12134
2011001
110441
143210
12140
12143
4403000
2011034
1421201
2011031
1421210
2011022
2011013
2011010
2224001
1241012
12200
2224010
12203
1241021
12212
2142101
1241003
1241000
2011043
12221
2142110
2011040
12224
2011103
2011100
2224100
143300
12230
12233
12242
1241030
2142200
1421300
1110002
2011133
2011130
2011124
1110011
4141010
1323002
1110014
2011121
3420101
4141001
2011112
3420110
1110032
1241111
4010042
1110041
4010033
1110044
12302
4141100
4010030
1110020
4010024
1323011
1110023
12311
1323020
2011142
4010021
12314
3420200
1241102
12320
340004
4010012
12323
340001
340013
12332
4010000
4010003
340010
1241120
340022
12341
340031
4010111
1110101
1110104
1323101
2011223
2011220
4010102
340040
1110110
2011214
2011211
4223000
2011202
1110131
1241201
3240020
1110134
1241210
1110140
1110143
1110113
12401
1323110
3240002
12404
422003
2044010
422000
2011241
3240011
1110122
422012
12410
12413
2044001
2011232
340100
340103
422021
12422
422030
12431
3240101
340112
12440
340121
3240110
4010141
3322001
2011322
340130
3322010
1110200
4010132
1110203
2011313
2011310
4010120
2011304
4010123
2011301
4010114
1110224
4043000
1241300
3322100
1110230
1110233
4010231
1143002
422102
2011340
3404000
4010222
1323200
1110212
4010213
422111
2044100
2011331
1110221
4010210
4010204
4010201
422120
340202
1143011
1110242
340211
340220
1143020
4010300
4010303
2011421
2011412
1110302
2011403
2011400
1110320
1012013
1110323
1012010
1012004
1143101
1110332
2421002
1012001
1012031
2421011
1110311
2421020
2011430
3240200
1012022
1110314
4010240
422201
422210
1012043
1012040
340301
2421101
1012034
242003
2421110
242000
340310
3142010
1110341
1143110
3142001
242012
242021
4010330
4010321
242030
4010312
1110422
1012103
4010420
1012100
1110431
1110401
1012124
1110404
3011000
4010411
3011003
1012121
422300
1110410
111002
1110413
1012112
4010402
1012142
111011
324002
111014
1012133
111020
1012130
111023
324011
324020
1143200
340400
242102
1110440
111032
242111
111041
111044
2241002
242120
3011042
2241011
2241020
3011021
4420001
1012202
4420010
3011012
1012223
3224000
1012220
3011033
2421200
1012214
3011030
3142100
111101
1012211
3011024
111104
324101
3011114
111110
1012232
111113
3011111
324110
3011132
2110001
111122
2110004
2323001
2110010
111131
242201
3011120
2110013
3011123
1012241
111134
242210
111140
111143
3011102
1012301
4420100
1012313
1012310
1012304
2323010
111200
1340021
111203
1012331
2110022
3011141
1340030
324200
111212
1012322
2241101
2110031
2110034
1340000
2241110
111221
1340003
2110040
1340012
111224
2110043
1012340
242300
111230
144002
111233
2110112
3011240
144011
2110121
111242
2110124
3044000
4322000
2241200
2110130
2110133
144020
2110142
3011213
4240100
1422002
3011210
3011204
3011201
1422011
3011231
1012412
2110100
2110103
3011222
1012403
2323100
1012400
4240001
1012430
111302
3011300
13001
3011303
4240010
1012421
1340120
13004
111311
1422020
1340102
13010
111314
3011321
13013
111320
111323
2110202
1340111
3011312
13022
111332
144101
13031
13034
144110
111341
13040
13043
1422101
2110241
2143010
1422110
2110211
2110214
1340210
111401
2110220
13100
111404
3011330
2110223
13103
111410
111413
2110232
13112
2143001
1340201
111422
2110304
13121
13124
2110310
111431
2110313
144200
13130
13133
111440
2110322
13142
2110331
2143100
2012030
3421010
2012024
3011402
2012021
1422200
3011420
2012012
3421001
2012003
2110301
3011411
2012000
1242002
1242011
4142000
13202
2012042
1340300
3421100
13211
13214
2012033
2110340
13220
13223
13232
1242020
13241
2012123
2012120
4011002
1111001
2012114
1111004
2012111
2012102
2110400
2110403
1242101
1111031
1111034
1242110
2110412
1111010
2012141
2110421
1111013
1324001
13301
13304
2012132
2110430
1111022
1324010
13310
13313
3241010
13322
341000
341003
1111040
341012
1111043
13331
3241001
341021
4011041
13340
2012222
341030
4011032
2012213
1111100
2012210
1111103
4011020
4011023
2012204
2012201
4011014
4011011
1111121
1111124
4011131
3323000
1242200
1111130
1111133
2012240
4011122
1324100
210002
3110012
4011113
1111112
210011
13400
2012231
4011110
13403
3110003
423002
4011104
210014
3110000
4011101
210023
13412
423011
210020
423020
341102
13421
341111
210032
1111142
13430
210041
210044
2340002
341120
2012312
2340011
2012303
2012300
2340020
3110030
1111220
1111223
3110024
3110021
1111202
2012330
3110042
210101
4011140
1111211
423101
210104
3241100
210110
3110033
1111214
2012321
423110
210113
3110123
3110120
210122
3110114
1144001
1111232
210131
3110141
341201
2422001
210134
1111241
1144010
3110132
210143
2422010
341210
210140
4011230
2012411
4011221
2012402
3110111
4011212
3110102
4011200
4011203
1111313
1013003
4011320
1013000
1111322
4011311
1013021
3110204
1111301
3110201
1111304
210203
2012420
4011302
210200
1013012
1111310
2340101
1013033
423200
210212
1013030
2340110
210221
1013024
341300
30002
1111331
210224
1144100
210230
243002
210233
30011
1111340
1013042
30014
243011
210242
30020
30023
2340200
3110240
243020
30032
30041
30044
3110222
1013102
1111412
3110213
3110210
1111421
2422100
1013114
3143000
1013111
1111400
3110231
1111403
210302
112001
3012014
1013132
210311
112004
3012011
3110312
210314
112010
1013123
112013
3012002
1013120
210323
210320
3110330
30101
1111430
112022
30104
3012020
1013141
3012023
30110
3110321
243101
112031
210332
30113
112034
243110
210341
112040
30122
112043
4011410
3110303
3110300
30131
4011401
30134
30140
30143
4421000
1013213
1013210
1013204
1013201
1013231
210401
3012041
112100
112103
210404
1013222
210410
3012032
210413
112112
2242001
210422
1013240
30200
2242010
112121
30203
210431
112124
3012140
2324000
243200
112130
30212
2111012
112133
210440
30221
2111021
3012131
112142
30224
2111024
2111030
30230
2242100
2111033
30233
30242
3012110
3110411
3012104
4241000
3012101
3110402
3012122
2111000
1013303
2111003
1013300
3110420
3012113
3012200
3012203
1013321
1341011
1341020
112202
1013312
3012221
112211
112214
3012212
1013330
112220
1341002
30302
2111102
112223
2111042
30311
112232
30314
30320
112241
30323
30332
4110014
1210001
2111141
4110011
30341
1210004
1210010
4110002
1423001
1210013
1013402
1210034
1341110
1013420
2111111
1210043
2111114
1210040
3012230
1013411
112301
14000
2111120
112304
14003
2111123
1210022
1423010
112310
112313
1341101
2111132
14012
1210031
30401
2111201
112322
30404
2111204
440003
14021
440000
14024
30410
2111210
112331
440012
30413
3012320
2111213
14030
14033
3340001
440021
112340
2111222
30422
440030
3340010
14042
30431
2111231
3012302
1210103
1210100
4110041
30440
1423100
4110032
4110023
4110020
3012311
1210130
4110140
3422000
1341200
1210133
1210142
4110131
112400
1210112
112403
4110122
14102
3012410
1210121
3012401
112412
1210124
4110113
14111
2144000
4110110
440102
14114
112421
4110104
2111240
14120
440111
4110101
14123
112430
14132
14141
440120
2013023
2111330
2013020
4110203
4110200
2013014
1210202
2013011
2013002
2111300
2111303
1210232
1243001
2013041
2111312
1210211
1030013
1210214
1030010
3340100
2013032
2111321
14201
1030004
14204
1210223
1030001
1210220
1030031
14210
14213
1030022
2111402
14222
440201
1243010
2111411
1210241
1030043
440210
1030040
14231
2111420
1030034
14240
2013113
4110230
2013110
2013104
1210301
4110221
2013101
4110212
1210322
4012031
1112021
1112024
1210331
2013140
4012022
4110320
1112030
1243100
1112000
4012013
1210304
1112003
1210310
2013131
4012010
1030103
4110311
4012004
1030100
1210313
2013122
14300
4012001
1112012
14303
4110302
1030124
1030121
14312
440300
1030112
1030142
1112033
14321
1210340
342002
1030133
14330
1112042
1030130
342011
342020
2013212
2013203
2013200
3242000
1112114
1210421
1112120
1112123
1210430
2013230
1210403
1210400
1030202
4012040
1112102
211001
2013221
1210412
1112111
211004
3111023
1030223
211010
14402
3111020
1030220
211013
424001
3111014
1030214
14411
3111011
1030211
424010
211022
342101
211031
1112132
14420
3111032
1030232
211034
342110
1112141
4012130
211043
2013311
211040
4012121
2013302
4012112
1030241
4110410
3111002
4012100
4012103
4110401
4012220
1112210
1112213
1112222
4012211
3111101
1030301
2013320
4012202
1112201
211103
1112204
211100
1112240
424100
1030313
1030310
2341001
211112
3111041
1030304
2341010
211121
1030331
211124
1112231
211130
1030322
342200
211133
2210021
211142
2013401
2210024
3111140
1030340
2341100
2210030
2210033
2210042
3111113
1112312
3111110
3111104
2210000
1014014
2210003
3111131
1014011
2423000
2013410
1112300
3111122
1014002
2210012
1112303
1440020
211202
3111212
1030412
1014023
211211
1014020
3111203
1030403
211214
3111200
1030400
3111230
1030430
1112321
211223
1014041
1440002
211220
2210102
31001
3111221
1030421
1112330
31004
1440011
2210111
1014032
244001
31010
211232
31013
244010
211241
4012310
31022
4012301
31031
31034
31040
1112402
31043
1112411
4012400
1014110
1014104
1014101
4340000
2210114
1014122
211301
113000
2210120
113003
2210123
211304
211310
1014113
1440101
211313
1014140
1112420
113012
2210132
211322
1440110
2210141
1014131
31100
113021
31103
211331
113024
2210210
2210213
113030
244100
113033
31112
3013031
2210222
211340
31121
113042
31124
2210231
2243000
31130
3013040
31133
3111311
3013004
2030012
3013001
31142
3111302
2030003
2030000
3013022
1014203
3111320
1014200
3013013
2210201
2210204
3013010
3013100
3013103
1014221
2030042
3111401
211403
1014212
211400
2030033
113102
2030030
3013112
2030024
113111
211412
1014230
2030021
113114
3111410
2210300
1440200
2210303
211421
113120
2210240
31202
113123
211430
31211
113132
31214
113141
31220
31223
2112032
31232
2030111
2030102
2112041
31241
1014302
2112002
2030141
1342001
3013130
1014311
2210312
2030132
2112011
3013121
2112014
1342010
113201
2210321
2112020
2030123
113204
2030120
2112023
2210330
113210
2030114
113213
1014320
2210402
2112101
31301
113222
2112104
31304
3013220
2210411
2112110
31310
113231
2112113
31313
2210420
113240
2112122
31322
2030204
31331
2030201
1211003
1211000
31340
3013211
3013202
1342100
1211024
1211030
1014410
4111031
2030231
1211033
1014401
2030222
4111022
3013310
1424000
113300
113303
1211012
3013301
4111013
2030213
4111010
2030210
1211021
113312
4111004
2112131
4111001
31400
113321
31403
441002
2112140
1211042
113330
31412
441011
441020
31421
2030240
2030303
4111103
2030300
4111100
2112230
31430
1211102
1211123
1211120
2030330
2112200
2112203
1211132
2030321
310004
2112212
1211111
310001
2030312
1211114
310013
3341000
113402
2112221
4111040
310010
3210032
113411
310022
3210041
441101
310031
113420
2112302
441110
3210020
310034
3210023
1211141
2112311
310040
310043
3210002
2014013
4111130
2014010
2014004
3210011
3210014
4111121
2014001
3013400
4111112
1211222
3210101
2014040
3210104
4111220
2030420
1211231
3210110
310100
2014031
310103
1211201
1031003
2030411
4111211
1211204
1031000
2014022
1211210
4111202
2030402
1211213
2112320
1031021
2440001
310112
310124
1031012
310121
2440010
310133
1244000
441200
1031033
310130
1031030
1211240
310142
1031024
2440100
2014103
2014100
1031042
1211312
3210131
1113011
1113014
1211321
3210140
2014130
1113020
1113023
3210113
2112401
1031102
1211303
1211300
2014121
3210122
2112410
1113002
2014112
310202
1113041
310214
1031114
3210230
310211
1031111
310220
310223
3030014
1211330
130001
1031132
3210212
3030011
130004
1113032
4013030
130010
3030002
343001
130013
310232
1031123
3210221
1031120
4013021
2014202
310241
343010
130022
3210200
4013012
1031141
3210203
130031
4111310
130034
4013000
4013003
130040
130043
4111301
1113104
1211411
1113110
1113113
4013111
3210302
1211420
2014220
4013102
4111400
1211402
310301
2014211
1113101
212003
310310
1031213
212000
1113140
310304
1031210
3030023
3030020
1031204
310313
1031201
212012
1031231
1113122
130100
130103
310322
212021
3030041
1031222
343100
1113131
212024
212030
3030032
310331
310340
130112
212033
2014301
3030122
3112040
1031240
130121
212042
130124
3030113
3030140
2342000
130130
130133
3030131
130142
3210320
1113200
3112013
1113203
3112010
3112004
1113212
3112001
3030110
3112031
3030104
3210311
2014310
3112022
3030101
4013120
310400
212102
310403
1031303
3112103
310412
1031300
3112100
212111
3210401
212114
310421
3030203
1113221
3030200
3112121
1031321
212123
3210410
310430
2211002
130202
212120
1113230
3112112
1031312
130211
130214
4013210
212132
4013201
1031330
130220
212141
130223
130232
2211041
130241
1113302
4013300
1113311
2014400
2211011
3030221
1031402
1441010
2211014
3030212
212201
2211020
3112130
2211023
212204
212210
1031420
212213
3030230
1113320
2211032
1441001
1031411
130301
212222
32000
2211104
130304
32003
212231
2211110
130310
2211113
130313
3030311
32012
4210001
2211122
130322
212240
4210004
32021
32024
2211131
4210010
130331
4210013
3030320
32030
1310003
32033
1310000
3112202
130340
4210022
1113401
32042
4210031
1310012
3030302
3112220
4210040
2211101
3112211
1310033
3112301
1310042
212303
212300
3014012
1113410
114002
1310021
1441100
3112310
114011
1310024
212312
3014000
1310030
3014003
114014
130400
130403
212321
2211140
114020
114023
32102
212330
130412
32111
114032
32114
130421
114041
32120
32123
130430
4210112
2031002
32132
1310102
4210121
1310111
32141
4210130
2211200
2211203
3014030
3030410
2031032
1310132
3014021
2211212
1310141
3030401
1310114
2031023
212402
2031020
3440000
2211221
114101
2031014
212411
1310123
114104
1310120
2031011
2211230
114110
114113
3014120
2211302
212420
2113001
32201
114122
2113004
32204
2211311
2113010
114131
32210
2113013
32213
2211320
114140
32222
2113022
2031041
2031101
32231
1310201
1310204
32240
3014111
4210100
4210103
3014102
3112400
4030013
1130000
1130003
1310231
2031131
4030010
4030004
4030001
1343000
2031122
1130012
1310210
3014201
1310213
2031113
2031110
114200
114203
1310222
2031104
1130033
114212
2113031
1130042
32300
114221
32303
2113040
1310240
1130021
114230
32312
1130024
2031140
4210301
1130030
2113121
32321
32330
2113130
1310303
1310300
4210202
2031230
1310321
4210211
4030040
1212023
1212020
1130102
2211401
1310330
2031221
2113100
4210220
1130111
3014210
2113103
1212002
4030031
2031212
2211410
2113112
1212011
4030022
1310312
1212014
2031203
2031200
114302
1130132
114311
1130141
4030130
114320
2113202
1212032
32402
1130114
4030121
442001
1130120
1130123
32411
2113211
1212041
442010
4030112
4112030
4210400
32420
4030100
4030103
4112021
3014300
4112012
4112003
4112000
1212113
2031320
4210310
4112120
4030202
1310420
1212122
1130201
3211001
3211004
1130204
4112111
2031311
1310402
1212101
1310411
2031302
4112102
1212104
311000
1212110
311003
114401
311012
2113220
1130231
311021
114410
1212131
311030
442100
1130210
311024
1130213
311033
1212140
1130222
311042
2441000
3211040
1130240
1212212
3211031
2031410
1130300
1130303
1212221
4030220
3211010
3211013
2113301
2031401
1212203
1212200
311102
4030211
3211022
2113310
1130321
3211121
1032014
311111
1032011
3211130
1130330
1032002
311114
2310002
1212230
311120
311123
2310011
3211112
1032023
2113400
311132
1130312
4030310
1032020
2310014
4030301
311141
1032041
3211100
4112210
3211103
1032032
4112201
1114001
1114004
1212311
4014011
1114010
1114013
4014002
4112300
1212302
311204
1032110
2310023
311201
1130420
2310020
1032104
1114040
311213
1032101
311210
311222
1212320
2310032
1130402
1032122
1114022
131000
1130411
2310041
131003
311231
1032113
1114031
3031022
2310113
1032140
344000
131012
2310122
3031013
1032131
3031010
311240
131021
2310131
131024
131030
131033
3031031
2310140
1212401
131042
3211220
1114100
1114103
1212410
3211202
3031004
2310101
3031001
4014020
2310104
3211211
4030400
2310110
