1110032
1331222
2
3002414
3113003
1241111
3002411
3113000
4022330
1421330
1241114
303113
4014131
20
1110020
3203111
23
1110023
4104230
3203114
303134
4014113
1413131
303131
32
4022300
2220032
4022303
2232320
303143
2003003
4112411
2003000
1241141
4403300
4104203
4104200
2142230
2220131
4014200
1413200
4014203
1413203
2003033
2142311
2220134
2003030
4104311
2220143
2142320
4104302
4313111
4223000
4223003
3330131
1110131
3002441
303200
3113033
1110134
303203
3113030
1110143
1331300
2220113
2441300
1110113
113
1331303
3330113
3203141
4223030
1421411
303230
1413230
303224
2142302
131
3330230
303233
134
4301000
2220200
4301003
2220203
303242
143
1241222
4313300
1331330
3023033
3023030
4133030
3113141
1413302
3203222
4301030
4301033
1110200
3330203
1401020
3330200
1413311
1401023
4014230
1110203
2003114
4133003
3113114
3023003
4022411
3023000
4133000
3113111
2003111
4104320
1401002
1110224
303302
1241303
4043000
1442003
1241300
4043003
1442000
1110230
4223111
1331411
4133111
200
1110233
4440200
303311
203
1143002
3330302
3404030
4014320
3404003
3404000
3203300
2003144
303314
3203303
4014311
2003141
303320
1413320
1401032
303323
1241330
303332
224
2220224
4014302
332000
332003
230
2220230
2220233
303341
233
1143032
33002
1110242
242
2220242
1442030
332030
33020
1143020
1143023
33023
2220320
2220323
4424000
4223300
332033
2003222
33032
3023141
2421032
1401113
2220332
1311002
1110302
4301141
2220341
4211030
4211033
1110320
3330320
1401143
1110323
3023114
3113222
3023111
1442111
4043030
1311032
1110332
2421002
302
2220302
303413
3203330
3330311
2220311
1110311
311
2421020
1311020
303422
1110314
314
2220314
2421023
1401134
1311023
1401131
320
2204000
2204003
303431
323
3101033
3101030
332111
1143131
332
1241411
1110341
341
332114
3023222
1110344
344
1143113
33113
4043111
3314030
2220413
3113330
2421113
2204030
3314003
3314000
3203411
3101003
1401200
1401203
3101000
332141
33131
33134
4301111
33143
3113303
4211000
2003303
2003300
3113300
4211003
4301114
3404111
1401233
4211141
1110422
1434002
1311134
4133300
3314111
1401242
1311131
1110431
4121003
3101114
3011000
3011003
4121000
3101111
2003333
1401230
2003330
1401224
1311113
1110413
413
2204033
422
2220422
2220431
1143230
2421131
431
33200
1143200
1434020
1143203
1110434
434
33203
1311143
4301300
4301303
332222
1110443
443
1401302
2003414
33224
2241002
2421230
1401311
3023330
2204141
2003411
2114030
33230
2114033
33233
33242
2241023
2241020
1401332
1430000
1430003
4211111
4301222
1401341
3023303
4211114
3023300
1442300
1311230
1131002
3113411
1311224
2204111
2003441
3224030
2114000
3224000
4334000
3224003
2204114
2114003
3011033
2421200
1311200
4121033
3101144
2421203
1401314
1311203
4121030
3101141
3011030
1401320
1401323
1344020
4031033
320000
1430033
3011114
320003
3101222
332300
1143320
1131032
3011111
332303
4121141
4031030
2421302
1311233
1344002
33302
1143302
4043300
320030
1430030
2421311
3134003
3023411
1131020
3224111
1143311
1311242
1131023
3134000
2204222
2114111
33311
4412003
4301411
33314
4412000
4211300
4121114
4031000
320033
4031003
4211303
33320
4121111
2241032
33323
332330
33332
4412030
33341
3404300
2024030
3302003
4113023
3302000
4113020
1401431
1311314
2241131
1430111
1311320
1434200
3314300
1311323
1401413
1311302
4301330
4113002
4211222
3003002
3101303
3101300
1401422
1311311
2024003
2024000
4244000
3134030
2114114
3011144
1041002
3011141
1430141
1340030
1131131
320111
2421320
1131134
230003
1041023
1311332
230000
1041020
1340000
320114
1340003
1430114
1131113
1311341
2241113
2114141
332411
2024033
33413
1041032
320141
2204330
4412111
3044003
230030
3044000
2114222
33422
3044030
4322000
2241203
4322003
230033
2241200
4211411
320144
1340033
1131143
33431
4031141
3003020
1311413
3003023
3302033
1311422
2024114
2204300
2204303
4322030
3134111
2024111
3003032
4113032
4031114
4121222
3101333
4031111
3011222
3302030
3101330
4211330
3003113
1340114
3101414
3011300
1131224
3011303
4031222
4121330
3101411
3302141
1131230
3302114
1131200
1131203
2024141
3003134
1311431
4113131
3003131
1041113
320222
2204411
1340111
1430222
230111
2114300
1344200
3224300
2114303
230114
1041134
1041131
4113113
4121303
4121300
2241230
3302111
1131233
1041143
1340141
1131242
230141
4232000
2024222
2442020
4232003
230144
1430300
1430303
2241320
4113203
4113200
4232030
3044111
1131314
3011333
320300
1131320
1340222
1131323
3003143
320303
3101441
3011330
1430330
2241302
2442002
1131302
2114330
1041203
2241311
1131311
1041200
1041230
3003242
1041224
320333
2114411
3003233
230222
320330
1041242
1131332
3011441
1131341
1041233
4031330
4404002
3003200
3003203
4113230
2024303
2024300
3134300
3003230
3003224
4404020
4031300
4031303
3011414
3302222
4121411
4322111
3011411
3003311
1131413
3302330
3003302
4142003
4031411
4142000
1131422
1041311
2024330
3003320
3003323
4113320
4101032
1340300
1041302
320414
1340303
230303
1430411
230300
320411
3003314
4113311
4101023
4101020
1041323
1041320
4113302
4404200
3302303
1041314
3302300
4310000
4310003
1041341
4101002
1131431
230330
1041332
4322300
320441
230333
1340330
2024411
4101113
4011002
1410002
4412300
3032033
4314002
3003341
3044300
4314020
1410032
300002
3003332
3032003
3032000
4232111
1340411
3032030
300020
4142030
1410020
1410023
300023
2442200
3032111
1041422
300032
230411
3003431
1041413
230414
3200033
3413030
2303030
1041431
4314200
2303033
3032114
4310111
4142111
4220000
4220003
4310114
4011032
4101143
230441
4433000
4232300
3200030
3200000
4101134
4011020
4011023
3200003
3003422
4101131
2303003
3003413
3302411
2303000
3413000
4310141
4220030
3413003
3200114
4224002
3413111
4011134
1410134
4101242
4011131
1410131
3323003
3323000
1410143
4134002
4310030
4101233
4310033
4101230
4224020
4011113
1410113
300113
4101224
3110003
3110000
3200111
300134
3032141
300131
300143
4101203
4101200
2000030
4101311
2303141
2213030
2213033
1103000
4224200
4101302
1103003
1410200
1410203
4220111
4310222
4220114
4343000
2000003
2000000
3200144
3110030
1410230
2303111
3323030
1410224
1103030
2303114
1103033
2213000
2213003
300200
1410233
1443002
4220141
300203
3032222
4011143
4134020
3200141
3110033
2000033
4220033
3032303
3032300
300230
300224
4044020
3110114
3020003
300233
3020000
4130033
333002
3020030
4130030
3110141
2303222
3323111
2213111
300242
4011242
1410242
2123000
3233000
333020
3233003
333023
1443020
2213114
2123003
4011233
4044002
4142300
4101341
4011230
4011224
4101332
1410302
2000114
4130003
333032
3200222
4130000
3110111
2000111
4101323
4101320
4101314
4011200
4011203
3413300
4130111
1013003
4011320
1410320
4011323
1410323
1013000
4134200
4101431
1410332
300302
2000144
4011314
4101422
4011311
1410311
2000141
300311
1103111
3401003
1103114
3401000
4101413
4011302
3200300
300314
3200303
1410314
3032330
300320
1140020
1013033
1140023
300323
300332
1013030
3110144
3020033
1410341
300341
30002
1140002
2213141
1103141
2123030
3233030
1103144
2123033
300344
333113
2000222
2303330
3020141
30020
2213222
2123111
30023
2123114
333131
30032
1140032
3143030
4310300
4310303
3020144
3110222
3020111
4130141
1410422
2303303
3233111
1103222
2303300
1410431
4011341
2033003
3143003
3401030
3032411
1013114
2033000
3143000
1013111
1410413
4011332
300413
3401033
3200330
4310330
3020114
3200333
4130114
4220222
1140113
300422
3311030
3401141
3200441
3311033
300431
2303411
3020222
4130222
3110333
2414000
3110330
2213300
4044200
333200
2033033
3323300
2213303
333203
1443200
300434
2414003
1013144
2033030
1013141
4011431
300443
30113
4011422
3401111
2123141
4011413
3401114
3311003
3311000
3200411
333230
3200414
3110303
2000303
2000300
1140131
3110300
30131
4421111
30134
1140134
4331003
4331000
4220411
1140143
30143
4130303
4130300
2033114
4421003
2033111
4310411
4421000
4220300
1304030
4220303
1431002
1304003
2000333
1304000
2000330
1103300
1103303
4421030
3143111
1013222
2033141
4220330
2414030
1431032
1304033
1103330
2213330
333302
1103333
2123222
30200
1140200
1431020
333311
1140203
1431023
30203
2000414
2324003
2213411
2324000
3020333
1140242
3020330
2123300
2000411
3110441
2123303
4413002
333320
30224
1140224
30230
3311141
1140230
1140233
30233
2324030
4413020
3110414
1304114
1214003
3020303
2000444
1214000
3020300
30242
1103411
3434000
3110411
3233300
4331111
4130330
1103414
2000441
4241000
4241003
3401222
3311111
3311114
1013303
2414111
1013300
1304111
3401330
1103441
1214033
3311222
1140311
1341020
3303032
1140314
1341023
1431131
3020414
3131003
4331030
4130411
3020411
3131000
2033222
1013333
1214030
1431113
1013330
3303023
1304141
3303020
1341002
30302
1140302
2123330
3401303
1140341
3401300
30311
3303002
30314
30320
1140320
1140323
30323
1341032
30332
1140332
30341
2033303
30344
2033300
2234030
4110002
1304222
1214111
4323020
4241111
1013414
3143300
1431230
2324111
1013411
1140413
2033330
1341113
1214141
1124030
1214114
2234003
1124000
1124003
2234000
3344000
2123411
1431200
3131033
1431203
3020441
3131030
3131114
3041003
4241030
3041000
3131111
2402030
3000032
30413
1013441
3311330
1124033
2402033
30422
1140422
3213032
2234111
1140431
1341131
30431
30434
3303131
30443
3213020
3213023
4110032
3000002
3401411
2402000
3311303
3311300
4421300
2402003
2414300
3000020
4110023
3000023
4110020
3303113
4323002
3213002
1304303
1304300
3311411
4110143
1124114
3422000
1341200
3422003
1341203
4110134
3213113
3303230
4110131
1431320
3303203
3303200
1431302
3123002
1304330
1431311
2402111
2033411
1214222
1034003
3000113
1124111
1034000
4110113
2144000
1034030
2144003
3041033
3041030
4401002
3131141
1341230
1124141
4401023
1034033
2144030
4401020
2312033
4110203
4110200
1304411
1214303
1214300
2144111
4413200
3041141
2312003
3123023
3000143
1341302
2312000
3123020
4331300
2402114
1214330
4233002
1341311
3000134
3000131
2324300
1124222
1034111
3041114
3123032
3131222
3041111
2402141
3422030
3213131
4233020
2312030
3000233
3033002
3123113
3131303
2402222
3131300
3000230
3332030
2312111
1034114
3000224
3332003
2312114
2222000
3033023
2222003
3332000
1034141
3033020
4143020
3123131
4401113
4311002
4110242
1341320
2234300
3213230
3000242
3213200
3213203
3000200
4143002
3000203
4110233
4110230
4401131
3303320
3422111
4311020
4311023
4110224
4233200
3303302
4311032
3303311
4323200
4110332
3000302
3213302
4401032
4110323
1112030
3213311
4110320
2000
1112000
4442000
2003
1112003
4241300
4110314
3000314
2402300
1214411
4110311
3000311
2402303
1124300
1124303
4110302
1034222
3033032
3041222
3131330
2312141
2030
2222030
2222033
2033
1112033
1124330
2132000
2222114
2132003
3033131
4311113
2144300
4401230
4311131
3041330
2222141
2132030
3242030
3242000
3000332
3242003
1112114
1124411
3123203
3000320
3000323
3123200
1034303
3123230
1034300
3000344
3033113
3000341
3041303
3213320
3041300
4110341
3131411
3332111
2312222
2402330
2222111
1112111
2111
2300003
1112144
3123311
2114
3000431
2300000
3410033
3324020
3123302
3000422
2312303
3242111
2402411
2312300
3324002
2214002
1034330
3000443
3123320
3410030
2300030
1112141
2141
3033203
3033200
4143200
3000434
2144
2132033
4110431
3410000
3410003
3422300
4110422
1403000
1403003
4401203
3000413
4401200
4110413
1403030
1104020
4131002
1104023
3410111
2042003
1403033
4430030
2132141
1112222
2042000
1104002
3033230
2300033
1034411
2214020
2214023
2312330
3041411
2042033
2222
2222222
2132111
1104032
2042030
2214032
2132114
2214113
2124002
3033320
2300141
2423030
2214131
2300144
3320033
2124020
3234020
4401302
2124023
2222330
4401311
2132222
2042111
4311200
1104113
4311203
3234002
4131032
3410141
4401320
2300111
3320030
4430003
4131023
2300114
3320003
3033311
3320000
1403111
4430000
4131020
3410114
203003
2312411
3033302
203000
1313000
2423000
2300
1112300
2222300
1014002
2222303
3332300
1313003
2423003
1403114
2303
1112303
4311230
3320114
3230000
4041020
1440020
3230003
2042141
4041023
1440023
4131131
1014023
1014020
3443000
3242300
1403141
1313030
1104131
203030
1104134
4131113
4041002
330002
1440002
2214200
3410222
203033
2330
1112330
2214203
3324200
2300222
1313033
3320111
2042114
2333
1112333
1104143
1014032
2124032
330020
330023
4422002
330032
1440032
1313111
1403222
2124131
2333030
4311302
3410300
2132330
3410303
1112411
1313114
1112414
4311311
1104200
4311320
1104203
4430111
3230033
4340003
1313141
4340000
1104242
2423111
203111
1440113
2333003
203114
1112441
2222411
2333000
2411
2132300
2414
1014113
2132303
1014143
1104224
2042222
2124113
4041032
1104230
2214230
1104233
1014134
4340030
1014131
3230030
3320141
330113
2202020
203141
2214311
2202023
2124200
2300330
2441
203144
2124203
3140003
3230141
2444
2300333
3140000
3140030
2214320
2202032
3312032
3230114
330134
2333111
4041131
1440131
330131
2243003
2243000
330143
2132411
4430300
2042303
4332002
4131230
2042300
4041113
3312023
3312020
1104311
3234200
1104314
2300303
3320222
2030003
3410330
2030000
3230111
2300300
3312002
1403300
1403303
2202002
1014203
4332020
1014200
4131203
1104302
4131200
2214302
3312113
3222002
2042330
1104341
4131320
4422020
4340111
4041200
4041203
2030033
2030030
4131311
1104320
1313222
1104323
203222
1014233
1403330
2300411
23000
1133000
1014230
4131302
1133003
23003
2411000
1104332
2300414
3320303
330200
1440200
3320300
330203
1440203
3410411
2411003
1014224
2124230
1014242
3140033
330230
1440230
2243030
330224
23030
1133030
1133033
23033
330233
1313300
2124320
2112032
2030111
3140141
1313303
2243111
1403411
330242
1104413
4340300
1014302
4242002
1301003
1301000
3140111
2423300
2202113
3222032
1440311
2112002
2030141
203303
4242020
1014314
1313330
1133111
203300
1014311
1133114
2124302
3312131
2411030
2202131
4041230
1014332
2042411
1043003
2112020
1301030
3222020
1104422
3222023
1043000
2124311
2202134
2112023
3320330
2300441
1301033
330302
1440302
2030114
1014323
3140114
2411033
2202143
3230222
1104431
1014320
203330
3431030
330311
3222131
2411111
1133141
203333
23111
2321003
23114
1014341
3230330
2321000
3132002
2411114
330314
3222113
3140222
2202224
2112113
3312230
4041320
330320
1440320
1043033
330323
2333300
2202230
2202233
3132023
1043030
330332
3132020
2030144
330341
4041311
1301111
23141
23144
1301114
1211003
3320411
1211000
4041302
3431000
2022002
3230300
3230303
3431003
3312203
2202200
2202203
3312200
4422200
1014413
1211030
3312311
3300023
1301141
3300020
3222200
3222203
1301144
1211033
1424030
2022032
2030222
203411
1014431
3300002
203414
1424000
1424003
1313411
1014422
2022023
2022020
3312302
2202302
2411141
2202242
2112131
2321030
1043114
2112134
1043111
330413
2321033
3132032
2112143
203441
330422
23222
1133222
330431
2112224
2030303
2030300
2202341
3140330
2444000
2243300
2112230
2112233
1043141
3132131
4410002
2112242
3341030
2231030
2321141
2231033
3140303
2022143
2030333
3140300
2030330
1334000
4410023
1133300
1133303
2202311
1334003
3222230
4410020
2112200
2022134
4332200
2202314
2112203
2022131
2202320
2411222
2202323
3312320
3300032
3431111
4410032
2321111
1301222
1211111
1211114
3341003
2321114
2231003
1121000
3341000
3230411
1424111
1121003
2231000
2202332
3132113
2022113
2411300
3222320
2411303
1133330
23300
3132203
3341111
23303
3132200
2202413
2112302
3300131
3140411
3300134
3222311
1211141
1121030
2202422
2112311
1121033
4410203
3423020
1043222
1334030
1211144
2112314
4410200
3300143
2202431
23330
3300113
1301303
23333
2022203
2022200
1301300
3423002
3222302
4410230
1301330
4410113
1211222
1301333
2141030
1121111
2231141
4103033
2022233
4103030
2022230
2141033
1334111
1121114
2022224
2030414
4410131
1031003
2030411
1031000
4242200
3300203
3300200
2112320
2112323
1121141
2321222
2231111
4103003
2411330
4103000
2231114
2141000
1043303
1121144
3132230
2141003
1043300
1244030
2112332
1244003
1244000
1133411
23411
2112341
23414
1031033
2030441
1031030
2022242
2022302
4410311
2112422
1043330
2223020
2223023
3132320
2112431
2321330
23441
4410320
2231222
2141111
2223032
2141114
3300242
3132302
2022332
1412030
1113020
2022323
3333020
2022320
1113023
3431300
1301411
3300224
2321303
302000
3300230
2022314
1301414
1211303
1412000
1211300
1412003
2411411
2321300
302003
3132311
3333002
1424300
2022311
3002
1113002
3300233
2223002
2112413
1031114
3341300
3300341
1031111
4140023
302030
4140020
3243002
3020
3023
1211330
3300323
1301441
3300320
4013033
1412033
3423200
302033
1211333
1121222
3032
1113032
4103141
4013030
2022341
1043411
3030002
1244111
4140002
3300332
3300311
1031144
3300314
1031141
4103114
2141141
4013000
4013003
4103111
3300302
4410302
2231330
1211411
2022431
1211414
1121300
1121303
2141222
4013114
1412114
1334300
4103222
2022422
1113113
4013111
3300413
2022413
1412111
302111
2321411
1211441
1121330
1121333
2432000
2231303
2432003
2231300
302114
1113143
2223113
3030023
3113
3030020
1412141
1031222
302141
2223131
2432030
1113131
3131
3243020
1113134
3134
3030032
4140032
2223200
2223203
302144
3143
2432111
3030113
2342003
2231411
3030143
2342000
2141300
2141303
3030134
4140131
3030131
2223230
1113200
1404020
3333200
1404023
1113203
4013141
1412222
4140113
3300422
1404002
3300431
3200
1113233
3203
1031303
302222
1113242
1031300
3321023
3321020
1121411
4140203
3030203
1404032
3030200
1121414
4140200
1113224
3224
3321002
4013222
2211002
4103330
1244300
3230
1113230
3233
1031333
3242
2342030
1031330
4304111
4214000
1121441
2141330
4214003
4103303
4103300
4304000
4304003
2141411
1404113
1314002
1113302
4013300
4013303
3030242
1101020
4103411
1113311
1101023
302300
1412300
4431002
1412303
1101002
302303
4304030
1142000
1142003
1314032
1113332
2424002
3302
2223302
1113341
2211020
2223311
2211023
3311
4431020
2424020
1314020
3243200
1113314
3314
1314023
1404131
3030233
3030230
3320
1113320
1101032
1031414
302333
4140230
2223320
2211032
3321032
3323
1113323
2342111
1031411
302330
3030224
1412330
32000
1142033
32003
2420000
3030314
3332
2420003
2211113
2432300
3030311
3231032
2121002
3341
3104033
3344
3030332
3321131
2420030
2211131
2121020
3030323
3231020
1031441
32030
3030320
3231023
4214111
1142030
4140320
2211134
2121023
1310003
32033
1310000
4431200
4140311
1101113
3321113
3231002
3104003
1412411
3104000
4013330
3030302
3104030
4140302
1011002
1404200
1404203
4124030
3104111
200003
1011023
3321203
1310033
3321200
200000
1011020
1314131
1113431
1101143
4341002
302414
4214030
1142111
302411
1404230
1314113
1113413
3413
1011032
1101131
4124003
3104114
3014000
200030
1310030
3014003
4124000
4013411
1113422
3422
4341020
1101134
200033
2420033
2211143
3431
2121032
3434
3030341
1142141
302441
32111
32114
1142114
3443
2211233
1101200
2244002
1404311
1101203
2420141
2211242
2121131
1310111
1314200
2330030
32141
2121134
1314203
32144
2330033
4341200
2244020
2121143
1404302
1101233
2211200
3104141
1314230
2211203
3014030
3030413
1134002
1011113
3440030
3231131
1101242
2420111
200111
2424200
1310141
2330003
1310114
200114
3030431
1011134
2330000
3440000
1011131
1404320
2420114
3440003
3030422
3231113
1101224
2211224
2121113
3014033
323000
3321230
1433000
1433003
1101230
2342300
323003
2211230
1134032
2412002
2211302
1011143
200141
2211311
3014114
3231230
3014141
2121200
2412020
3231200
323030
3231203
1310144
200144
4034030
1433030
2211314
2121203
2412023
1134020
1134023
2211320
2420222
2211323
3321320
3440111
2330111
323033
32222
1142222
3321302
1101302
1314302
4304300
4034000
3321311
4034003
1101311
4124111
3104222
3014111
3104303
1130000
4034111
1433111
1130003
3104300
2240033
1314320
1101332
1343000
1011203
1142300
1101341
1142303
1343003
1011200
1011230
1101314
1314311
1011224
1101320
1101323
1310222
200222
20000
1130033
2330114
2240003
1343030
2240000
1134131
323111
20003
2412032
1011242
2211332
233003
2121224
233000
1142330
32300
2211341
1044002
323114
1011233
2121230
32303
1101344
1134113
2121233
1044023
2121242
1044020
2240030
2330141
20030
4202111
1130030
323141
20033
2121314
2322023
233030
2211431
2412131
2322020
2121320
233033
32330
2244200
2121323
1310303
2330222
2240111
32333
2420330
1310300
1044032
4202000
2240114
4202003
2322032
2121332
4214300
2121341
1011311
3432020
3014222
3104330
1101431
2420300
1310330
1134200
3231320
1011302
1134203
1101434
2420303
200303
4202030
1310333
1130111
200300
4202033
2322002
1011323
2211413
2412113
1101413
3432002
2121302
1011320
3231302
1011314
3231311
1101422
2211422
2121311
3342002
1011341
3002030
1134230
200330
1011332
1130141
2412200
200333
20111
2412203
323222
20114
1343111
1130114
1101443
233111
3014330
3440300
233114
1142411
32411
2330303
3002033
32414
1044113
2330300
4112033
2420411
1011344
4112030
1044131
20141
4202222
2240141
20144
3014300
1130144
3014303
4124300
3104411
233141
32441
4112003
3002000
4112000
3002003
4034300
1433300
4202114
2232032
4112114
4022000
4022003
1134302
4112111
1011422
3002111
1310411
200411
1011413
4202141
1310414
200414
1421000
1421003
323300
2232002
1134320
2412230
2322113
323303
1044203
1011434
2121413
1044200
1011431
2121422
2322131
1421030
2232023
1134311
3342020
2232020
2121431
2330330
1310441
200441
1421033
2240222
1011443
20222
200444
1130222
2412320
233222
323330
2330411
1044230
2441000
2240303
3002144
2441003
2240300
2142002
2232113
4403030
2322230
4202330
1421111
3014411
2412302
4022033
1331000
1130300
1130303
1331003
1421114
3002114
3002141
4112141
4022030
2412311
2322203
2322200
3432200
4022141
1421141
1044302
1331030
3002222
3342200
1130330
20300
1130333
1331033
20303
1343300
233303
233300
323411
1044311
2322302
4104032
4022114
4112222
2232131
4022111
2441030
2142020
2142023
2240330
4104023
20330
4104020
20333
1044320
2142032
233330
4403003
4403000
4202300
4104002
4202303
4440002
2142113
2232230
4313030
3203000
1413020
1413023
3203003
4104113
4014002
4112303
3002300
4112300
3002303
2142131
4440020
303002
1413002
2322311
303020
2232203
2232200
303023
2441111
1331111
1421222
2322320
1241003
2240411
1241000
1130411
20411
303032
1413032
1331114
20414
1130414
233411
3330032
2220002
2232302
1331141
1241030
2232311
3330023
2220020
3330020
2220023
1130441
2142200
20441
1241033
2142203
20444
3330002
1421300
1421303
1110002
4403111
3203030
3203033
4313000
4313003
4202411
1413113
4014032
3002333
4022222
4112330
3002330
4014020
4014023
4104131
