311300
1110032
303110
2
311303
3113003
303104
1241111
401411
3002411
3330101
3113000
1110041
11
3330110
4010033
1110044
303113
14
4010030
4100141
1040411
20
1110020
303122
3203111
23
1110023
303131
303140
32
4022300
2220032
4014110
2003003
131111
2003000
311330
4014101
131114
41000
2220041
41
41003
4100114
44
4010000
4010003
4100111
4104200
4100222
4010111
2220131
4014200
1413200
1110101
41030
2003033
131141
2003030
1110104
41033
2220140
1110110
4223000
1110131
303200
2220101
101
1110134
303203
303212
104
3113030
2220104
1110140
110
1110143
2220110
1331300
2220113
303221
1110113
113
311411
303230
1110122
122
2220122
131
134
4301000
2220200
4301003
2220203
140
143
131222
2220212
41111
3023030
41114
2220221
4010141
1401014
1401011
4301030
1110200
1401020
3330200
1401023
1110203
2003114
3023003
41141
3023000
4133000
3113111
2003111
4010114
1401002
1110224
303302
1401041
4043000
1442000
1241300
1110230
200
1110233
303311
1143002
203
3404000
4010222
3203300
4100330
1110212
212
2003141
303320
1401032
1110221
221
224
332000
131303
332003
131300
230
2220230
233
33002
4100303
4100300
1143011
1110242
242
33011
33014
332030
33020
1143020
33023
131330
4010300
2220320
4010303
1401110
4100411
1401104
41222
2003222
33032
1401113
1311002
1110302
33041
4211030
1401101
1110320
1401140
1110323
3023111
1311032
1143101
1110332
303401
2421002
302
2220302
1311014
303410
2220311
2421011
1401122
1311011
1110311
311
2421020
1311020
1110314
314
1311023
1401131
320
2204000
2204003
323
3101033
3101030
2421101
332111
332
33101
33104
2220401
131411
2421110
41300
1311041
1110341
341
33110
1143110
41303
344
33113
2220410
2204030
3314000
33122
3101003
1401200
1401203
4010330
3101000
1401212
1311101
33131
41330
33140
4301111
4211000
2003303
2003300
4211003
3113300
1311122
1110422
1311131
1110431
1401221
1110401
401
1311110
1311104
1110404
404
4121003
3101114
3011000
410003
4121000
4010411
3011003
410000
3101111
1110410
410
1401230
2003330
1311113
1110413
413
422
410030
431
1311140
33200
1143200
434
33203
4301300
410033
1110440
440
443
33212
1401302
41411
33221
2241002
1401311
2003411
33230
2114030
2241011
2241020
1311221
1430000
1430003
4211111
3023300
1311230
1131002
1004003
2204111
1004000
2114000
1004030
3224000
2114003
3011033
2421200
1311200
1311203
4121030
1311212
410111
3101141
3011030
1401320
320000
410114
3011114
320003
3101222
332300
1131032
3011111
4031030
1004033
1131011
33302
1131014
320030
1430030
410141
1131020
1131023
3134000
33311
2114111
4412000
4211300
4031000
320033
4031003
33320
4121111
1401401
1131041
2024030
1004111
3302003
3302000
4113020
1430111
1311320
1131101
4113011
1311302
4113002
3003002
1401410
3101303
3101300
1311311
2024003
1004114
2024000
1004141
1131122
1041002
3011141
410222
1340030
1131131
320111
2241101
230003
1041023
1131104
230000
1041020
1340000
2241110
320114
1340003
1131110
1131113
33401
1041014
1041011
443000
33410
1041032
320141
3003041
230030
3044000
4322000
230033
2241200
1131140
1041041
3003020
3003023
1311410
3003014
2204300
3003011
2024111
1004222
3003032
410303
4031111
410300
3011222
3302030
3101330
1311401
1041101
3003113
1131221
3011300
3011303
3003110
3101411
3003104
1131230
3212030
2102000
1131200
3212000
1131203
3212003
2102003
3003131
1041113
1041110
320222
1340111
230111
410330
2114300
1131212
3003122
1041104
230114
140003
140000
1041131
4113110
4121300
3302111
1041122
3003101
4113101
1041140
140030
230141
4232000
1004303
140033
1004300
1430300
4113200
1004330
320300
3003140
1131320
320303
410411
2102030
3011330
2102033
1041212
1131302
1041203
1131311
1041200
1041230
3122030
2102114
1041221
230222
140111
320330
140114
2102141
2012030
3003212
3003200
3003203
140141
2024300
3003230
1004411
3003221
4031300
3122003
2012003
3011411
3212111
2012000
3122000
2102111
3003311
1131410
3003302
4142000
4101041
1041311
3122111
3003320
4101032
1340300
1131401
1041302
230303
431003
431000
230300
320411
2012033
4101023
4101020
1041320
4101014
4400111
4101011
3302300
431030
4310000
4310003
4101002
230330
140222
4400003
4400000
4101113
4011002
1410002
4101110
1410014
2012114
4101104
1410011
2012111
4101101
4400030
1410032
300002
300014
1410041
3032003
3032000
2102222
300011
3032030
300020
1410020
1410023
300023
2012141
1041401
3032111
431111
300032
230411
300044
341000
300041
140303
1041410
341003
140300
3200033
2303030
2102330
4011041
4310111
4220000
1410101
2012222
4220003
341030
3003401
4011032
140330
4101140
1410110
1410104
3200030
3200000
4011020
4011023
3200003
4101131
2303003
2303000
4011014
3413000
4101122
2102300
3212300
4220030
4011011
3003410
2102303
300101
3200114
4011131
1410131
1410140
3323000
300110
300104
4310030
4011122
4101230
3122300
4011113
1410113
300113
4101221
4011110
3110003
4011104
300122
3200111
3110000
1410122
4011101
4101212
300134
300131
300140
300143
4101203
4101200
341111
140411
2000030
4101311
2213030
4101302
1103000
1103003
1410200
1410203
4220111
2012303
2012300
2000003
2000000
3110030
1410230
2303111
1103030
1103033
2213000
2213003
2102411
300200
300203
300212
1410212
2012330
1410221
4011140
300221
3200141
3110033
2000033
3032300
431300
300230
300224
3020003
3110114
300233
3020000
333002
3020030
4130030
3110141
333011
300242
2213111
2123000
3233000
333020
2123003
4011230
2012411
4011221
1410302
4130003
2000114
3200222
4400300
4130000
3110111
4011212
2000111
4101320
4011200
4011203
4130111
1013003
4011320
1410320
1013000
300302
2000144
4011311
1410311
2000141
300311
1103111
3401003
1103114
3401000
4011302
3200300
4101410
300314
3200303
300320
1140020
1140023
1013033
4101401
300323
333101
300332
1013030
3020033
341300
300341
30002
333110
1140002
1103141
2123030
1140011
30011
30014
1140014
2000222
3020141
30020
30023
2123111
30032
1140032
1140041
30041
30044
4310300
3020111
3110222
4040030
1103222
2303300
300404
2033003
1410401
3401030
300401
1013114
2033000
3143000
1013111
300413
3200330
3020114
4040000
4040003
300410
1410410
1140113
300422
3311030
2201000
2201003
300431
1140122
3020222
4040111
2414000
1140101
3110330
333200
30101
2213300
30104
2033030
1140104
1013141
300440
30110
1140110
30113
3401111
3311003
3311000
30122
3200411
4011410
3110303
2000303
2000300
1140131
3110300
30131
4011401
30134
4331000
30140
1140140
30143
4130300
2033111
4421000
4220300
1304030
1431002
1304003
2000333
1304000
2000330
1103300
1103303
1140212
2201030
2201033
1013222
1140221
1103330
1431011
30200
1431020
1140200
1140203
30203
2000414
2324000
3020330
30212
2123300
2000411
30221
30224
2201141
30230
2111030
1140230
3221030
30233
2111033
3020303
1214003
3020300
1214000
30242
1103411
3110411
1001003
2000441
1001000
4241000
1431101
3311111
2201111
1013303
2111000
3221000
3221003
1013300
2111003
2201114
1304111
104000
104003
1140311
1001033
3221111
1341011
1341020
1001030
3303011
4040300
1431110
3131003
3020411
3131000
1214030
1013330
3303020
1341002
30302
1140302
104030
104033
3401300
30311
3303002
30314
30320
1140320
30323
30332
4110014
4110011
30341
2111141
2033300
4110002
1214111
3303101
2021003
1001114
2021000
1001111
1140401
1341110
2111111
2201222
2111114
1140410
1013411
104111
1124030
14000
1124000
1124003
2234000
104114
14003
1431200
2021033
1001144
2021030
3131030
1341101
1001141
3000044
30401
3000041
30404
3041003
440003
3041000
440000
3131111
2402030
30410
104141
3000032
30413
14030
14033
2201330
30422
2111222
440030
30431
3213011
3000014
2021114
3000011
4110041
30440
2021111
3213020
4110032
3000002
3303110
2402000
2201300
3311300
2201303
2402003
3000020
4110023
3000023
4110020
3213002
1304300
4110140
3000110
1341200
3422000
3000104
3221300
3213110
3000101
1001222
2021141
4110131
3303200
4110122
3123002
3000122
2402111
3000113
1034003
3213101
1124111
4110113
1034000
104222
14111
4110110
2144000
1034030
14114
4110104
3041030
4401002
440111
4110101
4401011
14141
4401020
1202003
2111330
1202000
4110203
4110200
1214300
1001303
1001300
2312003
3000140
3000143
2201411
2312000
1202033
3123020
2111300
2111303
3000134
3123011
104300
3000131
104303
1034111
2021222
3041111
1001333
1202030
2312030
1001330
3033002
3000233
3123110
3131300
3000230
104330
2312111
3000224
4401101
14222
2222000
3332000
3033020
2222003
2111411
4401110
4311002
3033011
3000242
3213200
4311011
3000200
3000203
4110230
2021303
2021300
4311020
1202111
3000221
3123101
4110221
3000212
4110212
3000302
1001414
2021330
1001411
4110320
1112030
1202141
2000
1112000
1202114
2003
1112003
3000314
2402300
4110311
3000311
104411
14300
1124300
14303
4110302
440300
2030
1001441
2222030
2033
1112033
14330
2132000
2132003
4311110
2132030
3000332
3242000
1112114
3033101
3000320
3000323
3123200
1034300
3033110
3000341
3041300
1022003
1202222
2021411
2222111
1112111
2111
1022000
2300003
1022030
3000431
2114
2300000
3000422
14411
2312300
2214002
3000440
3410030
2214011
2300030
1112141
2141
3033200
1022033
2144
3410000
3410003
1403000
1202303
1403003
1202300
3000413
4401200
4110410
3000410
3000404
4311101
3000401
4110401
4004030
1403030
1104020
4131002
1104023
1202330
3410111
2042003
1112222
2042000
1022111
1104002
1104011
4004000
4004003
1104014
2300033
2214020
1022114
2222
2132111
1104032
2042030
1022141
1104041
2124002
2124011
2300141
2210030
2210033
2124020
2042111
4311200
1104113
1104122
3320030
2300111
1100030
1100000
3320003
2300114
1014014
2210000
3320000
1403111
2210003
4430000
4131020
1100003
2214101
1014011
1104101
203003
1104104
1202411
203000
4131011
1313000
2423000
2300
1112300
2222300
1014002
1104110
1313003
2303
1112303
2214110
3230000
4041020
1440020
1022222
3230003
1014023
1014020
4041011
1100033
1313030
1104131
203030
1014041
4041002
330002
1440002
4131110
2214200
203033
2330
1112330
330014
1104140
3320111
2300222
2333
1440011
330011
2210111
1014032
330020
4131101
330023
4004111
330032
330041
2120033
1100114
1313111
1104212
3410300
1223003
1223000
1112411
1104221
1022303
1014110
1022300
1014104
1104200
1014101
1104203
1010003
1010000
1100111
1100144
2120000
1010030
4340000
2120003
2210114
203111
1223030
2124101
1014122
203114
113000
113003
2333000
2411
2132300
2414
1014113
2124110
1440101
330101
1014140
1022330
1104230
1440110
330110
1014131
2210141
330104
1100141
1010033
2120030
3230030
330113
2202020
203141
2202023
113030
2124200
113033
2300330
2441
3140003
3140000
330122
2120111
2210222
3140030
2202032
2120114
330131
2202041
330140
2243000
2042300
3312020
1104311
4041110
2300303
2030003
3230111
2030000
1100222
2300300
4041101
3312002
1010111
1403300
2202002
1014203
1014200
3312011
2202011
1104302
4131200
2202014
1014221
3222002
1022411
3222011
1014212
4041200
1010114
2030033
2030030
1104320
1010141
2202101
203222
1223111
113111
3312101
2300411
23000
1133000
1014230
2202104
1133003
23003
113114
2411000
3312110
330200
1440200
2210300
3320300
330203
2210303
2411003
2202110
330212
330221
2120141
1010144
4004300
330230
113141
23030
1133030
23033
1313300
2112032
2030111
1104401
2112041
1104410
1014302
1301003
1301000
1100300
1100303
3140111
2202113
1010222
2112002
2030141
203303
404003
404000
1133111
203300
1014311
2202122
2112011
2112014
2411030
2202131
1043003
2112020
1301030
3222020
1043000
2112023
404030
1301033
1100330
330302
2210330
2030114
1100333
2202140
2120222
1014320
203330
330311
2411111
3132011
2202212
2112101
23111
113222
2321003
2112104
23114
2210411
2321000
2120300
2202221
3132002
2112110
2120303
2112113
330320
2202230
1043030
2112122
3132020
2022014
1301111
3222101
23141
2022011
1301114
1211003
1211000
1100411
3431000
2022002
3230300
1100414
3222110
1010303
1010300
2202200
2202203
3312200
1211030
3300023
1014410
3300020
1301141
2022041
404111
1100441
3222200
101000
101003
1211033
1014401
2022032
3300002
2030222
203411
1010333
314000
1424000
113300
1010330
113303
1223300
314003
3300011
2022023
2022020
3300014
2202302
2112131
330401
2321030
101030
1043111
101033
314030
2120330
2112140
330410
113330
4410101
23222
4410110
2022110
2030303
2030300
2112230
2022104
2022101
4410002
2231030
4410011
1010414
3132110
2022140
3140300
2030330
1334000
1010411
1133300
2202311
4410020
2112200
3132101
2112203
2022131
2202320
3300032
2321111
2112212
2022122
1301222
1211111
101111
1211114
11000
2231003
1121000
3341000
1121003
2231000
3300041
314111
2120411
101114
11003
2112221
2022113
2411300
2202401
113411
23300
1010441
23303
3132200
2202410
2112302
3300131
101141
11030
1211141
1121030
2112311
1121033
101144
11033
4410200
3300140
23330
3300113
1301303
2022203
2022200
1301300
3300122
3300101
3300104
3300110
1301330
1211222
3300212
2141030
1121111
4103030
2022230
404300
1121114
3300221
2022221
1031003
2030411
1031000
3300203
3300200
2022212
2112320
1121141
4103003
2231111
4103000
101222
11111
2141000
11114
1043300
2141003
134003
1244000
134000
23411
1031033
1031030
2022302
2223011
11141
11144
134030
2223020
2141111
1113011
1113014
1412030
1113020
2022320
1113023
1301411
2112401
3300230
302000
1412000
1211303
101300
1412003
1211300
101303
302003
2321300
314300
2022311
3002
1113002
2112410
2223002
1113041
3011
1031114
3014
1031111
302030
4140020
3020
3023
3030014
1211330
3300320
101330
4140011
101333
3030011
302033
11222
1121222
3032
1113032
4013030
3030002
2223101
4140002
134111
44000
3041
44003
3044
3300311
1031141
4013000
4013003
4103111
3300302
44030
1113104
1211411
3300401
1322000
1121300
1121303
1113110
1322003
3300410
1113113
4013111
2022410
1412111
302111
1113101
3101
2022401
3104
101411
1121330
1113140
11300
2432000
302114
2231300
3110
2223110
101414
11303
3030023
3113
3030020
1113122
3122
3030041
302141
1031222
1322030
1113131
3131
3030032
3134
101441
2223200
11330
3030122
3140
11333
3143
3030113
44111
3030140
2342000
2141300
3030131
1113200
1404020
1113203
1322111
1113212
3030110
4140110
3030104
1404002
4140101
3030101
1404011
3200
3321011
3203
1031303
302222
1031300
1232030
3212
3321020
1232003
1121411
1232000
11411
3030203
1113221
3221
3030200
11414
4140200
3224
3321002
2211002
134300
3230
1113230
3233
3242
1031330
4214000
11441
4103300
2211041
4304000
1101011
1314002
1113302
1101014
4013300
1400030
1101020
1314011
1113311
1101023
1404101
4001000
1400000
4001003
1400003
302300
1412300
1101002
302303
1404110
1142000
1101041
1142003
2211011
3030221
1101044
3302
2211014
3030212
2211020
2211023
3311
1314020
3314
1400033
3030230
3320
1113320
1101032
2211032
3323
1031411
1232111
302330
32000
2211104
32003
2420000
3332
2420003
2211110
2211113
3030311
2121002
44300
3341
3231011
2211122
2121011
2121014
2420030
2211131
2121020
3231020
3030320
32030
1142030
2121023
1310003
1101104
1314101
32033
1310000
3321110
1101110
1400114
1322300
1113401
1101113
1314110
3231002
3104003
3104000
3030302
3104030
4001033
1011002
1400111
4001030
2211101
1404200
1101101
3321101
3104111
200003
1011023
1310033
3321200
200000
1011020
1101140
1101143
4001141
3401
1011014
3404
3231101
1011011
413003
413000
1142111
302411
1113410
3410
1101122
3413
1011032
1400141
1101131
3014000
200030
1310030
4124000
3014003
3422
1101134
413030
200033
2211140
4001114
3431
2121032
4001111
1011044
1011041
32111
3440
2121041
32114
1101200
2121122
1101203
1400222
2121131
1314200
1310111
1101212
2330030
32141
1011101
2121140
1101233
2211200
2211203
3014030
1134002
3030410
1011113
1011110
1134011
1101242
2420111
200111
1220030
2211212
2121101
1310141
3030401
1011104
2330003
2121104
413111
1310114
200114
1011134
1220003
110000
110003
1220000
2330000
3440000
1011131
2211221
1101221
2121110
3231110
1101224
2121113
323000
1433000
1011122
1232300
1101230
323003
2211230
2412002
2211302
1011143
1011140
200141
2211311
2412011
110030
2412020
2121200
110033
3231200
323030
200144
2121203
1220033
1134020
2211320
2330111
2121212
32222
1101302
4034000
1101311
3014111
1400300
1400303
4001222
1220114
1130000
1130003
3104300
1011212
1134101
1101332
1343000
1011203
1142300
1101341
4001330
1134110
1011200
1011230
1101314
1011224
1101320
1011221
1101323
1310222
200222
1220111
110111
1400330
20000
1130033
2240003
2240000
323111
20003
110114
1044011
1011242
2121221
233003
4001300
4001303
233000
32300
1044002
1011233
2121230
32303
1044020
2240030
110141
20030
4202111
1130030
1220141
20033
110144
233030
2322020
2121320
1101401
32330
1310303
1101404
2240111
1400411
1310300
4202000
4202003
1011311
2412101
1101431
2420300
2211401
1310330
1134200
1011302
2412110
200303
1220222
401003
4202030
401000
1130111
200300
2322002
413300
1101410
2211410
1011323
1101413
2121302
1011320
2322011
1011314
1101422
2121311
401030
1044110
1011341
3002030
200330
1044101
1011332
2412200
1130141
1040003
200333
401033
1040000
20111
110222
1101440
1040030
20114
1130114
233111
2322101
143003
2121401
143000
32411
3002033
2322110
2330300
4112030
20141
1040033
20144
3014300
143030
3002000
4112003
3002003
4112000
4001411
1011404
1011401
4022000
4022003
4112111
401111
1011422
3002111
1310411
200411
1011413
401114
311000
1421000
200414
1220303
110300
1011410
1421003
110303
1220300
311003
323300
2232002
1040111
2121410
1044200
1011431
2232011
311030
1421030
401141
2232020
1220330
200441
110330
110333
311033
1040114
20222
1130222
1011440
1040141
143111
2232101
2232110
2441000
2240300
2142002
2142011
1421111
1220411
1331000
1130300
1130303
3002114
1331003
3002141
4022030
2322200
401222
1331030
3002222
311111
110411
1130330
20300
311114
20303
110414
1040222
434000
233300
311141
4022111
2142020
110441
4104020
20330
20333
4104011
4403000
4104002
4202300
4100030
4014011
1413011
3203000
1413020
3203003
4014002
4104110
3002300
401303
3002303
4112300
401300
4104101
4100003
4100000
303002
1413002
1040303
303014
1040300
303011
303020
2232200
303023
311222
1331111
401330
2142101
1241003
131000
1241000
1130411
131003
20411
303032
20414
2142110
2220002
344000
303041
1040330
143300
2220011
2220014
1241030
2220020
3330020
2220023
131030
2142200
131033
20441
3330002
1421300
1110002
1413110
3203030
3330011
4313000
1110011
1110014
3002330
1413101
4014020
303101
4100033
