311300
1122320
1122323
2
311303
3113003
3113000
4022330
303113
1122332
4014131
1212422
20
1122311
3203111
23
4104230
3203114
303134
1122314
4014113
1212431
303131
32
4022300
311333
2220032
4022303
303143
4112411
131111
311330
131114
344111
1122341
4104203
4104200
2220131
4014200
4014203
131141
2220134
4104311
131144
2220143
2343020
4104302
303200
3113033
303203
1122422
3113030
1122431
2220113
2441300
113
311414
3203141
311411
2343002
434300
303230
303224
1122413
131
303233
134
4301000
2220200
4301003
2220203
303242
143
131222
311441
2433200
3023033
3023030
3113141
3203222
4301030
4301033
1401020
1401023
4014230
3113114
3023003
4022411
3023000
3113111
4104320
1401002
303302
1442003
1442000
200
4440200
303311
203
4014320
3203300
303314
3203303
4014311
303320
1401032
303323
303332
224
2220224
4014302
131303
131300
230
2220230
2220233
344300
303341
233
33002
242
2220242
1442030
33020
33023
131330
2220320
2220323
4424000
2343200
131333
33032
3023141
1401113
2220332
1311002
4301141
2220341
4211030
4211033
1401143
3023114
3113222
1442111
3023111
1311032
302
2220302
303413
3203330
2220311
311
1311020
303422
314
2220314
1401134
1311023
1401131
320
2204000
2204003
303431
323
3441020
332
131411
131414
341
3023222
344
33113
2220413
3113330
3441002
2204030
3203411
1401200
1401203
33131
33134
131441
4301111
33143
3113303
4211000
3113300
4211003
4301114
1401233
4211141
1434002
1311134
1221023
1221020
1401242
1311131
4121003
4121000
1221002
1401230
1401224
1311113
413
2204033
422
2220422
2220431
431
33200
1434020
434
33203
1311143
4301300
4301303
1221032
443
1401302
33224
1401311
3023330
2204141
2114030
33230
2114033
33233
33242
1401332
4211111
4301222
1401341
3023303
4211114
1442300
3023300
1311230
1131002
1221113
3113411
1311224
2204111
2114000
4334000
2114003
2204114
1311200
4121033
1401314
1311203
4121030
1401320
1401323
1344020
4031033
320000
3441200
1221143
320003
1131032
4121141
4031030
1311233
1344002
33302
1221131
320030
1221134
3023411
1131020
1311242
1131023
2114111
2204222
33311
4301411
33314
4211300
4121114
4031000
320033
4031003
4211303
33320
4121111
33323
33332
33341
2024030
3302003
1221203
4113023
3302000
1221200
4113020
1401431
1311314
1311320
1434200
1311323
1401413
1311302
4301330
4113002
4211222
1401422
1311311
2024003
2024000
4244000
2114114
1221233
1041002
1221242
1131131
320111
1131134
230003
1041023
1311332
230000
1041020
320114
1131113
1311341
1221224
1221230
2114141
443003
443000
2024033
33413
1041032
320141
2204330
230030
2114222
33422
443030
230033
4211411
320144
1131143
33431
4031141
1311413
3302033
1221302
1311422
2024114
2204300
1221311
2204303
2024111
4113032
4031114
4121222
4031111
3302030
4211330
1221332
1131224
4031222
4121330
3212030
3302141
1131230
1221341
3302114
1221314
3212000
1131200
3212003
1131203
2024141
1311431
4113131
1041113
1221323
320222
2204411
1221320
2114300
230111
1344200
2114303
230114
443111
1041134
1041131
4113113
4121303
4121300
3302111
1131233
1041143
1131242
230141
2024222
2442020
230144
4113203
4113200
1131314
1221431
320300
1131320
1131323
320303
3212033
222002
2442002
1131302
1221413
2114330
1041203
1221422
1131311
1041200
3122030
1041230
222023
222020
1041224
320333
2114411
230222
320330
222032
1041242
1131332
3212141
1131341
3122033
1041233
4031330
3212114
4113230
2024303
2024300
4031300
4031303
3122003
3302222
4121411
3212111
3122000
1131413
3302330
4031411
3212222
1131422
3122111
1041311
2024330
4113320
1041302
320414
230303
230300
320411
4113311
443300
222113
1041323
1041320
4113302
3302303
1041314
3302300
222131
4310000
4310003
1041341
222134
1131431
230330
1041332
222143
320441
230333
2024411
1410002
3032033
1410032
3122114
3032003
3032000
3032030
1410020
3122141
1410023
222203
222200
2442200
3122222
3032111
1041422
230411
3114023
1041413
3114020
230414
222224
2303030
222230
1041431
2303033
222233
3212330
3032114
4310111
3114032
4220000
222242
4220003
4310114
230441
4433000
2303003
3302411
2303000
4310141
3212300
3114002
3212303
4220030
1410134
1410131
3212411
1410143
4310030
3122303
4310033
3122300
1410113
222302
3032141
222311
222314
222323
222320
222332
2000030
2303141
222341
2213030
2213033
1410200
1410203
4220111
4310222
4220114
4343000
2000003
2000000
1410230
2303111
1410224
2303114
2213000
2213003
1410233
1443002
4220141
3114113
3032222
3122330
3114131
2000033
4220033
3032303
3032300
3122411
4130033
222413
4130030
2303222
222422
2213111
1410242
2123000
3114230
1443020
2213114
2123003
222431
1410302
2000114
4130003
4130000
2000111
3114203
3114200
4130111
4212032
1410320
1410323
1410332
2000144
3114302
1410311
2000141
3401003
3401000
1410314
3032330
1140020
1140023
1410341
1140002
2213141
2123030
2123033
2000222
2303330
2213222
2123111
2123114
1140032
4310300
4310303
4130141
4212002
1410422
2303303
2303300
3114311
1410431
2033003
4212020
3401030
3032411
2033000
4212023
1410413
3401033
4310330
411002
4130114
4220222
3114320
1140113
3311030
3401141
411023
411020
3311033
4122032
2303411
4130222
2213300
2033033
2213303
1443200
2033030
4122023
4122020
411032
3401111
2123141
4212200
3401114
3311003
3311000
4212203
4122002
2000303
2000300
1140131
1140134
4220411
1140143
4130303
4130300
2033114
2033111
4310411
4220300
1304030
4220303
1304003
4212113
2000333
1304000
2000330
4212131
2033141
4220330
411113
1304033
2213330
2123222
411134
1140200
1140203
411131
2000414
411143
2213411
1140242
2123300
2000411
2123303
4212302
1140224
3311141
3221030
4212311
1140230
3221033
1140233
4212320
1304114
1214003
2000444
1214000
3434000
4130330
2000441
4122131
3401222
3311111
3311114
3221000
3221003
1304111
4122113
3401330
1214033
3311222
411203
3221111
4212230
411200
1140311
4122230
3303032
3221114
1140314
3131003
4130411
3131000
411230
2033222
1214030
3303023
1304141
3303020
411224
1140302
2123330
3401303
1140341
444002
4122203
4122200
3401300
411233
3303002
411242
1140320
444020
1140323
1140332
4122302
2033303
2033300
1304222
1214111
411302
3221141
411311
1140413
2033330
1214141
1124030
1214114
1124000
1124003
3344000
2123411
411314
3131033
3131030
411323
411320
411332
3131114
3041003
3041000
3131111
141002
2402030
411341
3000032
3311330
1124033
2402033
3221222
1140422
3213032
141023
1140431
141020
3303131
141032
3213020
4122320
3213023
3000002
3401411
2402000
3311303
3311300
2402003
4122311
3000020
3000023
3303113
3213002
1304303
1304300
3311411
1124114
3221300
3221303
3213113
3303230
3303203
3303200
411413
3123002
411422
1304330
2402111
2033411
1214222
1034003
3000113
1124111
1034000
1034030
411431
3041033
3041030
4401002
3131141
444200
141113
1124141
4401023
1034033
4401020
2312033
1304411
141131
141134
1214303
1214300
141143
3041141
2312003
3123023
3000143
3221330
2312000
3123020
2402114
1214330
3000134
3000131
1124222
1034111
3041114
3123032
3131222
3041111
2402141
3213131
2312030
3000233
3033002
3123113
3131303
2402222
3131300
3000230
2312111
1034114
3000224
2222000
2312114
141203
3033023
3221411
2222003
1034141
141200
3033020
3123131
4401113
4311002
3213230
3000242
3213200
3213203
3000200
3000203
4401131
3303320
141224
141230
4311020
4311023
141233
3303302
141242
4311032
3303311
3000302
3213302
4401032
3213311
2000
4442000
2003
3000314
2402300
1214411
3000311
2402303
1124300
1124303
1034222
3033032
3041222
3131330
2312141
2030
2222030
2222033
2033
141302
1124330
141311
2132000
141314
2222114
2132003
3033131
4311113
141323
141320
4221002
4401230
141332
4311131
3041330
2222141
4221020
2132030
141341
4221023
3000332
4221032
1124411
3123203
3000320
3000323
3123200
1034303
3123230
1034300
3000344
3033113
3000341
3041303
3213320
3041300
3131411
2312222
2222111
2402330
2111
3123311
2114
3000431
3410033
3123302
3000422
2312303
2402411
2312300
2214002
1034330
3000443
3123320
3410030
2141
3033203
3033200
3000434
2144
2132033
3410000
3410003
141413
141422
1403000
1403003
4401203
3000413
4401200
141431
1403030
4131002
3410111
4221131
2042003
1403033
2132141
2042000
3033230
1034411
2214020
2214023
2312330
3041411
2042033
2222
2222222
2132111
2042030
2214032
2132114
2214113
2124002
3033320
2214131
3320033
2124020
4401302
2124023
2222330
4401311
2132222
2042111
4311200
4311203
4131032
3410141
4401320
3320030
4131023
3320003
3033311
3320000
1403111
4131020
3410114
2312411
3033302
4221113
1313000
2300
2222300
2222303
1313003
1403114
2303
4311230
3320114
3230000
4041020
3230003
2042141
4041023
4131131
3443000
1403141
1313030
4131113
4041002
330002
2214200
3410222
2330
2214203
1313033
3320111
2042114
2333
2124032
330020
330023
330032
4221302
4221311
1313111
1403222
2124131
4311302
3410300
1223003
2132330
1223000
3410303
1313114
4311311
4221200
4221203
4311320
3230033
1313141
1223030
2222411
2411
1223033
2132300
2414
4221230
2132303
2042222
2124113
4041032
2214230
3230030
3320141
330113
2214311
2124200
2441
2124203
3140003
3230141
2444
3140000
3140030
2214320
3312032
3230114
330134
4041131
330131
330143
2132411
2042303
4131230
2042300
4041113
3312023
3312020
3320222
3410330
3230111
3312002
1403300
1403303
4131203
4131200
2214302
3222002
3312113
2042330
4131320
4221320
4041200
4041203
4131311
1313222
1223111
1403330
1223114
1133000
4131302
1133003
2411000
3320303
330200
3320300
330203
3410411
2411003
2124230
3140033
330230
330224
1133030
1223141
1133033
330233
1313300
2124320
3140141
1313303
1403411
330242
3140111
3222032
1223222
1313330
1133111
1133114
2124302
3312131
2411030
4041230
2042411
1043003
3222020
3222023
1043000
2124311
3320330
330302
2411033
3140114
3230222
330311
3222131
2411111
1133141
2321003
3230330
2321000
3132002
2411114
330314
3222113
3140222
3312230
4041320
330320
1043033
330323
3132023
1043030
330332
3132020
330341
4041311
3320411
4041302
3230300
3230303
3312203
3312200
3312311
3222200
3222203
314000
1223303
1223300
1313411
314003
3312302
2411141
2321030
1043114
1043111
330413
314030
2321033
3132032
1223330
330422
314033
1133222
330431
2444000
3140330
1043141
3132131
4410002
2231030
2321141
2231033
3140303
1223411
3140300
4410023
1133300
1133303
3222230
4410020
2411222
3312320
4410032
2321111
2321114
2231003
3230411
2231000
314111
3132113
2411300
224003
3222320
2411303
1133330
224000
3132203
314114
3132200
2313002
3140411
3222311
4410203
314141
1043222
4410200
2313023
224030
2313020
224033
3222302
4410230
4410113
2141030
2231141
2141033
4410131
2321222
2231111
2411330
2141000
2231114
1043303
3132230
314222
2141003
1043300
2313032
224111
134003
224114
1133411
134000
4410311
2313131
134030
1043330
2223020
224141
2223023
3132320
2321330
134033
4410320
2231222
2141111
2223032
2141114
3132302
1412030
2321303
1412000
1412003
2411411
2321300
314300
3132311
3002
2313113
314303
2223002
4140023
4140020
3020
3023
2313203
2313200
1412033
3032
1043411
134111
224222
4140002
314330
134114
2141141
4410302
134141
2231330
1322000
2141222
1412114
1322003
2133032
3411002
1412111
2321411
1322033
2231303
2231300
2223113
3113
2133002
224303
2313230
314411
224300
1412141
1322030
2223131
3131
2133020
3134
2133023
4140032
2223200
2223203
3143
224330
2313320
134222
2231411
2141300
2141303
2133113
4140131
2223230
1404020
1404023
1412222
1322111
3411032
4140113
2313302
1404002
3411020
3411023
2313311
3200
3203
1322141
1232030
3321023
3321020
3411131
1232003
1232000
4140203
1404032
1322114
4140200
224411
3224
3321002
134303
3411113
134300
3230
3233
3242
2133131
4304111
4214000
2141330
4214003
1232033
134330
4304000
4304003
2141411
1404113
1314002
1101020
2133230
1101023
1412300
1412303
1101002
4304030
1232114
1142000
1142003
1314032
3302
2223302
2223311
3311
2133200
1314020
3314
2133203
1314023
1404131
3320
1101032
4140230
2223320
1322222
3321032
3323
1232111
1412330
1142033
2420000
3332
2420003
134411
3231032
3341
3344
2133302
3321131
2420030
3231020
3231023
4214111
1232141
1142030
2133311
4140320
1322300
4140311
1101113
3411230
1322303
3321113
3231002
1412411
4140302
3411200
1011002
3411203
1404200
1404203
4124030
200003
1011023
3321203
3321200
200000
1011020
1224023
1224020
1314131
1101143
1232222
3411320
413003
4214030
1322330
1142111
413000
1224002
3411302
1404230
1314113
3413
1011032
3411311
1101131
4124003
200030
4124000
3422
1101134
413030
200033
2420033
3431
2133320
3434
1142141
413033
1224032
1142114
3443
1101200
1404311
1101203
3141032
2420141
1314200
2330030
1314203
2330033
1404302
1101233
1314230
1134002
1224113
3141002
1011113
3231131
1101242
2420111
200111
2330003
3141023
200114
413111
1011134
2330000
3141020
1011131
1404320
2420114
3231113
1101224
323000
413114
3321230
1232303
1232300
1101230
1322411
323003
1134032
2412002
1011143
200141
3231230
2412020
3231200
1224131
323030
3231203
200144
4034030
413141
2412023
1134020
1134023
3141113
1232330
2420222
3321320
2330111
323033
1142222
3321302
1101302
1314302
4304300
4034000
3321311
4034003
1101311
4124111
4034111
2240033
1314320
1101332
1232411
1011203
1142300
1101341
1142303
1011200
1011230
1101314
1314311
1011224
1101320
1224203
1224200
1101323
200222
20000
413222
2330114
2240003
2240000
1134131
323111
20003
3141131
2412032
1011242
233003
233000
1142330
1044002
323114
1011233
1101344
1134113
1224230
1044023
1044020
2240030
2330141
20030
323141
20033
3141230
2322023
233030
2412131
2322020
233033
2330222
2240111
2420330
1044032
2240114
2322032
4214300
1011311
1224311
1101431
2420300
1134200
3231320
1011302
1134203
1101434
2420303
200303
200300
413303
2322002
413300
1011323
2412113
1101413
1011320
3231302
3141203
1224302
1011314
3231311
1101422
3141200
1011341
3002030
1134230
200330
1011332
2412200
200333
20111
2412203
3141311
323222
20114
1224320
1101443
233111
413330
233114
143003
3141302
1142411
143000
2330303
3002033
1044113
2330300
2420411
1011344
1044131
20141
2240141
20144
4124300
143030
233141
143033
3002000
3002003
4034300
2232032
1134302
1011422
3002111
200411
1011413
200414
1421000
1421003
323300
2232002
1134320
2412230
2322113
323303
1044203
413411
1011434
1044200
3141320
1011431
2322131
1421030
2232023
1134311
2232020
2330330
200441
1421033
2240222
1011443
20222
200444
2412320
233222
143111
323330
2330411
143114
1044230
2240303
3002144
2240300
2142002
2232113
4403030
2322230
1421111
143141
2412302
1331000
1331003
1421114
3002114
3002141
2412311
2322203
2322200
1421141
1044302
1331030
3002222
20300
1331033
20303
233303
233300
323411
1044311
2322302
2232131
2142020
2142023
2240330
20330
20333
1044320
2142032
233330
143222
4403003
4403000
2142113
2232230
4313030
1413020
1413023
3002300
3002303
2142131
1413002
2322311
2232203
2232200
1331111
1421222
2322320
1241003
2240411
1241000
20411
1413032
1331114
20414
233411
3330032
143303
143300
2232302
1331141
1241030
2232311
3330023
3330020
2142200
20441
1241033
2142203
20444
143330
3330002
1421300
1421303
1110002
4403111
4313000
4313003
1413113
1323002
3002333
3002330
1110032
1331222
3002414
1241111
3002411
1421330
1241114
1323032
1110020
1110023
1323020
1323023
1413131
2232320
2003003
2003000
1241141
4403300
143411
2142230
1413200
1413203
2003033
2142311
2003030
2142320
4313111
4223000
4223003
3330131
1110131
3002441
1110134
1233023
1233020
1323131
1110143
1331300
1110113
1331303
3330113
422003
4223030
1421411
422000
1233002
1413230
1323113
2142302
3330230
422030
1241222
4313300
1331330
422033
4133030
1233032
1413302
1110200
3330203
3330200
1413311
1110203
2003114
4133003
4133000
2003111
1110224
1241303
4043000
1241300
4043003
1110230
4223111
1331411
4133111
1110233
1323230
1143002
1233113
3330302
3404030
3404003
3404000
1323200
2003144
1323203
422111
2003141
1413320
1241330
422114
332000
332003
1143032
1110242
1233131
422141
332030
1143020
1143023
4223300
332033
2003222
2421032
1110302
1110320
1233203
1233200
3330320
1110323
4043030
1323320
1110332
2421002
1323302
414002
3330311
1110311
2421020
1110314
1323311
2421023
414023
414020
3101033
422222
3101030
332111
1143131
242003
1241411
242000
1110341
414032
332114
1110344
1143113
2331002
4043111
3314030
1233230
2421113
3314003
3314000
3101003
3101000
332141
242030
242033
2003303
2003300
3404111
1233302
1110422
4133300
3314111
1233311
1110431
3101114
3011000
3011003
3101111
422303
422300
2003333
111002
2003330
1110413
414113
2331023
111020
111023
1143230
2421131
2331020
1143200
1143203
1110434
414131
111032
1233320
332222
1110443
2331032
422330
242111
242114
2003414
2241002
2421230
2331113
2003411
2331131
2241023
242141
2241020
1430000
1430003
2003441
3224030
3224000
3224003
3011033
2421200
3101144
2421203
3101141
3011030
414203
414200
1430033
3011114
111113
3101222
332300
1143320
3011111
332303
422411
414230
2421302
1143302
4043300
111131
1430030
2421311
3134003
3224111
1143311
3134000
111134
4412003
4412000
111143
2241032
242222
332330
4412030
3404300
2241131
1430111
3314300
3003002
3101303
414302
3101300
2331203
3134030
414311
111200
111203
2331200
3011144
3011141
1430141
1340030
2421320
1340000
414320
1340003
1430114
111224
2241113
242303
2331230
332411
242300
111230
111233
144002
2331302
111242
4412111
2331311
3044003
3044000
3044030
4322000
2241203
4322003
2241200
1340033
144023
144020
242330
2331320
3003020
3003023
144032
1422002
4322030
3134111
3003032
3101333
3011222
3101330
3003113
1422032
1340114
111302
3101414
3011300
3011303
3101411
111311
1422020
1422023
111314
3003134
3003131
111320
111323
1340111
1430222
3224300
111332
242411
2241230
111341
111344
144113
1340141
4232000
144131
4232003
1430300
1430303
2241320
4232030
1332020
3044111
1332023
1422131
3011333
1340222
3003143
3101441
3011330
1430330
1422113
2241302
111413
1332002
2241311
111422
111431
3003242
144203
144200
111434
3003233
111443
1332032
3011441
4404002
144230
3003200
1422200
3003203
1422203
3134300
3003230
3003224
4404020
3011414
4322111
3011411
1242002
3003311
1422230
1332113
3003302
4142003
4142000
3003320
3003323
4101032
1340300
1340303
431003
1430411
431000
3003314
4101023
4101020
1242032
4404200
144302
431030
4101002
144311
1242023
1242020
1332131
4322300
1340330
431033
144320
4101113
4011002
1422302
4412300
4314002
3003341
3044300
4314020
1422320
300002
3003332
4232111
1340411
300020
4142030
1422311
300023
1332200
1332203
431111
1242131
300032
3003431
431114
341000
341003
3200033
3413030
1332230
1242113
4314200
4142111
341030
431141
4011032
4101143
4232300
341033
3200030
3200000
4101134
4011020
4011023
3200003
3003422
4101131
3003413
3413000
3413003
3200114
4224002
3413111
1332311
4011134
4101242
4011131
3323003
1242203
3323000
1242200
4134002
4101233
4101230
4224020
4011113
300113
4101224
1332302
3110003
3110000
3200111
300134
1242230
300131
300143
4101203
4101200
431222
341111
1332320
341114
4101311
1103000
4224200
4101302
1103003
341141
3200144
3110030
3323030
1103030
1103033
300200
1242302
300203
4011143
4134020
3200141
3110033
431303
431300
300230
1242320
300224
4044020
3110114
3020003
300233
3020000
333002
3020030
3110141
3323111
1242311
300242
4011242
3233000
333020
3233003
333023
4011233
4044002
4142300
341222
4101341
4011230
431330
4011224
4101332
333032
3200222
3110111
4101323
4101320
4101314
4011200
4011203
3413300
1013003
4011320
4011323
1013000
4134200
4101431
300302
4011314
4101422
4011311
300311
1103111
1103114
4101413
4011302
3200300
300314
3200303
300320
1013033
300323
300332
1013030
3110144
3020033
341300
300341
341303
30002
431411
1103141
3233030
1103144
300344
333113
3020141
30020
30023
333131
30032
341330
3143030
3020144
3110222
3020111
3233111
1103222
4011341
3143003
1013114
3143000
1013111
4011332
300413
3200330
3020114
3200333
300422
3200441
300431
3020222
3110333
2414000
3110330
4044200
333200
3323300
333203
300434
2414003
1013144
1013141
4011431
300443
30113
4011422
341411
4011413
3200411
333230
3200414
3110303
3110300
30131
4421111
30134
4331003
4331000
30143
4421003
4421000
1431002
1103300
1103303
4421030
3143111
1013222
2414030
1431032
1103330
333302
1103333
30200
1431020
333311
1431023
30203
2324003
2324000
3020333
3020330
3110441
4413002
333320
30224
2111030
30230
2111033
30233
2324030
4413020
3110414
3020303
3020300
30242
1103411
3110411
3233300
4331111
1103414
4241000
4241003
2111000
1013303
2414111
2111003
1013300
1103441
1341020
1341023
1431131
3020414
4331030
3020411
1013333
1431113
1013330
1341002
30302
30311
30314
30320
30323
1341032
30332
2111141
30341
2111144
30344
2234030
4110002
4323020
4241111
2111111
1013414
2111114
3143300
1431230
2324111
1013411
1341113
2234003
2234000
1431200
1431203
3020441
4241030
30413
1013441
2111222
30422
2234111
1341131
30431
30434
30443
4110032
4421300
2414300
4110023
4110020
4323002
4110143
3422000
1341200
3422003
1341203
4110134
4110131
1431320
1431302
1431311
4110113
2144000
2144003
1341230
2144030
2111330
2111333
4110203
4110200
2144111
4413200
1341302
2111300
4331300
2111303
4233002
1341311
2324300
3422030
4233020
3332030
3332003
3332000
2111411
4143020
2111414
4110242
1341320
2234300
4143002
4110233
4110230
3422111
4110224
4233200
4323200
4110332
3414002
4110323
1112030
4110320
1112000
1112003
4241300
4110314
4110311
4110302
2111441
1112033
2144300
3242030
3242000
3242003
1112114
3414020
4110341
3332111
1112111
2300003
1112144
3111023
2300000
3111020
3324020
3242111
3324002
3111032
2300030
1112141
4143200
4110431
3422300
4110422
4110413
3111002
1104020
1104023
3414200
4430030
1112222
1104002
2300033
1104032
3111143
2300141
2423030
2300144
3234020
1104113
3234002
3111113
2300111
4430003
2300114
3111134
4430000
3111131
203003
203000
2423000
1112300
1014002
3332300
2423003
1112303
1440020
1440023
1014023
1014020
3111203
3242300
3111200
3111230
1104131
203030
1104134
3111224
1440002
203033
1112330
3324200
2300222
1112333
1104143
1014032
4422002
1440032
2333030
1112411
1112414
1104200
1104203
4430111
4340003
4340000
1104242
2423111
203111
1440113
3111242
2333003
203114
1112441
113000
113003
2333000
3144002
3111233
1014113
1014143
1104224
1104230
1104233
1014134
3144020
4340030
1014131
3111341
2202020
203141
2202023
113030
113033
2300330
203144
3111332
2300333
2202032
2333111
1440131
2243003
2243000
4430300
3111311
4332002
1104311
3234200
3111302
1104314
2300303
2030003
2030000
2300300
2202002
1014203
3111323
4332020
1014200
3111320
3111314
1104302
1104341
4422020
4340111
2030033
2030030
1104320
3111422
1104323
203222
113111
1014233
2300411
23000
1014230
3111413
23003
113114
1104332
2300414
1440200
1440203
1014224
1014242
1440230
2243030
113141
23030
23033
113144
2112032
2030111
2243111
1104413
4340300
1014302
4242002
1301003
1301000
2423300
2202113
1440311
2112002
2030141
203303
4242020
1014314
203300
3144200
1014311
3111431
2202131
1014332
2112020
1301030
1104422
2202134
2112023
2300441
1301033
1440302
2030114
1014323
2202143
1104431
1014320
203330
3431030
203333
23111
113222
23114
1014341
2202224
2112113
1440320
2333300
2202230
2202233
2030144
1301111
23141
23144
1301114
1211003
1211000
3431000
2022002
3431003
2202200
2202203
4422200
1014413
1211030
3300023
1301141
3300020
1424030
1301144
1211033
2022032
2030222
203411
1014431
3300002
203414
1424000
113300
1424003
113303
1014422
2022023
2022020
2202302
2202242
2112131
2112134
441002
2112143
203441
113330
113333
23222
441023
441020
2112224
2030303
2030300
2202341
2243300
2112230
2112233
441032
2112242
3341030
2022143
2030333
2030330
1334000
2202311
1334003
2112200
2022134
4332200
2202314
2112203
2022131
2202320
2202323
3300032
3431111
1301222
1211111
1211114
3341003
1121000
3341000
1424111
1121003
2202332
2022113
113411
23300
3341111
23303
113414
2202413
2112302
3300131
3300134
1211141
1121030
2202422
2112311
1121033
3423020
1334030
1211144
2112314
3300143
2202431
441113
113441
23330
3300113
1301303
23333
2022203
2022200
1301300
441131
3423002
1301330
1211222
1301333
1121111
4103033
2022233
4103030
2022230
1334111
1121114
2022224
2030414
1031003
2030411
1031000
4242200
3300203
3300200
2112320
2112323
1121141
4103003
4103000
1121144
1244030
2112332
1244003
1244000
23411
441203
2112341
23414
1031033
441200
2030441
1031030
2022242
2022302
2112422
441230
2112431
23441
3300242
2022332
1113020
2022323
3333020
2022320
1113023
3431300
1301411
3300224
302000
3300230
2022314
1301414
1211303
1211300
302003
3333002
1424300
2022311
1113002
3300233
2112413
1031114
3341300
3300341
1031111
302030
3243002
1211330
441302
3300323
1301441
3300320
4013033
3423200
302033
1211333
1121222
1113032
441311
4103141
4013030
2022341
3030002
1244111
3300332
3300311
1031144
3300314
1031141
441320
4103114
4013000
4013003
4103111
3300302
1211411
2022431
1211414
1121300
1121303
4013114
1334300
4103222
2022422
1113113
4013111
3300413
2022413
302111
1211441
1121330
1121333
2432000
2432003
302114
1113143
3030023
3030020
1031222
302141
2432030
1113131
3243020
1113134
3030032
302144
2432111
3030113
2342003
3030143
2342000
3030134
3030131
1113200
3333200
1113203
4013141
3300422
3300431
1113233
1031303
302222
1113242
1031300
1121411
3030203
3030200
1121414
1113224
4013222
2211002
4103330
1244300
1113230
1031333
2342030
1031330
1121441
4103303
4103300
1113302
4013300
4013303
3030242
4103411
1113311
302300
4431002
302303
1113332
2424002
1113341
2211020
2211023
4431020
2424020
3243200
1113314
3030233
3030230
1113320
1031414
302333
2211032
1113323
2342111
1031411
302330
3030224
32000
32003
3030314
2211113
2432300
3030311
2121002
3104033
2334002
3030332
2211131
2121020
3030323
1031441
32030
3030320
2211134
2121023
1310003
32033
1310000
4431200
3104003
3104000
4013330
3030302
3104030
3104111
1310033
1113431
4341002
302414
302411
114002
1113413
3104114
3014000
1310030
3014003
4013411
1113422
4341020
114020
114023
2211143
2334020
2121032
3030341
302441
32111
114032
32114
2211233
2244002
2211242
2121131
1310111
32141
2121134
32144
4341200
2244020
2121143
2211200
3104141
2211203
3014030
3030413
3440030
2424200
1310141
1310114
3030431
3440000
3440003
3030422
2211224
2121113
3014033
1433000
1433003
2342300
2211230
114113
2211302
2211311
3014114
3014141
2121200
114131
1310144
1433030
2211314
2121203
114134
2211320
2211323
3440111
2334200
32222
114143
3104222
3014111
3104303
1130000
1433111
1130003
3104300
1343000
1343003
114200
114203
1310222
1130033
1343030
2211332
2121224
32300
2211341
2121230
32303
2121233
114224
114230
114233
2121242
4202111
1130030
2121314
114242
2211431
2121320
32330
2244200
2121323
1310303
32333
1310300
4202000
4202003
2121332
2121341
3432020
3014222
3104330
1212023
1212020
1310330
4202030
1310333
1130111
1212002
4202033
2211413
3432002
2121302
2211422
2121311
114302
3342002
114311
114314
1130141
114320
114323
1212032
1343111
1130114
3014330
3440300
32411
114332
32414
4112033
4112030
114341
4202222
3014300
1130144
3014303
3104411
32441
4112003
4112000
1433300
4202114
1212113
1122002
4112114
4022000
4022003
4112111
1310411
311000
4202141
1310414
311003
1122032
2121413
114413
2121422
1212131
311030
1212134
1122020
3342020
1122023
114422
2121431
1310441
311033
1212143
114431
1130222
2441000
2441003
4202330
3014411
4022033
1130300
1130303
4112141
4022030
1212203
1212200
3432200
4022141
1212242
1122131
311111
1122134
3342200
1130330
1130333
311114
1122143
1343300
1122113
1212224
1212230
434003
434000
1212233
4104032
4022114
4112222
311141
4022111
2441030
434030
4104023
4104020
311144
4202300
4104002
4202303
4440002
1212311
3203000
1212314
1122200
1122203
3203003
4104113
4014002
4112303
4112300
4440020
1212302
303002
1122224
1212341
1122230
1122233
303020
303023
1212323
2441111
311222
1212320
434111
131000
1130411
131003
303032
1212332
1130414
2220002
344000
344003
2433002
1122242
2220020
2220023
131030
1130441
131033
2433020
344030
3203030
3203033
4202411
4014032
1212413
1122302
4022222
4112330
4014020
4014023
4104131
