1110033
303111
3
4102200
2400300
4221000
2140200
213003
1110042
213000
43020
3002400
1024002
2302002
4113
2101302
24
1110024
1024020
30
1110030
3121200
2101311
1112112
33
2003004
2304000
4131
2103300
213030
1120311
3000330
340002
1321020
1112121
131112
42
3000321
340020
131121
3201030
211002
1321002
1120302
2011230
2112
2300004
3000420
1114200
2121
211023
2124
2130030
211020
2003022
2214000
1120320
133200
2300022
2133
3111030
211032
2011203
2011200
2142
1032300
1110132
2302020
3201111
2101320
4200
2013300
4203
311400
2220111
2130000
4020300
3240000
2130003
3111003
213111
3000411
3111000
123000
1233000
123003
1110123
123
2003040
430200
3000402
131202
2212002
1112211
132
4230
4131000
1231002
131211
1112220
3031200
1104030
1104003
4012200
2212020
1411200
131220
123030
2202
1112202
2130111
1102002
2211
420003
2011320
420000
2214
211113
2300040
121002
2220
1110204
2003121
2223
2011311
2003112
2011302
420030
211131
2232
121020
1231020
1401003
121023
2310300
2124000
303300
43200
1102032
2040030
2241
1024200
1110231
3021030
1143000
121032
204
4302
4002030
1401030
1102020
1110213
213
4311
1102023
2302200
2040003
222
1110222
2040000
4320
1321200
3021003
3021000
123111
231
3111111
33000
234
33003
4002000
340200
4002003
240
1110240
2300112
243
2300121
1014003
203004
211203
2304
1014030
4002111
3103020
211200
2122020
33030
2300202
420111
2313
2003220
1311000
1110300
203022
1141020
1311003
1110303
2300211
2322
2003211
330000
330003
121113
3021111
1141002
2331
2003202
4000032
211230
2300220
1110321
1311030
3402000
203040
1102131
3201300
2340
4000020
4000023
121131
1110330
330030
2421000
300
2220300
1012002
303
2040111
1102113
2122002
3103002
213300
1012023
1110312
312
1012020
4000002
1112400
321
324
2212200
131400
330
4000113
333
2034000
1012032
342
33111
2331000
2130300
3101040
2400
3101004
2403
412002
211302
3400020
1102200
203112
1102203
211311
2412
113004
3400002
3101022
121200
1231200
412020
203121
121203
2421
330111
211320
2430
113022
3310002
240003
240000
1110420
1102230
2032020
2202030
121230
3011004
113040
402
1110402
1311111
3101112
1221003
1221000
111003
2032002
240030
1012113
324000
420
123300
3013002
423
2030004
3111300
1012131
432
2202000
3013020
111024
2202003
3312000
1221030
111030
4203000
111033
1104300
4000131
4002300
3222000
2200032
203202
1401300
1141200
111042
2030040
203211
1303002
2241000
420300
3011040
1102302
3103200
2300400
2003400
322002
203220
121302
2030022
113112
3021300
4000230
23004
2202111
121311
322020
1102320
113121
2200002
3011022
1012203
1221111
1012200
1131000
121320
1131003
240111
3101121
23022
2040300
4000200
2200020
4000203
2200023
3310020
1102311
2122200
1303020
320004
23040
3220020
3011112
1131030
1012230
4000311
3101220
1301022
2200113
2110002
320022
111123
4000302
3220002
234000
1014300
33300
3011121
111132
1301004
2112000
2112003
1301040
320040
412200
113202
3101211
2030121
330300
113211
3400200
3101202
2030112
2112030
232002
1012302
113220
23112
3310200
1213020
3132000
2112111
1311300
23121
3003000
402003
3003003
4113000
402000
2032200
232020
1213002
1012311
2200131
2030202
2110020
1041003
111204
2110023
402030
4201002
1301112
111213
2022003
2022000
1211004
1012320
2110032
320112
1131111
230004
111222
4201020
4000320
3013200
320121
111231
2110113
400002
230022
2200230
1041030
111240
3130020
203400
3300030
2022030
3300003
400023
3300000
4111020
2030220
400020
1301121
2110131
230040
2403000
322200
1211022
2202300
2030211
23202
4111002
1422000
3011211
400032
1221300
2200200
2020023
2200203
2020020
23211
1123002
3011202
240300
4201200
142002
1211040
1303200
23220
3011220
402111
3003030
2020002
3130002
2022111
1301202
312000
111300
142020
111303
312003
1301211
3003111
2401002
320202
2200302
111312
2200311
320211
2401020
2110200
320220
111321
3220200
312030
2110203
1123020
2020032
1420020
2104002
230112
1211121
111330
4023000
230121
1121022
2104020
3101400
400113
1420002
1301220
113400
1211112
1121004
3042000
1121040
1213200
400131
2313000
232200
2112300
2020113
3210030
3210000
2200320
4021020
3210003
1033002
1203003
1203000
312111
111402
3040002
2014002
4230000
222003
222000
1033020
1332000
1131300
2110230
4021002
230202
3040020
3300111
2020131
111420
230211
4320000
1203030
1330002
1211220
2110311
1121112
400203
222030
400200
2311020
3210111
230220
2110320
1211202
1031004
1211211
2014020
4111200
2030400
400230
220002
1031022
3011400
23400
1201023
1201020
1330020
1121121
220023
2020203
2020200
3130200
220020
1201002
2311002
402300
142200
2110302
2022300
1242000
220032
304002
3003300
1301400
1031040
3204000
304020
1123200
2401200
320400
2020230
4101030
1201032
1041300
222111
132003
132000
1121202
2104200
400302
1121211
3120003
3120000
302004
3120030
400311
4101003
1203111
3000
1113000
2223000
3003
1113003
132030
1420200
3120111
302022
4011003
400320
1240020
1410003
1031112
2020311
1201113
2020302
1240002
3024
220113
3202020
1121220
3030
1113030
3033
302040
3030003
3030000
1031121
220131
3202002
3042
300000
3040200
2014200
300003
312300
2221002
4021200
214002
1201131
300030
1410030
300024
2221020
3300300
2020320
1033200
2311200
230400
300033
214020
1113111
3411000
3210300
1330200
132111
300042
42000
42003
1023003
2430000
1023000
3200040
2131002
1211400
3030030
2004030
1201203
1201200
302112
1031211
3200022
3111
2133000
220203
3114
4011030
220200
302121
1031202
42030
3123
3200004
1023030
1031220
3132
2004003
2004000
3114000
3200112
40002
2301030
220230
1021002
3141
3200121
1320030
300111
2002002
304200
1021023
1021020
1320000
40020
300114
1320003
40023
3110004
1201230
423000
222300
300123
300132
40032
124002
2043000
1021032
2301003
300141
1121400
2301000
2131020
3112002
2002032
3030111
124020
1203300
2002023
2002020
3112020
302202
42111
2340000
3120300
1201302
3204
4003002
302211
1402002
2000022
302220
1023111
4101300
421002
1103004
220302
1201311
3213
2004111
2301111
220311
3222
2211000
3321000
2211003
2000004
1240200
421020
3022002
3231
1230003
1230000
4300002
2041020
220320
3202200
300204
3240
3110022
3024000
2221200
1402020
300213
40113
4300020
2041002
2000043
2000040
1021113
3110040
300222
1201320
1320111
214200
2000034
1103022
300231
40131
1314000
1021131
1113300
3110121
3020004
2002131
333000
132300
3110112
1103040
34002
300240
3020022
1101003
1230030
2002113
204003
2000124
1101042
3200211
204000
34020
3300
2000121
1031400
3303
1410300
3022020
3200220
2000112
3312
1101024
4302000
4003020
1101030
2211030
3321
1101033
3200202
204030
331002
1312020
1103121
3330
1013004
32004
2002203
2211111
2002200
2121000
300300
40200
331020
2121003
300303
40203
1230111
2000142
202002
1013022
4210002
3110202
1312002
32022
1103112
4011300
2000133
3102003
300312
1021203
3102000
1021200
2131200
1021230
4210020
202023
300321
3020040
40230
3112200
202020
1310004
2002230
32040
3231000
124200
300330
1140030
30000
3030300
1140003
202032
30003
1011003
243000
42300
1013040
2000223
2000220
302400
200004
2000214
30024
3402
1310040
1023300
204111
2000211
1402200
30030
30033
2004300
1224000
114003
3411
1101123
2000202
200022
1310022
3022200
421200
1011033
2301300
1011030
30042
2203002
3420
1101132
1011024
4212000
2002302
1222002
3102030
200034
3110220
1103220
2121030
200043
241002
200040
3110211
1011042
40302
2041200
2000241
114030
32112
1021311
1103202
2000232
300402
3020121
40311
1013112
1320300
32121
1021302
1103211
411003
3020112
300411
241020
300420
40320
202113
112002
3020202
1101204
2031003
2031000
1021320
3012000
1101213
2002320
3012003
1013121
202131
411030
3020220
3012030
112020
1222020
112023
34200
2002311
3020211
30111
3200400
1134000
112032
30114
3141000
2000313
2031030
1101240
30123
2203020
4122000
2000304
3102111
1310112
200112
1011132
30132
1101222
2121111
1310121
200121
1011123
4003200
30141
200124
1101231
24000
24003
2412000
2211300
331200
200133
2113002
2000340
32202
1431000
200142
1230300
32211
1013211
2000331
202203
202200
2113020
2000322
1312200
32220
1013202
24030
1302003
1302000
1101300
1132020
1101303
4300200
1310202
4120020
1013220
321000
321003
112113
22002
1132002
202230
4120002
30204
4200000
2410020
2000412
321030
112131
1101330
1011213
4200003
22020
30213
1130004
22023
200202
1011204
2000403
2000400
2111022
30222
4030002
204300
1310211
200211
22032
1011231
1101312
200214
30231
2031111
1011222
1101321
200223
1302030
4200030
200220
1310220
30240
3012111
20004
1011240
1130040
1222200
200232
3110400
24111
2000430
200241
241200
2410002
20022
1130022
1103400
2000421
2111004
403002
4032000
202302
20034
2023002
202311
20040
112200
403020
112203
1101402
20043
1302111
3004002
321111
202320
4210200
231003
3004020
231000
1341000
30300
1042002
1140300
3020400
30303
2111040
2203200
22113
112230
30312
1011303
3303000
1042020
1011300
1212030
1212003
30321
2023020
1212000
2322000
3102300
200304
22131
2121300
231030
1011321
4030020
200313
30330
1101420
114300
1011312
1210002
200322
200331
3002022
4110003
1011330
2113200
32400
20112
1130112
3002040
200340
1013400
1130121
20121
20124
2320002
411300
1210032
20133
2111112
3301020
313002
20142
112302
2111121
1210023
4120200
1210020
112311
2320020
3301002
313020
22200
3002004
1132200
22203
1122000
112320
2111202
1122003
30402
231111
4030200
1011402
3000042
141003
3211002
2111211
30411
1130202
3000033
2230002
200403
200400
1310400
1011420
2111220
30420
2103030
22230
311004
2031300
1212111
200412
3012300
2232000
141030
200421
311022
20202
24300
3000000
200430
3000003
4200111
4110030
1130211
3000030
20211
3000024
20214
2103000
3213000
2103003
2410200
20220
1130220
1122030
20223
1210131
3000111
4020030
311040
3004200
1120020
403200
1120023
2101032
20232
1302300
2142000
321300
20241
1210113
1120002
3000123
3123000
1042200
223002
4020000
4020003
22302
3000114
2400000
3002121
2230020
1204020
2400003
22311
2101002
4200300
3002112
1122111
223020
1204002
22320
1120032
2400030
3211020
2101020
2023200
2101023
3002220
2140002
3121002
1210203
1210200
2400111
4102002
311112
1032003
3002211
1032000
2310003
20304
1032030
2310000
3121020
3420000
2140020
2013003
311121
2013000
2101113
20313
3000141
1120113
3301200
20322
2011002
1210230
2103111
3000132
2320200
20331
313200
20340
3002202
2013030
1114002
3033000
2011032
432000
231300
2111400
133002
3000231
2011023
2011020
1120131
4311000
2230200
303000
3000240
1413000
1212300
133020
303003
1032111
3000204
4002
311202
2013111
2101131
1210302
2310030
1411002
311211
311220
20400
1130400
4020111
303030
3000222
20403
430002
4020
1114020
4023
3000213
4102020
20412
131004
4032
3000300
2220000
3000303
2220003
3031020
430020
1210320
20421
1112022
4012020
2101230
20430
131022
2004
1112004
3000312
1210311
3201000
1411020
1120200
1120203
3201003
2220030
4012002
131040
3330000
4110300
223200
1110003
2011131
2022
1323000
1122300
3211200
2101200
2034
2101203
3031002
342000
141300
2011113
1120230
2040
1112040
1204200
43002
2043
2310111
