311301
303111
3113001
1032201
2400300
213003
311310
213000
12
1024002
2302002
221202
303120
21
213012
221211
24
2310201
1024020
131103
3113010
1032210
213021
3121200
1040400
33
213030
221220
131112
42
41004
3203100
131121
131130
41022
2130021
1114200
2130030
41040
2310210
1032300
303201
102
2302020
2220102
311400
213102
2220111
303210
111
2130000
114
2130003
213111
221301
120
123000
2220120
123003
123
2130012
221310
131202
2212002
213120
132
123012
2220201
131211
3023010
123021
141
3031200
144
2220210
2212020
131220
2130102
123030
41112
2130111
41121
1401012
3113100
1401021
3023001
1401000
1401003
2310300
303300
2040030
1024200
201
2040021
204
3023100
210
213201
1401030
2040012
213
213210
2302200
221400
2040003
222
2040000
123102
123111
231
131301
33000
2130120
234
33003
131310
240
123120
41202
243
33012
41211
33021
1401111
4211010
2130210
2122020
41220
33030
1311000
1311003
1401102
1311030
2040120
2220300
303
2040111
1311012
2122002
1401120
213300
312
2040102
2130201
1311021
2204001
123201
321
324
2212200
131400
330
2204010
123210
333
33102
342
33111
2130300
33120
1401201
3400020
1311102
1401210
3400002
4211001
3310002
1311120
1221012
2032020
4121010
2040210
1221021
410004
402
1311111
2040201
4121001
1221003
1221000
2032002
414
410022
420
123300
423
432
33201
1221030
4203000
41400
441
33210
410040
1401300
1303002
4211100
1221111
2204100
1131000
1131003
2114001
2040300
1311201
3310020
2122200
2114010
1221102
1311210
1303020
320004
3220020
320001
410112
1131030
320013
320010
410121
320022
1221120
3220002
33300
2114100
1131012
320031
1131021
320040
4121100
3400200
3302001
1221201
3302010
1221210
3310200
1000002
1213020
1131102
1311300
2024010
402003
4113000
402000
2032200
1000023
1213002
402012
1000020
410202
2024001
320100
1131120
1000044
320103
402021
1041003
410211
1041000
402030
410220
1000032
230001
1041021
320112
1131111
230004
230010
1041012
320121
230013
230022
320130
1041030
3130020
230031
230040
1221300
1123002
402102
1303200
1000122
402111
2024100
3130002
1000113
1000143
1041102
312000
312003
312012
1000134
1000131
2401002
320202
402120
3212001
1131201
312021
230103
320211
230100
2401020
1041111
320220
3220200
312030
3212010
1131210
1123020
230112
4023000
140004
3302100
230121
1041120
230130
140022
1213200
1000203
1000200
140040
1000221
1000212
402201
312102
402210
1033002
1000233
410400
1000230
320301
312111
3040002
1000224
222003
320310
1033020
222000
1131300
1041210
230202
3040020
312120
1000242
1041201
222012
230211
222021
222030
2311020
230220
140112
140121
1000302
1000314
3212100
3122010
3130200
1000311
2311002
402300
3122001
1000332
304002
1000323
312201
1000320
3204000
304020
1123200
2401200
320400
222102
312210
1000341
1041300
3122100
222111
230301
132003
132000
230310
4400100
140202
222120
132012
140211
132021
132030
140220
4400001
1410000
1410003
4400010
1410012
1000413
1000404
1000431
3032010
3040200
312300
1000422
1002
2221002
3032001
1410021
214002
1000440
222201
1410030
1020
2221020
1033200
1023
2303010
222210
2311200
230400
132102
214020
1032
3032100
132111
42000
42003
1044
2131002
132120
42012
4220001
1410102
42021
1410111
4220010
42030
2303001
3114000
1320021
1320030
304200
1320000
1320003
1320012
1113
1410120
222300
2303100
1122
124002
1131
132201
2131020
1134
132210
140400
124020
42102
1143
42111
2000031
4220100
1402002
2000022
42120
1410201
2000013
2000010
2000004
2000001
1230003
1230000
2041020
2213001
1320120
3024000
1230012
1200
2221200
1402020
1320102
1203
2213010
2041002
2000043
2000040
1410210
1320111
214200
2000034
1212
1221
1224
2213100
132300
1230
1233
34002
1230021
2123001
42201
1242
1230030
2000124
42210
34020
2000121
1410300
2000112
4302000
2000103
2000100
1312020
1230102
1320210
1230111
2000142
1312002
1302
2000133
2000130
1320201
1311
2131200
1314
2123010
1140021
1320
124200
1323
1140030
1140000
1140003
1332
1230120
42300
1341
1140012
2000223
2000220
2000214
2000211
1402200
2000202
4212000
1222002
1230201
2033010
2041200
2000241
2000232
2033001
4040010
1320300
1404
2123100
4040001
411003
411012
1413
1140120
411021
1422
411030
3311010
1230210
1222020
1431
1140102
34200
4040100
1140111
1440
2000313
2000310
3311001
4122000
2000304
2000301
2000340
1230300
3311100
2033100
2000331
411102
2000322
1312200
1140210
1132020
321000
321003
321012
1132002
411120
1140201
321021
2410020
2000412
321030
2000403
2000400
3221010
1214001
1214010
1222200
2000430
2410002
3221001
2000421
403002
4032000
411201
403020
321102
411210
321111
3131001
231003
231000
1140300
1042002
3221100
321120
231012
3303000
1042020
231021
231030
1214100
2320002
411300
100002
3131010
313002
1124001
100020
321201
100023
2320020
313020
1132200
1124010
231102
321210
100032
231111
3000042
141003
141000
3000033
100044
2230002
231120
141012
141021
3000012
141030
3000003
3000030
3131100
3000024
2402001
3000021
3213000
2410200
2402010
3000111
403200
3000102
321300
100113
2402100
10002
3000120
1124100
3000123
3123000
1042200
223002
100122
3000114
100131
231201
10020
2230020
100134
10023
231210
4401000
141102
100143
223020
10032
141111
10044
2140002
141120
2140020
3000141
2312001
3000132
100200
2312010
100203
2320200
313200
100212
100221
100224
10113
3033000
231300
100230
2312100
133002
100233
3000231
10122
2222001
100242
10131
141201
10134
141210
4311000
2230200
2222010
3000240
133020
10143
3000204
3000201
1411002
3000222
3000213
3000210
3000300
3000303
100302
2001
2004
3000312
100311
10200
1411020
2010
100314
10203
2013
100320
100323
223200
10212
2022
100332
10221
2031
10224
2034
100341
141300
10230
2040
10233
43002
2043
2132001
10242
4221000
2140200
2132010
43020
2304000
3000330
1321020
3000321
2100
100404
2222100
2103
100413
1321002
10302
2112
100422
10311
3000420
2121
10314
2124
100431
10320
2214000
133200
2130
10323
2133
100440
10332
2142
10341
2001003
2001000
3000411
3000402
2042010
4131000
1231002
2001042
2042001
1411200
2001033
2001030
2202
2001024
2211
10404
2132100
420003
420000
2214
420012
2220
10413
2223
420021
10422
420030
2232
1231020
10431
2124000
43200
2241
2001114
10440
2001111
1321200
1313010
2001141
2042100
2001132
3320001
3320010
2001123
1313001
2301
2304
420102
3230001
2310
420111
2313
3230010
1141020
2322
4000041
330000
4041000
330003
3320100
330012
1141002
2331
4000032
420120
330021
3402000
2001213
2340
4000020
4000023
2001204
330030
4000014
4000002
2001240
4000122
1223001
4000113
2034000
2001231
4000104
2001222
1313100
2400
2403
412002
2412
420201
1223010
1231200
412020
330102
420210
2421
330111
2430
240003
240000
2001303
2001300
330120
240012
240021
240030
3230100
2001330
1223100
4000140
3312000
2001321
2001312
4000131
3222000
1141200
1133010
420300
322002
1133001
4000230
330201
2411001
4000221
322020
2001402
240102
330210
4000212
240111
4000200
4000203
240120
4000311
2001420
4000302
1002003
2001411
1002000
1002030
2411010
1002024
404001
404010
412200
1002042
330300
1133100
1002033
232002
2321001
240201
3132000
2321010
240210
232020
1002111
2411100
4000320
404100
1002123
3001002
1002114
3001020
1002141
3001023
1002132
2403000
322200
4000410
4000401
240300
142002
2231010
142020
1002204
4410000
1002222
1420020
3001032
1002213
2321100
1420002
1002231
2231001
3042000
2100000
224001
2100003
3001131
224010
2313000
232200
1002240
3001122
2100024
2100030
2231100
4230000
1002303
1002300
3001113
4320000
1330002
1002312
3001212
1002330
3001200
1002321
3001203
2100033
224100
2141001
2100042
1330020
2141010
142200
2100132
2141100
2100141
2010003
2010000
3001230
1002411
2010042
3001221
1002402
2100111
2010033
2010030
2100114
1412001
2010024
2223000
1002420
2100123
3003
1420200
1412010
3012
3001320
1240020
2100204
3021
1240002
3024
2100213
3030
3033
2100222
4140000
2010111
44001
3042
44010
3001311
3001302
2010141
1322001
2010132
3411000
1330200
1322010
1412100
2010123
2010114
3102
2100231
3111
2133000
3114
2100240
3120
3123
3132
2002014
2100321
2010204
44100
3141
2100330
2002002
1322100
2043000
2002041
2010231
2100300
2002032
2100303
2010222
1404000
2100312
2002023
2002020
2010213
3201
3204
3210
421002
3213
2100402
1232001
3222
1232010
3321000
1240200
421020
2100411
2010240
3231
2010303
2010300
2002104
3240
2002140
4001022
1314000
2010330
1101012
2002131
1101021
2010321
4001004
2002122
2010312
1101000
1101003
2002113
1142001
1101042
2100420
3300
3303
1142010
1101024
3312
1101030
1232100
1101033
3321
331002
3330
2002203
2420001
2002200
331020
2420010
1101111
2002230
3231000
1101114
2010420
4001040
2002221
1011003
2010411
1011000
2002212
2010402
1101102
200001
1011021
1101141
1142100
200004
200010
3402
1011012
3100002
200013
1101120
1224000
1101123
3411
200022
1011033
421200
3100023
1011030
3100020
1101132
4001121
3420
200031
1011024
2002302
200034
4001112
200043
241002
200040
1011042
241020
1101201
1101204
4001211
1101210
1101213
2002320
4001202
1011102
2002311
2420100
1134000
200103
1011114
3141000
200100
1011111
1101240
3100032
2330001
1011132
200112
1101222
2330010
200121
1011123
323001
1101231
200124
1011120
200130
2412000
331200
200133
323010
3010020
1011141
3010023
3100131
200142
2330100
3010032
1101300
1101303
2002410
1003002
3100122
4001220
3100113
3010002
2002401
1003023
1101330
1011213
1003020
3100203
1011210
3100200
200202
1011204
1011201
1011231
1101312
200211
3100221
200214
1003032
323100
1011222
1101321
3100212
200223
200220
20001
2240001
20004
1011240
2240010
20010
233001
200232
20013
1044000
233010
200241
241200
20022
20031
20034
4001400
2240100
20040
1101402
20043
1003113
3010122
1011303
3100230
1011300
3010113
200301
102000
102003
2322000
1101411
200304
1003131
200310
1011321
200313
1101420
1003122
3010131
1011312
3010221
200322
3002031
20100
20103
200331
102024
3010212
3002022
1011330
3100320
102030
233100
102033
20112
3002040
200340
20121
102042
3010230
20124
3100302
20130
20133
20142
3002013
3010200
3010203
3002010
3100311
3002004
3002001
1003212
1011402
1421010
1003203
1003200
200403
1003230
1011420
200400
3010302
3002100
1003221
3002103
1011411
1421001
102111
200412
12000
2232000
102114
12003
200421
102123
20202
200430
20211
102132
20214
12024
102141
20220
12030
20223
12033
2101032
20232
12042
2142000
20241
2101041
1003311
3002121
1003302
2101002
3010311
3002112
1331001
2101014
1003320
1421100
2101020
102204
3010320
2101023
3002130
3002220
102213
20301
3002211
102222
12111
20304
2101104
12114
3420000
102231
1331010
20310
2101113
20313
12123
102240
20322
2011002
12132
20331
12141
20340
3002202
2011032
4100022
1331100
1200024
1200030
3002301
1200003
2011023
1200000
2011020
2011014
4100004
1413000
102300
102303
1241010
2101122
4002
102312
2101131
12204
4014
102321
20400
1200033
20403
430002
4020
2101140
12213
4023
1200042
102330
1241001
20412
12222
2011041
4032
430020
2101221
20421
12231
4041
2101230
20430
12240
1200114
1110000
3330000
1110003
2011131
1200123
3002310
1323000
2011122
1110012
2101200
2101203
4100040
2011113
2101212
1200111
2011104
1110033
102402
4010040
4104
1110042
102411
12300
3002400
12303
4113
102420
1110021
2101302
1200132
1110024
12312
4122
2011140
4010022
1110030
1241100
1200141
2101311
12321
2003004
4131
4100121
340002
2003001
4010004
12330
4140
4100112
340020
2011230
4100220
1110102
1200213
2003031
2011221
1200222
4100211
1110111
2003022
2011212
4100202
2003013
2003010
2011203
2011200
1200204
1200240
1110132
2101320
4200
4203
1020003
1110141
1020000
3240000
1020030
1110114
12402
4212
1200231
1020024
422001
1110120
1233000
1110123
12411
422010
4221
2003040
430200
2003103
2003100
2101410
12420
1020042
4230
1020033
1102002
2003130
2011320
1110201
1200312
1110204
1102014
2003121
2011311
4010121
2003112
2011302
2101401
1200303
4010112
1200300
1020111
1102032
1110231
1143000
1102041
4302
4010220
422100
1110210
4002030
1200321
1020123
1102020
1110213
1102023
4311
1200330
4002021
1020114
1110222
4010211
4320
4002012
1020141
332001
4010202
1020132
4002000
340200
4002003
332010
1110240
1200402
4002111
1102104
1200411
2003220
4002102
1110300
2011410
4100400
1110303
2003211
2011401
2003202
1110321
1012014
1020204
1102131
201003
1110330
201000
2421000
1102140
1012002
1020222
1102113
4401
1200420
414000
1012023
1110312
1020213
1102122
4410
1012020
332100
201024
201030
1012041
1020231
3101031
201033
1012032
201042
242001
242010
2331000
3101040
1020240
3101004
1102200
1102203
2003310
3101022
4002120
3101013
2003301
1020303
3101103
1020300
1110420
1102230
1012104
3011004
1110402
201111
1102212
1012122
3101112
1020312
111000
201114
111003
1110411
4010400
1102221
1012113
4002210
201123
1012140
324000
4002201
1020330
111012
1012131
111021
1020321
201132
111024
201141
111030
242100
111033
2200032
4002300
111042
2200041
2241000
3011040
1102302
2003400
1102320
2200002
3011022
1012203
3101130
1012200
3011013
1004004
3101121
2200014
1012221
1020411
2200020
2200023
1102311
201204
1004022
3011031
1012212
1020402
201213
111102
3011112
201222
111111
1004040
21000
1012230
2200104
3101220
1020420
111114
21003
201231
2200113
111120
2110002
111123
234000
3011130
2200122
201240
3011121
111132
2110014
21024
111141
21030
21033
21042
3011103
3101211
3101202
1012302
3101310
1102401
201303
3003000
3003003
1004121
201300
1012311
1102410
3101301
103002
1004112
111201
2200131
201312
2110020
111204
2110023
201321
111210
111213
103020
2200140
103023
1012320
2110032
201330
111222
21111
103032
2110041
21114
111231
2110113
144000
21123
2200230
111240
2110122
21132
2110131
21141
2110140
3003021
1422000
1004202
3011211
2200200
2020023
3003012
2200203
2020020
3011202
2020014
1004220
2200212
1012410
2110104
3011220
201402
3003030
2020002
2200221
1004211
1012401
201411
3011310
111300
111303
103113
3011301
3003111
13002
2200302
201420
111312
2102001
103122
2102004
21204
2200311
2020041
2110200
111321
103131
2102010
2110203
13020
21213
3003120
2102013
2020032
13023
111330
21222
13032
21231
3003102
3101400
21240
2020122
2020113
2020104
2200320
103200
103203
2110212
2102022
111402
2110221
103212
2102031
111411
2020140
1332000
103221
21300
2110230
21303
2102040
13113
2020131
111420
103230
2102112
21312
13122
2110311
2102121
21321
13131
2110320
21330
2102130
2012031
2020221
1201014
3011400
3003210
2012022
2020212
3003201
1201023
1201020
2200401
2012013
2102100
2012010
2020203
2020200
2102103
1201002
2012004
2200410
2110302
1004400
2012001
1242000
1201041
103302
3003300
103311
13200
13203
2012040
2020230
4101030
103320
1201032
2102202
21402
13212
21411
4101021
13221
4101012
21420
13230
4101003
1201104
4011003
2012121
2020311
1111002
1201113
2012112
2020302
4101102
2012103
2012100
2110401
2102211
1201140
300003
1111032
300012
2110410
2102220
1201122
300021
13302
1201131
300030
1111020
300024
2012130
2020320
1111023
13311
300033
2102310
13320
300042
2430000
3200040
2004030
1201203
1201200
2012220
2020410
3200022
4011030
2004021
2012211
1201212
3200031
2020401
4011021
3200001
2004012
3200004
2012202
4011012
3200010
2004003
3200013
2102301
2004000
4101120
3200112
1111122
300102
1021002
3200121
1111131
300111
4011120
1021023
210003
3110013
1021020
210000
3200100
300114
1201221
3200103
1111113
1021014
3110004
1201230
300120
423000
300123
300132
4011102
4101210
1021032
300141
210024
210030
4101201
210033
210042
1021041
2340000
1201302
2004120
4003002
2012310
4101300
1103004
1201311
2004111
2012301
2004102
2102400
3110031
1111221
1103031
300204
3110022
300201
1111230
1111200
300213
3200130
1111203
1103013
1021113
300210
3110040
1201320
300222
1111212
210111
1103022
1021104
120000
210114
120003
300231
3020013
1021131
3020010
3110121
210123
3020004
333000
1021122
3110112
3020001
1103040
3020031
300240
210132
3020022
120024
1021140
3110130
210141
120030
120033
3200211
120042
1201401
3200220
2004210
2012400
1103103
4003020
4011210
2004201
3110103
3200202
4011201
1103121
1013004
3200310
1111320
300300
1103130
300303
1201410
1013022
202002
1021212
3102012
3110202
1111302
1103112
4011300
1013013
3102003
1021203
300312
202014
3200301
3102000
1111311
1021200
210204
1021230
202023
300321
3020040
210213
202020
1013031
1021221
210222
120111
300330
120114
202032
30003
210231
120123
202041
243000
30012
1013040
210240
120132
30021
30024
120141
3020130
30030
30033
2004300
30042
1013103
3102030
3110220
1103220
3020103
3020100
3102021
3110211
1021311
1103202
300402
3020121
1013112
1021302
1103211
202104
210303
3020112
210300
300411
300420
3012012
202113
112002
3020202
1013130
1021320
3102120
2201001
202122
3110310
210312
3012000
2201004
120204
3012003
1013121
112014
202131
3020220
210321
3012030
2201010
120213
2201013
112020
112023
30102
3012021
210330
3020211
2201022
120222
202140
30111
3200400
112032
30114
120231
30120
112041
30123
3102111
120240
3110301
30132
3102102
4003200
30141
1431000
1013211
1103301
3102201
1021401
202203
202200
1013202
1103310
210402
2201031
202212
210411
112104
1013220
120300
1021410
120303
202221
112113
2201040
22002
202230
210420
120312
30201
112122
30204
22014
4200000
2201121
120321
112131
2111010
30210
4200003
22020
30213
2111013
22023
120330
2201130
4200012
112140
2111022
30222
22032
4200021
30231
2111031
22041
4200030
30240
3012111
3020301
1300023
1300020
3012102
2201100
3102210
2201103
3110400
1300002
1013310
3012120
1103400
3020310
2201112
2111001
1013301
2111004
202302
202311
3012201
104004
112200
112203
3004002
1300032
2201202
202320
120402
112212
104022
22104
3004020
2201211
120411
1341000
30300
112221
2111100
3020400
30303
2111103
3012210
2111040
22113
120420
112230
30312
104040
22122
30321
3102300
22131
30330
22140
1210002
2021022
1300113
4110012
1300122
2021013
2021010
1210014
4110003
2021004
1013400
2021001
1210032
202401
2201220
2111112
202410
1210041
2021040
112302
1300131
2111121
104112
14004
1210023
1210020
112311
104121
22200
2021031
2111130
22203
112320
2111202
30402
22212
2103012
14022
440001
2111211
30411
440010
22221
2103021
2111220
30420
2103030
22230
14040
3012300
2021112
4200102
1300212
1210104
1300221
4200111
4110030
2021103
2021100
2201301
1300203
2103000
4200120
1300200
2103003
4110021
2201310
1210131
4020030
3004200
1120020
1120023
4020021
104202
1210140
112401
4020012
104211
1210113
1120002
2021130
1300230
4110120
1210122
2201400
112410
4020000
104220
4020003
22302
2103102
2021121
1120014
14112
440100
22311
4110102
14121
4200300
22320
1120032
1120041
2013021
1202001
1300311
2021211
1202004
4110201
1202010
1210203
4200201
1210200
2013012
4102002
2021202
1202013
4200210
2013003
2013000
1300302
1120113
1210230
2111301
2103111
1202040
1120122
2111310
2103120
1300320
1202022
1210212
2013030
1120104
2021220
14202
1030002
1202031
1210221
2103201
22401
14211
432000
1030023
2111400
2103210
22410
1030020
14220
1120131
1120140
1030032
2021310
4020120
1202103
1202100
2013111
2021301
1210302
2013102
4020111
4102020
4020102
4110210
1202130
1210320
3201012
1120212
1112022
4012020
1120221
3201021
301002
4020210
1112031
104400
1112001
1202112
1112004
4020201
1210311
3201000
301020
1120200
1120203
1112010
3201003
1202121
301023
1112013
2013120
4012002
4110300
1030122
301032
1030113
342000
1120230
1112040
1030131
2013210
4102200
2021400
1202202
2013201
1112112
2103300
1120311
1112121
1202211
1022013
1210401
1030203
1112100
1022010
3201030
1030200
1112103
1210410
211002
1022004
301113
1202220
1022001
1120302
14400
1022031
1030221
2300001
3111021
211014
301122
2300004
1022022
2300010
1030212
3111012
211023
2300013
211020
301131
3201120
1120320
1112130
2300022
1022040
1030230
3111030
211032
2300031
211041
3201111
2013300
1202301
4020300
3111003
3201102
1120401
3201201
1112211
1104021
3201210
1120410
1112220
1104030
1104000
1030302
3111102
1104003
301200
1202310
4012200
301203
4004010
301212
1022103
1112202
1022100
1104012
4004001
301221
211104
1022121
1030311
211113
301230
2300040
121002
1022112
211122
121014
211131
121020
1022130
121023
1030320
2300130
2210022
211140
3021030
121032
2210031
121041
2210040
2300103
3021003
3021000
1112310
2300100
3111111
1104120
2210001
1202400
301302
2300112
1014012
3021021
2210004
1022202
1104102
2300121
3021012
203001
301311
2210010
1014003
2210013
1112301
1104111
1014000
203004
3111120
211203
3021102
1014030
203010
3103020
1022220
211200
3111210
203013
2300202
1014021
1022211
301320
203022
3111201
211212
2300211
121104
203031
1440000
2210100
211221
2210103
121113
3021111
31002
211230
2300220
203040
121122
3201300
121131
31020
31023
3103002
121140
31032
4004100
1112400
1104210
2120040
1014111
1022301
1014102
1104201
203103
203100
2210112
2120001
2120004
211302
1014120
2210121
1022310
2120010
203112
211311
113004
2120013
3021120
121200
203121
121203
2210130
113013
2120022
203130
211320
121212
113022
2120031
2210211
121221
2120100
2202021
113031
2120103
31113
2210220
2202030
121230
2120112
113040
31122
2120121
31131
2030013
2030010
3013002
2030004
3111300
2300301
2030001
2202000
3013020
2202003
3021210
2300310
1014201
2210202
1104300
2202012
3021201
203202
2030040
203211
211401
1014210
113103
3103200
1022400
211410
2030031
2300400
203220
121302
2202102
2030022
113112
23001
3021300
23004
2210301
2202111
121311
113121
31200
2120130
23010
31203
23013
121320
113130
31212
23022
31221
23031
31230
23040
1301013
2030103
2030100
1301022
1014300
1301004
2112000
2112003
1301040
203301
2210310
2202120
2120202
2030130
2112012
203310
2120211
113202
1301031
2112021
2030121
121401
113211
2120220
23100
2030112
2112030
23103
2210400
2202210
121410
113220
31302
2112102
23112
2120301
2112111
31311
23121
2120310
31320
2112120
23130
2022012
2030202
4201002
1301112
1211001
2022003
2022000
1211004
2202201
4201020
1301103
3013200
400002
1211031
3300021
400014
203400
3300030
2022030
1211010
3300003
400023
3300000
2030220
4111020
1301121
400020
113301
1211013
1301130
2022021
1211022
2202300
2030211
3300012
113310
23202
4111002
400032
23211
441000
400041
4201200
1211040
23220
2022111
1301202
2030301
1301211
2022102
1211103
1211100
2104002
1211121
1121010
1121013
1211130
2112201
400104
1121022
2120400
2112210
2104020
310002
2022120
1301220
400113
2030310
1121001
113400
1211112
400122
1121004
310020
1121040
310023
400131
23301
400140
2112300
23310
310032
3210021
1121031
3210030
3210000
4021020
3210003
1301301
2022201
1203003
1203000
3300120
2014002
3210012
1301310
3300102
4021002
3300111
3300210
1203030
1211220
3210102
1121112
400203
400200
3210111
1211202
400212
1031004
1203012
1211211
2014020
400221
3300201
2022210
1121100
2030400
4111200
1121103
1203021
400230
1031022
220002
310113
23400
1031013
220014
310122
1121121
220023
220020
310131
1031031
1121130
2022300
220032
220041
1301400
1203102
1031040
1203120
1121202
3120012
1113012
2104200
400302
1121211
3120003
1113021
3120000
302004
1031103
3120030
400311
1203111
302001
1211301
1113000
3210120
302013
3120021
1113003
310200
1211310
302010
310203
3120111
310212
302022
400320
1031112
310221
3120102
220104
302031
220113
310230
3030012
3210210
130002
3202020
1121220
1031130
1113030
3120120
220122
302040
3030003
3030000
1031121
220131
3202002
130020
2014200
130023
3210201
4021200
220140
130032
3300300
1121301
1113111
3210300
1121310
302100
302103
1203201
1023003
1023000
400401
1203210
1211400
310302
400410
1113102
3030030
212001
1023021
310311
1031211
302112
212004
220203
212010
220200
1023012
3030021
1031202
302121
212013
1113120
310320
212022
302130
220212
1023030
1031220
212031
220221
130113
40002
2301030
220230
3030120
130122
212040
40014
130131
40020
40023
40032
1113201
3120201
2301003
1121400
40041
1113210
2301000
3112002
3030111
1023102
1203300
2301012
3030102
3112020
3120210
302202
2301021
1031310
3120300
212103
302211
212100
1023111
302220
1031301
220302
2301102
122001
212112
2301111
220311
122004
3030201
2211000
130200
2211003
130203
212121
122010
3022002
122013
1023120
212130
4300002
220320
130212
122022
3202200
40104
130221
122031
40113
4300020
130230
122040
40122
1400022
40131
1113300
40140
1400004
302301
204003
302310
204000
2301120
2211012
1023210
1031400
212202
3022020
3030210
2211021
1023201
204012
212211
220401
122100
122103
204021
2211030
220410
1400040
204030
130302
212220
122112
32001
32004
2211111
130311
2121000
122121
40200
32010
2121003
40203
32013
130320
2211120
4210002
122130
40212
2121012
32022
40221
2121021
32031
4210020
1400112
40230
3112200
1310004
32040
1400121
1310013
3030300
2301201
2301210
2211102
302400
204102
1023300
1310040
204111
212301
114000
114003
1310022
212310
3022200
2301300
2203002
122202
204120
1310031
114012
122211
32100
114021
2121030
32103
122220
40302
114030
32112
40311
32121
40320
2121120
32130
1310103
2031003
2031000
1400211
1400220
1400202
2211201
1310130
1220022
2031030
204201
2211210
2203020
1220031
2121102
204210
1310112
212400
2031021
1220001
1220004
2121111
114102
1220010
1310121
2031012
122301
114111
1220013
24000
24003
2211300
122310
114120
2113002
32202
24012
2121201
40401
32211
24021
1220040
2121210
40410
2113020
32220
24030
1302003
2031102
1302000
4300200
1310202
4120020
1302012
4120002
1220112
1130004
1220121
1130013
2031120
4030002
204300
1310211
1220103
1220100
1302021
114201
2031111
1302030
1310220
122400
114210
24102
1130040
32301
24111
1220130
4202100
32310
1130022
24120
1130031
2023002
1400400
1302102
1302111
1310301
4202001
4210200
4202010
2203200
1220211
1130103
1212021
401004
1212030
1220220
1212003
2023020
1212000
2121300
2031210
1310310
1220202
401022
4030020
1302120
114300
1212012
2031201
1130130
24201
1040004
2113200
32400
1130112
24210
401040
1130121
1040022
1040040
1302201
3301020
4112010
4120200
3301002
4112001
1122000
1122003
1220310
4030200
4022010
3211002
1212120
1130202
4022001
1122012
1302210
1310400
1212102
311004
2031300
4112100
1212111
401112
1220301
311013
401121
311022
24300
1130211
311031
1122021
1040121
1130220
1122030
1040112
311040
1302300
1212210
1220400
2400000
1204020
2400003
1122102
2400012
1130301
1122111
1204002
2400021
401202
2400030
311103
1212201
3211020
401211
2023200
401220
2400102
1032012
3121002
1040202
221001
2400111
1032003
311112
1032000
221004
2310003
1032030
221010
2310000
3121020
1040220
311121
221013
1130310
1122120
1032021
1040211
2400120
221022
311130
2310012
3301200
221031
4022100
221040
4104000
1114002
1122201
3203001
4014000
303000
1212300
303003
1032111
303012
311202
2310021
1032102
303021
221103
2310030
311211
221100
311220
1130400
303030
1122210
1114020
1032120
221112
131004
2220000
2220003
3031020
221121
131013
221130
2310120
2220012
131022
2220021
131031
2220030
131040
1122300
2400201
3211200
3203010
3031002
2310102
2400210
1204200
303102
2310111
401400
