311300
1110032
1122320
2
311303
3113003
1241111
3002411
3113000
303113
20
1110020
1122311
3203111
23
1110023
1323020
303131
32
4022300
2220032
2003003
131111
2003000
311330
131114
4104200
2220131
4014200
1413200
2003033
131141
2003030
4223000
1110131
303200
1110134
303203
3113030
1233020
1110143
1331300
2220113
1110113
113
422003
422000
311411
1233002
303230
131
134
422030
4301000
2220200
4301003
2220203
143
131222
3023030
4301030
1110200
1401020
3330200
1401023
1110203
2003114
3023003
3023000
4133000
3113111
2003111
1401002
1110224
303302
4043000
1442000
1241300
1110230
200
1110233
303311
1143002
203
3404000
3203300
1323200
422111
2003141
303320
1401032
224
332000
131303
332003
131300
230
2220230
233
33002
1110242
242
332030
33020
1143020
33023
131330
2220320
2003222
33032
1401113
1311002
1110302
4211030
1110320
1233200
1110323
3023111
1311032
1110332
2421002
302
2220302
414002
2220311
1110311
311
2421020
1311020
1110314
314
1311023
1401131
320
2204000
414020
2204003
323
3101033
3101030
332111
332
242003
131411
242000
1110341
341
344
33113
2331002
2204030
3314000
3101003
1401200
1401203
3101000
33131
242030
4301111
4211000
2003303
2003300
4211003
3113300
1110422
1221023
1221020
1311131
1110431
4121003
3101114
3011000
4121000
3011003
3101111
1221002
422300
1401230
111002
2003330
1311113
1110413
413
422
111020
111023
431
2331020
33200
1143200
434
33203
4301300
111032
1221032
443
242111
1401302
2241002
1401311
2003411
2114030
33230
2241020
1430000
1430003
4211111
3023300
1311230
1131002
1221113
2204111
2114000
3224000
2114003
3011033
2421200
1311200
1311203
4121030
3101141
3011030
1401320
414200
320000
3011114
320003
111113
3101222
332300
1131032
3011111
4031030
33302
1221131
320030
111131
1430030
1131020
1131023
3134000
2114111
33311
111134
4412000
4211300
4031000
320033
4031003
111143
33320
4121111
2024030
3302003
1221203
3302000
4113020
1221200
1430111
1311320
1311302
4113002
3003002
3101303
3101300
1311311
2024003
2024000
111200
111203
2331200
1041002
3011141
1340030
1131131
320111
230003
1041023
230000
1041020
1340000
320114
1340003
1131113
111224
1221230
443000
242300
111230
144002
111233
1041032
320141
111242
230030
3044000
4322000
230033
2241200
144020
3003020
3003023
1221302
1422002
2204300
1221311
2024111
3003032
4031111
3011222
3302030
3101330
3003113
111302
3011300
3011303
3101411
111311
3212030
1131230
3212000
1422020
1131200
3212003
1131203
111314
3003131
1041113
111320
320222
111323
1221320
1340111
2114300
230111
230114
1041131
111332
4121300
111341
3302111
230141
4232000
1430300
4113200
1332020
320300
1131320
320303
3011330
222002
111413
1332002
1131302
1041203
1131311
1041200
111422
3122030
1041230
222023
111431
222020
144200
230222
320330
222032
3003200
1422200
3003203
2024300
3003230
4031300
3122003
3011411
3212111
3122000
1242002
3003311
3003302
4142000
3122111
1041311
3003320
4101032
1340300
1041302
230303
431003
431000
230300
320411
4101023
4101020
222113
1041320
3302300
431030
222131
4310000
4310003
4101002
1242020
230330
4101113
4011002
1410002
1410032
300002
3032003
3032000
3032030
300020
1410020
1410023
300023
222203
222200
1332200
3032111
431111
300032
230411
3114020
341000
341003
3200033
2303030
222230
4310111
4220000
4220003
341030
4011032
3200030
3200000
4011020
4011023
3200003
4101131
2303003
2303000
3413000
3114002
3212300
4220030
3200114
4011131
1410131
3323000
1242200
4310030
4101230
3122300
4011113
1410113
300113
3110003
222302
3200111
3110000
300134
222311
300131
300143
4101203
4101200
341111
222320
2000030
4101311
2213030
4101302
1103000
1103003
1410200
1410203
4220111
2000003
2000000
3110030
1410230
2303111
1103030
1103033
2213000
2213003
300200
300203
3200141
3110033
2000033
3032300
431300
300230
300224
3020003
3110114
300233
3020000
333002
3020030
4130030
3110141
300242
2213111
2123000
3233000
333020
2123003
4011230
1410302
4130003
2000114
3200222
4130000
3110111
2000111
4101320
3114200
4011200
4011203
4130111
1013003
4011320
1410320
1013000
300302
2000144
4011311
1410311
2000141
300311
1103111
3401003
1103114
3401000
4011302
3200300
300314
3200303
300320
1140020
1140023
1013033
300323
300332
1013030
3020033
341300
300341
30002
1140002
1103141
2123030
2000222
3020141
30020
30023
2123111
30032
1140032
4310300
3020111
3110222
4212002
1103222
2303300
2033003
4212020
3401030
1013114
2033000
3143000
1013111
300413
3200330
3020114
411002
1140113
300422
3311030
411023
411020
300431
3020222
2414000
3110330
333200
2213300
2033030
4122020
1013141
411032
30113
3401111
4212200
3311003
3311000
3200411
4122002
3110303
2000303
2000300
1140131
3110300
30131
30134
4331000
30143
4130300
2033111
4421000
4220300
1304030
1431002
1304003
2000333
1304000
2000330
1103300
1103303
1013222
411113
1103330
30200
1431020
1140200
1140203
30203
411131
2000414
2324000
3020330
2123300
2000411
30224
2111030
30230
3221030
1140230
2111033
30233
3020303
1214003
3020300
1214000
30242
1103411
3110411
2000441
4241000
3311111
2111000
1013303
3221000
3221003
2111003
1013300
1304111
411203
3221111
411200
1140311
1341020
3131003
3020411
3131000
411230
1214030
1013330
3303020
1341002
30302
1140302
4122200
3401300
30311
3303002
30314
30320
1140320
30323
30332
2111141
30341
2033300
4110002
1214111
411302
2111111
411311
2111114
1013411
1124030
1124000
1124003
2234000
1431200
3131030
411320
3041003
3041000
3131111
141002
2402030
3000032
30413
2111222
30422
141023
141020
30431
141032
3213020
4110032
3000002
2402000
3311300
2402003
3000020
4110023
3000023
4110020
3213002
1304300
3422000
1341200
3221300
4110131
3303200
3123002
2402111
3000113
1034003
1124111
4110113
1034000
2144000
1034030
3041030
4401002
141113
4401020
2111330
4110203
4110200
141131
1214300
2312003
3000143
2312000
3123020
2111300
2111303
3000134
3000131
1034111
3041111
2312030
3033002
3000233
3131300
3000230
2312111
3000224
2222000
141203
3332000
3033020
2222003
141200
2111411
4311002
3000242
3213200
3000200
3000203
4110230
141230
4311020
3000302
4110320
1112030
2000
1112000
2003
1112003
3000314
2402300
4110311
3000311
1124300
4110302
2030
2222030
2033
1112033
141302
141311
2132000
2132003
4221002
141320
4221020
2132030
3242000
3000332
1112114
3000320
3000323
3123200
1034300
3000341
3041300
2222111
1112111
2111
2300003
3111023
3000431
2114
2300000
3111020
3000422
2312300
2214002
3111032
3410030
2300030
1112141
2141
3033200
2144
3410000
3410003
1403000
1403003
3000413
4401200
3111002
1403030
1104020
4131002
1104023
3410111
2042003
1112222
2042000
1104002
2300033
2214020
2222
2132111
1104032
2042030
2124002
2300141
2124020
2042111
4311200
1104113
3111113
3320030
2300111
3320003
2300114
3320000
1403111
4430000
4131020
3111131
203003
203000
1313000
2423000
2300
1112300
2222300
1014002
1313003
2303
1112303
3230000
4041020
1440020
3230003
1014023
1014020
3111203
3111200
3111230
1313030
1104131
203030
4041002
330002
1440002
2214200
203033
2330
1112330
3320111
2300222
2333
1014032
330020
330023
330032
1313111
3410300
1223003
1223000
1112411
4221200
1104200
1104203
4340000
203111
1223030
203114
113000
113003
2333000
2411
2132300
2414
1014113
1104230
1014131
3230030
330113
2202020
203141
2202023
113030
2124200
113033
2300330
2441
3140003
3140000
3140030
2202032
330131
2243000
3111311
2042300
3312020
1104311
3111302
2300303
2030003
3230111
2030000
2300300
3312002
1403300
2202002
1014203
3111320
1014200
1104302
4131200
3222002
4041200
2030033
2030030
1104320
203222
1223111
113111
2300411
23000
1133000
1014230
1133003
23003
113114
2411000
330200
1440200
3320300
330203
2411003
330230
113141
23030
1133030
23033
1313300
2112032
2030111
1014302
1301003
1301000
3140111
2202113
2112002
2030141
203303
1133111
203300
1014311
2411030
2202131
1043003
2112020
3222020
1301030
1043000
2112023
1301033
330302
2030114
1014320
203330
330311
2411111
23111
113222
2321003
23114
2321000
3132002
2112113
330320
2202230
1043030
3132020
1301111
23141
1301114
1211003
1211000
3431000
2022002
3230300
2202200
2202203
3312200
1211030
3300023
3300020
1301141
3222200
1211033
2022032
3300002
2030222
203411
314000
1424000
113300
113303
1223300
314003
2022023
2022020
2202302
2112131
2321030
1043111
314030
441002
113330
23222
441020
2030303
2030300
2112230
4410002
2231030
3140300
2030330
1334000
1133300
2202311
4410020
2112200
2112203
2022131
2202320
3300032
2321111
1301222
1211111
1211114
2231003
1121000
3341000
1121003
2231000
314111
2022113
2411300
224003
113411
224000
23300
23303
3132200
2313002
2112302
3300131
1211141
1121030
2112311
1121033
4410200
224030
2313020
23330
3300113
1301303
2022203
2022200
1301300
1301330
1211222
2141030
1121111
4103030
2022230
1121114
1031003
2030411
1031000
3300203
3300200
2112320
1121141
4103003
2231111
4103000
2141000
2141003
1043300
224111
134003
1244000
134000
23411
441200
1031033
1031030
2022302
134030
2223020
2141111
1412030
1113020
2022320
1113023
1301411
3300230
302000
1412000
1211303
1412003
1211300
302003
2321300
314300
2022311
3002
1113002
2223002
1031114
1031111
302030
4140020
3020
3023
1211330
3300320
2313200
302033
1121222
3032
1113032
4013030
3030002
4140002
134111
3300311
1031141
4013000
4013003
4103111
3300302
1211411
1322000
1121300
1121303
1322003
1113113
4013111
3411002
1412111
302111
1121330
2432000
302114
2231300
3030023
3113
3030020
2133002
224300
302141
1031222
1322030
1113131
3131
2133020
3030032
3134
2223200
3143
3030113
2342000
2141300
3030131
1113200
1404020
1113203
1322111
1404002
3411020
3200
3203
1031303
302222
1031300
1232030
3321020
1232003
1121411
1232000
3030203
3030200
4140200
3224
3321002
2211002
134300
3230
1113230
3233
3242
1031330
4214000
4103300
4304000
1314002
1113302
4013300
1101020
1113311
1101023
302300
1412300
1101002
302303
1142000
1142003
3302
2211020
2211023
3311
1314020
2133200
3314
3030230
3320
1113320
1101032
2211032
3323
1031411
1232111
302330
32000
32003
2420000
3332
2420003
2211113
3030311
2121002
3341
2420030
2211131
2121020
3231020
3030320
32030
1142030
2121023
1310003
32033
1310000
1322300
1101113
3231002
3104003
3104000
3030302
3104030
3411200
1011002
1404200
3104111
200003
1011023
1310033
3321200
200000
1011020
1224020
1101143
413003
413000
1142111
302411
1224002
114002
3413
1011032
1101131
3014000
200030
1310030
4124000
3014003
3422
1101134
413030
200033
114020
114023
3431
2121032
32111
114032
32114
1101200
1101203
2121131
1314200
1310111
2330030
32141
1101233
2211200
2211203
3014030
1134002
3141002
1011113
1101242
2420111
200111
1310141
2330003
413111
1310114
200114
1011134
2330000
3141020
3440000
1011131
1101224
2121113
323000
1433000
1232300
1101230
323003
2211230
114113
2412002
2211302
1011143
200141
2211311
2412020
2121200
3231200
323030
114131
200144
2121203
1134020
2211320
2330111
32222
1101302
4034000
1101311
3014111
1130000
1130003
3104300
1101332
1343000
1011203
1142300
1101341
1011200
1011230
1101314
1011224
1101320
114200
114203
1224200
1101323
1310222
200222
20000
1130033
2240003
2240000
323111
20003
1011242
233003
233000
32300
1044002
1011233
2121230
32303
114230
1044020
2240030
20030
4202111
1130030
20033
233030
2322020
2121320
32330
1310303
2240111
1310300
4202000
4202003
1011311
1212023
1212020
1101431
2420300
1310330
1134200
1011302
200303
4202030
1130111
200300
1212002
2322002
413300
1011323
1101413
2121302
1011320
1011314
1101422
3141200
114302
2121311
1011341
3002030
114311
200330
1011332
2412200
1130141
200333
20111
114320
20114
1212032
1130114
233111
143003
143000
32411
3002033
2330300
4112030
20141
20144
3014300
143030
3002000
4112003
3002003
4112000
1212113
1122002
4022000
4022003
4112111
1011422
3002111
1310411
200411
1011413
311000
1421000
200414
1421003
311003
323300
2232002
1122032
1044200
1011431
1212131
311030
1421030
1122020
2232020
1122023
200441
311033
20222
1130222
143111
2441000
2240300
2142002
1421111
1331000
1130300
1130303
3002114
1331003
3002141
4022030
1212203
1212200
2322200
1331030
1122131
3002222
311111
1130330
20300
311114
20303
1122113
1212230
434000
233300
311141
4022111
2142020
4104020
20330
20333
4403000
4104002
4202300
1212311
3203000
1413020
1122200
1122203
3203003
4014002
3002300
3002303
4112300
1212302
303002
1413002
1122230
303020
2232200
303023
311222
1212320
1331111
1241003
131000
1241000
1130411
131003
20411
303032
20414
2220002
344000
143300
1241030
2220020
3330020
2220023
131030
2142200
131033
20441
3330002
1421300
1110002
3203030
4313000
1323002
1122302
3002330
4014020
