1110033
303111
3
300033
4311111
1113111
3300411
1113114
1041411
3330111
303114
2022411
30
1110030
3030030
3000333
2220033
303141
33
4014111
4011033
1113141
2223111
3000330
3111
1410111
3114
4101141
4011030
3033111
3003411
3030033
4224000
3141
1410141
3144
300111
3123300
3030114
2220141
4134000
1110111
2214000
4104300
2214003
3324000
3030141
3000441
300114
4011114
1410114
4101222
4011111
300141
1404030
1110141
2220111
111
4140111
3030111
303222
1110114
114
3000414
2220114
300144
4110411
1404000
3000411
1404003
2142300
4131003
4131000
4101303
4101300
141
1104030
1104000
1110144
144
1104003
1113222
3222
3321003
2211000
2211003
3321000
2220222
1413300
1443000
2214030
1104033
4011141
300222
1410222
1401000
1401003
303300
2124000
303303
2124003
1314000
1113300
1314003
1113303
1143000
1143003
333000
3330300
333003
1401030
4401300
1101000
1404111
4431000
1101003
1401033
4044000
2124030
1110222
222
3030222
4014300
3234000
1113330
1104114
333030
2424000
3300
2223300
303330
1143030
3303
33000
4131030
1410300
1410303
4011222
33003
4101330
3321030
1101030
2211030
2211033
1101033
3033300
1314030
1014003
2214111
1104111
1014000
1014030
2421030
1401111
3330
3333
33030
2211111
3231030
300300
2121000
33033
1440030
300303
2220330
2211114
2121003
1311000
1110300
1410330
1401114
1311003
1110303
3030330
4041000
330000
1440000
4041003
330003
1440003
4131111
4011300
4011303
4101411
1104141
1014033
1401141
1311030
3321111
1101111
300333
3231000
1110330
3231003
1101114
330030
1314111
2421000
300
1311033
1110333
2220300
300330
2220303
2421003
1140030
303
30000
3030303
1140000
3030300
333111
1140003
4140300
30003
4422000
330033
1011003
303411
1011000
4311300
1101141
1101144
4341000
330
333
30030
1104222
1140033
1014111
30033
2421111
1113411
3411
1143111
3414
1011033
33111
1011030
33114
2220411
2211141
2121030
2121033
1014114
2124111
3441
1014141
33141
1440111
330111
300414
4041030
1410411
4011330
300411
2244000
1140114
1434000
330114
2202030
2202033
1401222
1311111
2121141
330141
1404300
1110411
411
300441
1311114
1140111
1110414
414
30111
1134000
1134003
30114
4332000
3030411
1011114
1011111
4041111
3312030
4011411
1311141
3312003
2202000
2202003
3312000
3231111
1101222
2211222
2121111
1110441
441
2121114
1140141
1104300
444
30141
2214300
1104303
30144
1401300
1014222
3222000
1401303
3222003
2412000
2211300
33222
2211303
2412003
1011144
2241003
2241000
1011141
1431000
1431003
2412030
1104330
4131300
3312111
2202111
1134030
1311222
1431030
1101300
3321300
1401330
1101303
1314300
1131000
1131003
330222
1140222
333300
2112033
1101330
1101333
1131030
1131033
4413000
1104411
1134111
30222
2421300
1014303
4242000
1014300
1344000
33300
1143300
33303
1011222
2112000
2211330
2202114
2112003
2241030
2121222
1044003
2124300
1044000
1044030
33330
1014330
330300
1440300
330303
2202141
2112030
3222030
3303030
3132003
2322030
3132000
2202222
2112111
1311300
3132030
1431111
2121330
2112114
1311303
3003000
4113003
3003003
4113000
1401411
1341000
30300
1140300
1140303
330330
1341003
30303
1041003
1041000
1011303
3303003
4041300
3303000
2412111
1011300
2022003
3222111
2022000
2322003
1341030
2211411
2322000
1101411
3432000
2121300
2241111
3231300
1311330
1131111
1101414
2121303
30330
1140330
1131114
30333
1044111
3342000
33411
1014411
1041033
1041030
1011333
3300030
4110003
1011330
4110000
2022033
2022030
3300003
1101441
3300000
1131141
2322111
2202300
2202303
3312300
1341111
1311411
1140411
2112141
330411
3003033
4113030
3003030
4410111
2022111
3003114
1131222
3003111
30411
3000033
1134300
30414
4410003
4410000
1041114
3213030
1041111
1011414
1011411
3132111
2232003
2232000
2121411
2022141
4113111
30441
3000000
4410030
3000003
4110033
4110030
3300033
3000030
3303111
4323000
3213000
1041141
3213003
2202330
2232030
2022114
1011441
2112222
3000111
4110141
3213111
2202411
2112300
2232111
2112303
2142000
1431300
2142003
3123003
3123000
4110114
3300141
3000114
3300114
4110111
4401003
3003141
2412300
4401000
3423000
3222300
2442000
1131300
1131303
2241300
3300111
1044300
1041222
3300222
2022222
1131330
2322300
4104030
3000141
1341300
4404000
4233000
2112330
2142030
3123030
3003222
4104003
3000144
4104000
2022303
1131411
2022300
4440000
3033003
3033000
3123111
3003300
3003303
4014000
4014003
4104111
4401111
4101033
2223030
4101030
1041303
4311000
4311003
1041300
303000
1413000
1413003
303003
3132300
2022330
4143000
4113300
4110222
303030
3000222
1413030
4101003
3303300
4101000
4311030
3000
1113000
2223000
3333000
2223003
3003
1113003
2112411
303033
1041330
2142111
4140030
3000300
2220000
3000303
2220003
4110330
4101114
4401030
4011000
1410000
3213300
4011003
1410003
4101111
3243000
2232300
4314000
3030
1113030
3300330
3033
1113033
3330030
4140003
3030003
3030000
4140000
2220030
1110000
3330003
4110303
3330000
4110300
1413111
1110003
300000
1410033
300003
3033030
3003330
4014030
300030
1410030
3300303
3300300
4410300
