1
311302
4
3113002
1032202
10
213001
311311
13
213004
3031102
213010
3113020
1032220
3211300
22
213013
2310202
1114120
3113011
311320
1032211
213022
131101
31
131104
34
131110
213031
40
4014100
131113
43
131122
213040
131131
2130022
131140
1114201
2130031
2130040
2310211
1032301
100
103
3031111
213103
311401
2310220
213100
112
2130001
1114210
2130004
311410
1032310
121
2130010
213112
124
2130013
3031120
2212000
131203
2212003
131200
130
213121
3031210
2310310
133
213130
2212012
131212
142
3031201
2130100
2212021
2130103
131221
131230
2212030
3113101
1114300
3113110
2310301
202
213202
211
214
213211
220
3113200
1032400
223
2130112
131302
213220
232
2130121
33001
33004
131311
241
2130130
33010
244
33013
131320
33022
4211011
2130211
33031
1311004
4211020
2130220
1311001
33040
2310400
1311031
2212102
3031300
301
2212111
304
1311013
1311010
310
213301
313
2212120
2130202
1311022
213310
322
2212201
131401
331
33100
334
33103
131410
2212210
1311040
340
343
33112
2130301
33121
1311100
33130
1311103
4211002
3310003
2032030
3310000
1311121
2032021
1311130
3310012
400
2032012
403
410002
410014
213400
2032003
1311112
412
410011
2032000
410023
410020
421
2130310
424
430
433
33202
410032
442
33211
410041
2130400
2114020
33220
4211101
1311220
4211110
2032120
1131001
2212300
1131004
2032111
2114002
410101
1311202
3310021
410110
2032102
2114011
3310030
410104
1311211
1131031
410113
410122
4031020
1131010
1131013
2114101
410131
33301
3310120
410140
4031011
2114110
33310
1131022
3310102
4031002
3310111
1131040
4211200
4031101
1000012
1213012
3310201
4113010
1000003
2032210
1131100
1131103
1000000
1213021
1000030
1311301
2032201
4113001
1000024
1213003
1213000
1311310
1000021
410203
410200
1131121
410212
1000042
410221
1131130
1000033
410230
230002
1213030
230011
33400
1131112
230014
3130030
230023
230020
3130021
230032
230041
1000111
1213111
1000102
3310210
2032300
3130012
1000123
1000120
2114200
410302
4031110
3130003
1311400
1213102
1000114
3130000
312004
410311
1000141
3212020
1131220
312001
312013
1000132
312010
3130111
1213120
312022
3212002
1131202
230101
410320
3130102
3212011
1131211
230104
312031
4031200
230110
1000144
230113
230122
312040
3310300
230131
4113100
230140
1000204
1213201
1000201
1213210
1000222
1000213
1000210
312100
312103
1033003
1000234
1033000
410401
3130120
1000231
410410
1033021
1131301
312112
230203
230200
1033012
1000243
312121
1131310
1000240
312130
230212
2311012
1033030
3130210
230221
2311021
2311030
230230
1000303
1000300
1213300
3212101
3130201
1000312
2311003
2311000
3212110
1033102
1000333
1000330
1000324
1000321
312202
3130300
312211
1033111
312220
3212200
1131400
1000342
230302
2311102
132001
230311
132004
132010
1033120
132013
4310002
230320
132022
4310011
132031
1410004
1410001
1410013
132040
1410010
1000414
1000411
1000402
2311111
3032011
1000
1000423
312301
1003
1000420
3032002
1410040
214003
312310
214000
2311120
1410022
1012
1033210
1000441
3032020
1410031
1021
1033201
1000432
214012
3032110
1024
230401
2311201
132103
1030
132100
214021
230410
2311210
1033
3032101
214030
132112
1042
4310101
2131000
2131003
132121
4310110
132130
1410100
1410103
3114010
3114001
4310020
1410130
1102
312400
1410112
214102
1111
1114
1033300
3114100
214111
1410121
1120
1123
2131012
132202
214120
1132
2131021
132211
1141
2131030
1144
132220
2131111
2000023
2000020
1410202
2000014
2131120
2000011
2000002
1230001
3032200
1230004
2311300
1230010
2213002
1230013
1201
2000044
2213011
1204
1410211
2000041
1410220
214201
1210
2213020
1213
2000032
2131102
214210
1222
1230040
2213101
132301
1231
34000
1234
34003
1230022
132310
2213110
1240
4130020
1243
34012
1230031
4130011
2000122
34021
1410301
4130002
34030
2000113
2000110
2000104
4310200
2000101
4130110
1312021
1230103
1230100
4130101
1312030
2000143
2000140
1410310
1312000
1300
1312003
1303
2000134
1312012
2000131
214300
1230130
1312
2131201
1321
2131210
1324
1230112
1330
132400
1333
34102
1230121
1342
34111
2000221
2131300
34120
2000212
2000203
2000200
4212001
2033020
1230202
4212010
2033011
2000242
1312120
2213200
1312102
2033002
1410400
2000233
2000230
411004
1402
1312111
2000224
411001
1411
411013
411010
1414
411022
1420
1423
3311011
1230211
411031
1432
34201
3311020
1230220
1441
34210
2000314
411040
4130200
3311002
2000311
2000302
4212100
1312210
2033110
2000341
3311101
1230301
2033101
2000332
411103
411100
2000323
1312201
2000320
1132021
411112
1132030
1132000
1132003
1230310
411121
34300
411130
1132012
2410021
2000413
2000410
2410030
2000404
2000401
1214002
1001002
2000440
1214011
2033200
1001023
2000431
1001020
2410000
3311110
2410003
4032010
2000422
1312300
2410012
1001014
4032001
1001011
411202
1001032
1132120
411211
3311200
1230400
2410102
411220
3131002
1214020
1132102
4032100
231001
2410111
1001044
1132111
1001041
231004
231010
231013
231022
4114000
231031
1001101
231040
1214101
1214110
1001113
1001110
1001104
100000
1001134
100003
3131020
411301
1132210
1001131
411310
3131011
313000
2410120
1001122
100012
313003
313012
100021
1001143
1132201
313021
100024
1001140
231103
100030
231100
100033
313030
3000040
3000043
2410210
3131110
231112
100042
3000034
2230003
2230000
231121
231130
2230012
3000013
3213010
3000010
3000004
1214200
3000001
3131101
3000031
1001212
3213001
3000022
1001203
2410201
1001200
1001230
1001224
100102
3000100
3000103
1001221
313102
100111
411400
3000124
313111
100114
3000121
1034011
1001242
2410300
100120
100123
3000112
1132300
3213100
1034002
1001233
231202
313120
100132
2230021
231211
1034020
2230030
100141
100144
231220
2230120
1001311
1001302
2312002
3000142
1001323
1001320
3000133
2312011
100201
1001314
100204
3131200
3000130
1034110
1001341
100210
2230102
100213
313201
2312020
1034101
1001332
2230111
313210
100222
3000232
2312101
231301
100231
3033001
133003
133000
100234
2312110
231310
100240
100243
133012
4311001
2230201
3033010
3000241
133021
4311010
133030
3000202
1411000
1411003
3000220
3000223
1001404
1001401
3000214
3000211
3000301
1001422
1411030
1001413
100300
1001410
100303
313300
1411012
2002
3000313
1034200
1001431
1411021
100312
3000310
2011
3000304
2014
2230210
100321
2020
100324
2023
100330
231400
100333
133102
1001440
2032
133111
100342
2041
2044
2132002
133120
2132011
1411102
2132020
3033100
1411120
3000331
2312200
3000322
1411111
100402
2101
2104
3000340
100411
2230300
2110
100414
2113
3000430
100420
100423
3000421
2122
3410020
2214001
100432
2131
133201
2134
100441
133210
2214010
2140
2143
2001022
3410002
2001013
2001010
3410011
3000412
2001004
2001001
4311100
3000400
3000403
3410101
4131001
1231003
3410110
1231000
2001043
2001040
2001034
1411201
2200
2001031
2203
1411210
1231030
2212
2132101
2221
2132110
2224
133300
2230
1231012
2233
1231021
2242
2001112
2132200
2001103
2001100
1100020
1313011
1100023
1313020
2001142
1231102
1411300
1100002
2001133
2001130
2214100
2001124
1100011
4131010
1313002
1100014
2302
2001121
1231120
3230002
2311
3230011
2314
1100032
2320
330004
2323
330001
1231111
4000042
330013
1100041
4000033
1100044
2332
330010
2001214
4000030
4131100
330022
4000024
2341
2001211
4000021
330031
3410200
2001202
4000012
4000000
330040
4000003
1100113
1313110
4000120
2034010
4000123
2001241
4213000
1100122
2034001
2001232
4000114
4000111
1100101
1100104
1313101
2001223
2001220
4000102
1100110
2401
2404
412003
412000
2410
412012
2413
330100
330103
1100131
1231201
412021
3230020
1100134
2422
412030
1231210
1100140
1100143
2431
2001310
330112
2001304
2440
2001301
330121
330130
2001340
3230101
1313200
1100212
2034100
1100221
2001331
3230110
4000141
3312001
2001322
3312010
1100200
4000132
1100203
2001313
412102
1133011
1100242
3230200
412111
4000240
1133020
1100224
4033000
1231300
3312100
1100230
1100233
4000231
1133002
2411002
412120
330202
4000222
2001403
330211
2001400
4000213
330220
4000210
4000204
4000201
4000312
1100311
2001430
1100314
4000300
4000303
1002013
2001421
1002010
2001412
1002004
1100302
1002001
1002031
1100341
2411011
1133110
2411020
1002022
412201
1100320
1100323
1002043
412210
1002040
330301
1133101
1100332
1002034
232003
2411110
232000
330310
3132010
3132001
232012
232021
232030
1100401
1100404
1100410
1100413
4000330
1002103
2411101
1002100
4000321
3214000
1133200
1002124
3001000
3001003
1002121
1100440
412300
101002
1002112
3001021
1002142
101011
314002
1100422
101014
4000420
3001012
1002133
1002130
101020
101023
314011
1100431
314020
330400
232102
4000411
101032
232111
4000402
101041
101044
4410100
232120
2231011
2231020
4410001
1002202
4410010
1002223
1002220
3001033
2411200
1002214
3001030
3132100
1002211
101101
3001024
314101
101104
1002232
101110
2231002
101113
314110
3001042
2100001
3001132
101122
2100004
2313001
2100010
101131
232201
2100013
3001120
1002241
3001123
101134
2313010
232210
101140
2100022
101143
3001141
2231101
2100031
3001102
4230001
1002301
3001114
4230010
3001111
1330000
1002313
1330003
1330012
1002310
1002304
3001213
101200
101203
1002331
3001210
3001204
314200
3001201
1002322
101212
2100034
2231110
101221
2100040
101224
2100043
1002340
232300
101230
134002
101233
1330021
134011
1330030
101242
4312000
2231200
2100130
2100133
134020
2100142
4230100
1412020
1330102
3001231
1002412
2100100
2100103
1330111
3001222
1002403
2313100
1002400
2100112
1002430
3001240
1412002
101302
2100121
3001
1002421
2100124
3004
3034000
1412011
101311
3010
101314
3001321
3013
101320
2100202
101323
3001312
3022
2100211
101332
2100214
134101
3031
3034
1330120
2100220
134110
101341
3001330
2100223
3040
3043
3001300
3001303
3411001
1330201
1412101
3001402
101401
1412110
3100
101404
3103
101410
101413
2100232
3112
2133001
101422
2100241
3121
2133010
3124
1330210
101431
134200
3130
3133
101440
2100322
2002012
3142
2100331
2133100
2002003
2002000
2100340
3001420
2002042
1330300
2100301
3001411
2002033
2002030
2100304
3411010
2100310
2002024
2100313
2002021
1412200
3202
1232020
3211
3214
1232002
2100400
2100403
3220
3223
1232011
2100412
4132000
3232
2002111
3411100
2002102
3241
4001020
4001023
1101010
2002141
1314001
1101013
2002132
4001014
4001011
1314010
1101022
2002123
2002120
4001002
1101001
2002114
1101004
1101040
1101043
2100421
3301
3304
2100430
3310
3313
1232101
1101031
3322
1101034
1232110
331000
331003
331012
2002204
3331
2002201
331021
3340
331030
3231010
1314100
3231001
1101112
2002231
4001041
2002222
4001032
2002213
2002210
1101100
1101103
200002
3100012
1101142
200011
3400
4001140
3403
3100003
413002
3231100
200014
3100000
3100030
1101121
200023
3412
1101124
413011
4001131
200020
3100024
3313000
1232200
413020
1101130
3100021
331102
3421
1101133
2002240
4001122
2002303
2002300
331111
200032
4001113
3430
200041
4001110
4001104
200044
4001101
331120
4001212
1101202
2002330
2330020
1101211
4001200
4001203
1101214
2002321
2002312
1134001
1101232
3100042
200101
1101241
413101
200104
1134010
200110
3100033
413110
2330002
200113
1101220
1101223
2330011
200122
200131
3100141
331201
2412001
200134
3100132
200143
2412010
200140
331210
2330101
2330110
3100111
1101301
1101304
3100102
2002420
1101310
4001230
1003003
3100123
2002411
1003000
3100120
4001221
2002402
3100114
1003021
1101331
3100204
1134100
3100201
200203
200200
1003012
1101340
3100222
1101313
4001320
1003033
413200
200212
1003030
3100213
1101322
3100210
200221
1003024
331300
4001311
20002
200224
200230
233002
200233
4001302
20011
1003042
20014
233011
200242
20020
20023
4411000
233020
20032
4001401
1101400
20041
1101403
20044
1003102
2412100
1003114
1101430
3133000
1003111
3100231
200302
102001
1003132
200311
1101412
102004
200314
2330200
102010
1003123
102013
1101421
1003120
3100240
200323
200320
3100330
20101
102022
20104
3002020
3002023
1003141
233101
20110
3100321
102031
200332
20113
102034
3002041
233110
200341
102040
20122
102043
3002032
3100303
3100300
20131
20134
20140
20143
3002014
3002011
3100312
4001410
3002002
1003213
1003210
1003204
1003201
1003231
200401
3002110
3100411
3002104
102100
102103
200404
3002101
1003222
200410
3100402
200413
102112
2232001
200422
1003240
2232010
20200
102121
20203
200431
102124
233200
102130
20212
102133
200440
20221
102142
20224
2101024
2101030
2232100
20230
2101033
20233
20242
2101042
4231000
3002122
1003303
2101000
1003300
2101003
3100420
3002113
1331002
3002140
2314000
2101012
1003321
102202
2101021
3002131
1003312
3002221
102211
102214
3002212
1003330
102220
20302
2101102
102223
2101111
1331011
20311
1331020
102232
2101114
20314
3002230
20320
102241
20323
20332
3002200
20341
3002203
1200022
1003402
1413010
4100023
1331101
4100020
1200031
4100014
3002302
1200001
1003420
4100011
1200004
1200010
4100002
1003411
1413001
102301
1200013
4000
2101120
102304
4003
2101123
102310
102313
2101132
4012
1200034
20401
1331110
102322
20404
2101141
430003
4021
430000
4024
1200043
1200040
20410
430012
102331
20413
4030
4033
430021
102340
2101222
20422
430030
4042
20431
2101231
2134000
20440
2101240
1200112
3330001
3330010
3002311
1200121
1200124
2101201
2101204
1200103
1200100
4100041
1413100
2101210
3002320
2101213
4100032
102400
102403
3330100
4102
3002410
3002401
102412
4111
1200130
430102
4100140
4114
3412000
2101300
1331200
102421
2101303
1200133
4120
430111
4123
1200142
4100131
102430
4100122
2003002
4132
4141
430120
4100113
4100110
4100104
4100101
1200211
4100221
1200214
2003032
4100212
1200223
1200220
2003023
2003020
4100203
4100200
2003014
1200202
2003011
1233010
2101312
1020013
1200241
1020010
2101321
4201
1020004
4204
1020001
1020031
2101330
4210
4213
1020022
1200232
1233001
4222
2003041
430201
2003101
2101411
1020043
430210
1020040
4231
2101420
1020034
4240
1102000
1200304
1102003
1200310
2003131
1200313
2003122
1102012
2003113
4100230
2003110
2101402
2003104
1200301
1102033
4002040
1200340
1020103
1102042
1020100
4300
4303
1200322
4002031
1020124
1102021
1020121
4312
1102024
1200331
2003140
430300
4002022
4100320
1233100
1102030
1020112
4002013
1020142
4321
4002010
332002
4100311
4002004
1020133
4330
4002001
1020130
332011
4100302
332020
2003230
1200403
1200400
4100410
1102102
4002100
4002103
2003221
1200412
4100401
1102111
2003212
2003203
2003200
1102132
1020202
201001
1102141
201004
1020223
3232000
201010
1102114
4402
1020220
201013
1200421
414001
1102120
1020214
4411
1102123
1200430
1020211
414010
201022
332101
201031
4420
3101032
1020232
201034
332110
201043
201040
2331001
3101041
1020241
3101002
2003320
1102201
1102204
4002130
3101023
2003311
3101020
4002121
2003302
3101014
3101011
4002112
3101101
1020301
1102231
201103
201100
4002220
414100
1102210
1102213
3101113
1020313
3101110
1020310
201112
4002211
1102222
3101104
1020304
2331010
201121
1020331
4002202
201124
201130
332200
1020322
201133
1102240
201142
1020340
2200033
4002301
2200042
2003410
1102300
1102303
2003401
2200000
1004014
1102321
2200003
3101131
1004011
1430002
1102330
2413000
3101122
2200012
1004002
1430011
201202
1020412
2200021
1004023
201211
1102312
2200024
3101140
1004020
1020403
201214
2200030
2331100
1020400
3101230
1020430
201223
1004041
2200102
201220
21001
3101221
1020421
21004
2200111
1004032
1430020
234001
21010
2200114
201232
21013
2200120
234010
2200123
201241
21022
21031
21034
21040
3101212
21043
4002310
3101203
3101200
1430101
1004110
1102420
1004104
1004101
1430110
3101311
3003004
4330000
1102402
3003001
1004122
201301
3101302
103000
103003
1102411
201304
4002400
201310
1004113
201313
1004140
2200132
103012
201322
2200141
1004131
103021
21100
21103
201331
103024
103030
234100
103033
21112
201340
21121
103042
21124
2200231
2233000
21130
3003040
21133
2200240
21142
2020030
3003022
1004203
2020024
3101320
1004200
3003013
2200201
2020021
1430200
2200204
3003010
2020012
1004221
2200210
2200213
201403
3003031
1004212
201400
2020003
2020000
2200222
103102
3003112
103111
201412
1004230
103114
2200300
3101410
2200303
201421
103120
2102002
103123
21202
2020042
201430
3003130
2200312
2102011
21211
3003121
103132
2102014
21214
2020033
103141
21220
21223
21232
3003100
3003103
3101401
21241
1004302
2020123
2020120
2020114
2020111
2020102
1004311
2200321
103201
2102020
103204
2102023
2200330
103210
103213
1004320
2102032
2020141
1332001
21301
103222
21304
2102041
2020132
1332010
103231
21310
2102113
21313
2200420
103240
2102122
21322
2102131
21331
2102140
21340
2020222
1414000
3003211
1201012
2020213
2020210
3003202
1201021
2020204
2200402
2102101
1004410
2020201
2102104
3003220
1201003
2200411
1201000
2102110
1004401
1201042
3003310
103300
103303
3003301
3331000
4101040
2020240
1332100
103312
1201024
1201030
2102200
103321
21400
4101031
2020231
2102203
1201033
21403
431002
4101022
103330
21412
431011
431020
4101013
4101010
21421
4101004
21430
4101001
1201111
4101112
2020312
1201114
2020303
4101103
2020300
4101100
1201102
300004
2102212
300001
1201141
300013
103402
2102221
300010
1201123
103411
300022
1201120
2020330
2102230
431101
300031
103420
1201132
2020321
431110
300034
2102311
300040
300043
3200032
2102320
2430001
3200041
2430010
2004031
1201201
3200020
2020411
3003400
1201204
3200023
2004022
1201210
2020402
1201213
3200002
2004013
4101130
2004010
2004004
3200011
3200014
2102302
4101121
2004001
300100
3200113
1234000
300103
1021003
1021000
3200122
1201240
1021021
1201222
300112
3200101
2004040
3200104
300124
4101220
2020420
1021012
300121
1201231
3200110
300133
4101211
431200
300130
1021033
1021030
300142
4101202
1021024
1021042
4101310
4003000
1201303
4003003
1201300
2004121
1103002
4101301
2004112
2004103
2004100
1201330
2102401
1021102
1103032
2102410
300202
2430100
300214
1201312
3200131
1103011
1021114
1103014
300211
300220
1021111
300223
1201321
3200140
1103020
2004130
1103023
3020014
120001
1021132
3020011
120004
120010
3020002
333001
300232
120013
1021123
1021120
1103041
300241
3200230
333010
120022
3020023
3020020
1021141
120031
2004220
120034
3200212
1201402
120040
120043
4003030
3200221
1103101
2004211
4003021
2004202
3200200
4003012
3200203
1103122
3200311
300301
1103131
4003120
202003
1103104
1201411
300310
3102013
1021213
202000
300304
3102010
1021210
1103110
1103113
4003111
3102004
1021204
300313
3200302
3102001
1201420
1021201
202012
1021231
4003102
120100
4101400
300322
120103
202021
3020041
333100
1021222
202024
202030
3020032
300331
300340
120112
202033
1103140
1021240
120121
202042
120124
3020140
2332000
120130
120133
2004310
3020131
120142
2004301
3020110
3102031
1103221
3020104
3102022
3020101
1103230
3200320
1103200
1103203
3020122
300400
202102
300403
3102040
300412
1021303
1021300
202111
1103212
3020113
202114
300421
3020203
3020200
3102121
1021321
202123
300430
2201002
120202
202120
3102112
1021312
2201011
120211
3020221
2201014
120214
202132
3020212
2201020
1021330
3102130
120220
2201023
202141
120223
3200401
120232
3200410
2004400
120241
4003210
3102103
3102100
4003201
1103320
1431001
3102202
1021402
1103302
4003300
202201
1103311
202204
202210
1021420
202213
3020230
2201032
1021411
120301
202222
2201041
22000
120304
22003
202231
1431010
120310
120313
22012
4200001
2201122
120322
202240
4200004
22021
22024
4200010
2201131
120331
4200013
3020320
22030
22033
2201140
120340
4200022
22042
4200031
3020302
1103410
3102220
1300021
4200040
1431100
1300024
2201101
3102211
1300030
1300003
2201104
1300000
2201110
2201113
3020311
1103401
202303
202300
1300012
3004012
104002
3430000
3102310
104011
202312
3004000
3004003
104014
2201200
120400
1300033
2201203
120403
202321
3004030
3020410
104020
104023
22102
3004021
202330
1300042
2201212
120412
3020401
22111
104032
22114
120421
104041
22120
22123
120430
3102301
22132
22141
1300114
2021023
4200130
2021020
1300123
2021014
1300120
2021011
2021002
1300102
1300111
202402
2201221
104101
202411
104104
2201230
2021041
104110
104113
2021032
1300132
202420
22201
104122
22204
1300141
2103010
104131
22210
2103013
22213
2201320
104140
2103022
22222
2103031
22231
22240
1300210
3004111
4200100
1300213
4200103
2021113
2021110
3004102
1300222
2021104
3102400
4200112
2021101
3004120
2201302
4200121
2103001
1300201
2103004
2201311
1300204
4020031
1300240
3004201
1120021
104200
1120024
2021140
104203
4020022
1120030
4020013
1120000
1120003
1300231
2021131
104212
4020010
2201401
4020004
1333000
4020001
2103100
22300
2021122
104221
1120012
2103103
22303
3004210
2103040
104230
22312
4200301
1120033
22321
4200310
22330
1120042
1202002
2021212
4102012
1202011
4200202
1300312
1202014
4102003
2021203
4102000
2021200
4200211
4200220
1300303
1300300
1202032
1120114
2201410
2103112
1120120
1120123
1202041
104302
2021230
2103121
1300321
4020040
1202023
1202020
104311
1120102
1300330
2103130
2021221
1120111
104320
2103202
22402
432001
2103211
22411
432010
4200400
2103220
22420
1120132
1120141
4020130
3004300
1300402
2021311
4020121
1202101
1300411
2021302
1202104
1202110
4020112
4102030
4020100
4020103
4102021
4020220
1202131
3201010
1120210
1120213
3201013
301000
4020211
1202140
3201022
1120222
301003
104401
301012
1202113
2021320
4102120
4020202
1300420
1202122
1120201
3201001
301021
104410
3201004
1120204
4102111
1120240
301030
432100
301024
4102102
301033
301042
1120231
2021401
4102201
1202203
1202200
3201040
1202230
2103301
1120312
301102
2103310
1022014
301111
1022011
1202212
3201031
2021410
2431000
1120300
1022002
1120303
301114
1202221
2300002
301120
301123
2300011
2103400
1022023
301132
1022020
2300014
1120321
301141
3201121
2300023
1022041
2300020
3201130
1120330
1022032
3201112
4020310
1202302
4020301
3201100
4102210
3201103
1202320
3201202
1120402
1104022
4004020
1120411
3201211
4020400
1104031
301204
1022110
1104001
1104004
1202311
301201
4004011
1022104
301213
1022101
1104010
1104013
301210
4004002
4102300
301222
2300032
1022122
121000
2300041
121003
301231
1022113
1022140
334000
1120420
121012
1104040
1022131
301240
121021
2300131
121024
121030
121033
3021031
2300140
121042
3021040
1104112
3021004
2300101
3021001
1104121
2300104
2300110
301300
3021022
2300113
301303
1202401
3201220
1022203
1104100
1022200
1104103
1202410
2300122
203002
3021013
3021010
203011
3021103
1022221
3021100
3103021
301312
203014
2300203
2300200
1022212
3103012
203023
301321
203020
121102
1104130
301330
3021112
121111
2300212
3103030
1022230
203032
121114
2300221
121120
203041
121123
3201301
121132
3201310
4004110
3103003
121141
3103000
4004101
2120032
1104211
3201400
2120041
1104220
1022302
3103102
4004200
1104202
203101
301402
2120002
203104
3021130
2300230
203110
301411
1022311
301420
203113
2120011
2120014
3021121
121201
203122
2120020
121204
2120023
203131
121210
121213
1022320
2300320
2120101
2202022
203140
121222
2120104
3021220
2120110
2202031
121231
2120113
2202040
121240
2120122
1104310
3103111
2300302
2202001
2300311
2202004
3021211
2202010
2202013
3021202
1104301
3103120
203203
203200
1022410
3103210
1022401
3103201
203212
3021310
2300401
1432000
2202100
121300
2202103
203221
121303
2300410
23002
3021301
203230
121312
2120131
23011
23014
121321
2120140
23020
23023
121330
23032
1301011
1104400
23041
1301014
4201030
2120230
1301023
1301020
1301002
2202112
1301041
203302
2120200
2202121
2120203
203311
2202130
2120212
203320
1301032
121402
2120221
23101
23104
2202211
121411
23110
23113
2202220
121420
2120302
23122
2120311
23131
1301104
2022013
2022010
23140
1301110
4201000
1301113
2022004
3103300
4201003
2022001
4201012
3021400
2202202
4201021
1301101
3300022
400003
400000
2022040
1301140
203401
400012
3300031
203410
1301122
2022031
3300001
400021
3300004
3300010
400030
1301131
2022022
2202301
400024
3300013
2120320
23200
23203
400033
23212
400042
4201201
23221
4201210
23230
1301203
1301200
2022103
2022100
4201102
1301212
4201111
2104000
4201120
400102
1121011
2104003
2202310
1121014
400111
2022130
2104012
1121020
1121023
2120401
400114
2104021
1301221
2022121
3300040
2120410
1121002
1301230
400123
2104030
2022112
400120
1121041
2202400
400132
23302
2104102
400141
2104111
23311
3300130
4201300
23320
2104120
1121032
4021030
4021021
3300112
2022202
1301302
4021012
3300121
1203001
1301311
1203004
3300103
4021000
3300100
4021003
3300211
1121104
1203031
1121110
1121113
4021111
400204
3300220
400201
1203010
4103020
2022220
4021102
400213
400210
1203013
3300202
400222
1301320
1203022
1121101
4103011
2022211
220003
400231
220000
4103002
1121140
23401
433000
220012
1203040
23410
1121122
400240
220021
1121131
220024
220030
220033
4103101
2022301
3120040
220042
1301401
1203103
1203100
1121200
1121203
3120013
1203121
3120010
1203130
400303
2104201
400300
3120004
1121212
3120001
3120031
1301410
2104210
302002
2022310
3120022
302014
1203112
4021120
400312
302011
302020
302023
220102
400321
3120103
3120100
2104300
400330
220111
220114
302032
1121221
3202021
3120121
220123
220120
302041
3202030
1121230
3120112
3202000
3202003
3300310
4021210
220132
4021201
3202012
220141
4103110
3300301
3300400
1203220
3202102
1121302
4021300
1121311
3202111
1203202
302101
1023004
400402
1023001
1203211
302110
302104
400411
4103200
2022400
1023022
400420
302113
1023013
220201
1023010
3120130
302122
220204
220210
220213
302131
302140
1023031
1121320
220222
40000
40003
2301031
220231
40012
1023040
2301040
220240
40021
40024
40030
40033
3120202
1121401
2301001
40042
2301004
1023103
2301010
1023100
3120220
2301013
1203301
3202120
302200
1203310
3120211
2301022
302203
302212
3120301
1023112
302221
220303
2301103
220300
2301100
302230
3202210
3022012
1121410
122002
1023130
3120310
122011
2301112
220312
3022003
3022000
1023121
122014
4300000
4300003
220321
122020
122023
40102
220330
3202201
4300012
40111
122032
40114
4300021
122041
40120
40123
4300030
1400020
1400023
40132
3202300
40141
1400002
1203400
302302
1400014
1400011
3022030
2301121
204001
302311
1023211
204004
2301130
204010
3022021
1023202
204013
220402
302320
122101
1400032
204022
220411
122104
1023220
1400041
204031
122110
122113
3022120
4300102
2301220
220420
2121001
40201
122122
204040
2121004
40204
4300111
2121010
122131
40210
2121013
40213
4300120
122140
40222
2121022
3104011
1400113
40231
3104002
1400122
1400101
40240
3022111
2301202
2301211
3022102
3104020
1400110
1400104
3120400
3104110
1023310
204103
302401
204100
3104101
1023301
302410
204112
1400131
2301301
3022201
2203000
1400140
122200
2203003
122203
204121
2301310
204130
122212
2121031
40300
122221
40303
2121040
122230
40312
1400212
2121121
40321
1400221
40330
2121130
1400200
1400203
1220023
2203012
1220020
1023400
204202
2203021
2121100
3022210
2121103
1220002
204211
1400230
2203030
2121112
1220011
1220014
122302
204220
24001
24004
2203111
122311
24010
24013
2203120
122320
1220032
2121202
40402
24022
1220041
40411
2121211
24031
4120030
1400311
1302001
40420
3104200
1302004
4300201
24040
1302010
4120021
1302013
3022300
4120012
4300210
1400302
2301400
4120003
4120000
2203102
1220113
4120120
1220122
1302040
204301
4120111
1400320
1302022
204310
1220101
4120102
1220104
1220110
1302031
122401
2121220
24100
24103
122410
24112
1220131
4202101
24121
4202110
1220140
24130
1400401
1302103
2023003
2023000
1302100
4300300
1400410
4202002
4202011
2203201
1302130
4202020
1220212
2023030
2203210
401002
1220221
401014
1302112
2023021
204400
401011
2121301
1220203
401023
1220200
1302121
401020
2023012
2121310
1040014
1040011
2203300
24202
1040002
401032
24211
3301030
1220230
401041
4202200
1040023
2121400
1040020
24220
2023102
3301012
1040041
1302202
4120210
3301021
1040032
4120201
3301003
3301000
1122001
3301111
1220311
1122004
4022011
401101
1122010
1122013
2023120
4022002
1302211
401110
4120300
401104
2023111
1220302
3301102
1302220
401113
1040110
401122
1040104
1122040
1040101
401131
24301
1220320
401140
1040122
24310
1122022
1040113
1122031
1040140
2400040
1040131
1302301
2400004
1220401
2400001
1122100
1122103
1204021
1220410
2400013
1204030
2400010
1204003
2400022
1204000
3301120
2023210
1302310
401203
401200
4022020
401212
2400031
1204012
2023201
2400100
2400103
401221
1122130
3121003
1040203
3121000
1040200
401230
221002
221011
24400
1122112
1040221
3121021
2400112
221014
1122121
1040212
3121012
221023
2400121
221020
4022110
3301201
4022101
3301210
1040230
221032
221041
4104010
4104001
4022200
3301300
3203002
1204120
1122202
401302
1302400
1204102
303004
401311
2023300
4104100
1204111
303001
303013
1040302
2400130
303010
3121030
303022
401320
221101
1122211
303031
221104
221110
1040311
221113
1122220
2220001
221122
303040
2220004
221131
2220010
2220013
1040320
3121120
2220022
221140
2220031
1204210
3121102
1122301
2400202
3203011
2400211
3121111
2400220
303100
303103
1204201
3203020
401401
1024012
401410
2400301
303112
1024003
1024000
2302003
221203
1024030
2400310
2302000
221200
303121
1040410
3121210
3203110
1122310
1024021
303130
1040401
3121201
2302012
221212
221221
2220040
41002
3203101
221230
41011
41014
41020
41023
2220130
41032
41041
1204300
1024111
2220100
2220103
303202
2302021
1024102
2302030
303211
303220
2220112
1122400
221302
1024120
2220121
123001
221311
123004
3023020
123010
123013
4301002
2220202
2302120
221320
3023011
41101
123022
41104
4301011
2220211
41110
123031
41113
4301020
2220220
1401013
123040
41122
1401010
1401022
41131
3203200
3023002
2400400
41140
2302102
1401004
3121300
2302111
1401001
2040031
303301
1401040
1024201
2040022
303310
1401031
2040013
3023101
2040010
2302201
221401
2040004
123100
1024210
2040001
123103
221410
123112
41200
123121
41203
2040040
123130
41212
41221
2122021
1401112
2122030
41230
1401100
1401103
2302210
1024300
2040121
3023110
2220301
303400
2040112
2122000
2122003
1401121
2220310
2040103
2040100
2122012
1401130
2204002
123202
2204011
123211
3023200
2220400
2204020
123220
41302
2122102
2040130
2122111
41311
3400021
1401202
41320
4301101
3400030
1401211
3400003
3400000
4301110
2302300
3400012
1221010
4121020
2040220
1221013
3400120
2040211
1221022
4121011
1401220
4121002
3400102
2040202
1221001
3400111
1221004
1221040
123301
2122120
123310
1221031
4203001
41401
1401301
41410
2122210
1303003
1303000
1401310
4301200
2204101
1303030
2040310
1221112
2204110
2040301
1303012
2122201
1221103
1303021
1221100
3220021
320002
2204200
123400
320014
3220030
320011
320020
3220000
3220003
320023
1221121
1221130
4203100
2122300
3220012
3400210
320032
4121110
320041
1303102
1401400
4121101
3400201
3302002
1221202
4203010
1303120
3302011
1221211
2024020
4121200
2040400
402004
1303111
2024011
402001
402013
2024002
402010
3400300
402022
320101
1041004
1041001
402031
320110
320104
1041022
320113
1221220
1041013
1041010
320122
402040
320131
320140
1041031
1041040
1221301
1123000
3220120
1123003
1221310
2024110
402103
1303201
402100
3302020
3220102
1303210
2024101
3220111
1041103
1041100
3220210
402112
1123030
2401000
320200
2401003
320203
402121
320212
2401012
402130
1123012
1041112
3220201
320221
2401021
1123021
4023010
140002
320230
4023001
1041130
3302101
140011
3302110
140014
1041121
140023
140020
4023100
140032
3302200
1221400
140041
1123102
2024200
1303300
402202
1123120
2401030
3040012
402211
320302
402220
3040003
3040000
3040030
222001
320311
1041211
1123111
222004
222010
3040021
1041202
222013
3040111
320320
2401120
222022
140101
3040102
140104
3122020
1041220
140110
222031
140113
3040120
140122
222040
140131
2401102
140140
2401111
3122011
402301
3220300
3122002
402310
304000
304003
304012
1123201
3204001
3122110
1041310
304021
222103
320401
2401201
222100
304030
3204010
3122101
1041301
1123210
320410
2401210
222112
4400101
140203
140200
222121
4400110
222130
140212
140221
4400002
140230
2221030
4400011
4400020
304102
402400
3040201
2221000
2221003
304111
1123300
2221012
1041400
222202
3040210
304120
2221021
2303011
222211
3040300
4400200
140302
2303020
222220
2221102
42001
42004
140311
2221111
42010
42013
4220002
140320
42022
4220011
42031
2401300
4220020
3204100
3122200
42040
2303002
1320022
1320031
304201
1320004
1320001
304210
1320013
2303101
1320010
222301
124000
2221120
124003
222310
124012
140401
42100
124021
42103
140410
1320040
124030
42112
4220101
1402000
1402003
1402012
42121
4220110
42130
2041021
1320112
3024010
2303110
304300
2041012
1320121
3024001
1320100
2221201
1402021
1320103
2041003
2041000
1402030
2221210
2303200
222400
124102
3024100
124111
2221300
1320130
2041030
124120
2123002
42202
1402102
42211
1402111
42220
4302001
4302010
3401011
1320211
2041111
1320220
3401020
2041102
3401002
1402120
1320202
2123011
1140022
124201
2123020
1140031
1140001
124210
1140004
1140010
1140013
42301
2041120
2123110
42310
1402201
4302100
1140040
1222003
1222000
1320310
2041210
4220200
4040020
2041201
1222012
4040011
1402210
1320301
2123101
4040002
1140112
1140121
124300
4040110
1140100
1140103
1222021
4040101
1222030
4204000
42400
4122010
3401110
1402300
4122001
1140130
3401101
3401200
1320400
1222102
1304020
4122100
2041300
1222111
1304002
1304011
2123200
1140211
321004
1140220
321001
321013
321010
321022
1222120
1140202
321031
321040
3221011
1222201
3221020
4040200
1304101
3221002
403003
1304110
403000
403012
3221110
1140310
321100
403021
321103
3303010
403030
1222210
1042012
3221101
1042003
1140301
321112
1042000
1042030
321121
1042021
3303001
321130
3303100
1222300
403102
1304200
2320003
403111
1140400
2320000
1124020
2320012
1042111
1124002
2320021
403120
321202
1042102
1124011
2320030
321211
2402020
321220
3041002
2320102
1042120
141001
2320111
141004
141010
3041020
141013
2320120
141022
3041011
3221200
141031
141040
2402002
4024000
2402011
403201
403210
10000
2402101
321301
10003
1124101
3123001
1042201
223003
2402110
321310
223000
10012
1124110
10021
223012
10024
4401001
141103
1042210
10030
223021
141100
4401010
10033
223030
141112
10042
2140000
2140003
141121
141130
2140012
2140021
2140030
403300
3041101
2320201
3123010
2320210
1042300
10102
3041110
1124200
321400
223102
10111
10114
223111
10120
10123
2320300
4401100
141202
2222002
223120
10132
141211
2222011
10141
3041200
10144
141220
3123100
2402200
10201
10204
223201
10210
2222020
10213
2140102
223210
10222
2140111
141301
10231
43000
2140120
10234
43003
141310
10240
10243
43012
4221001
2140201
43021
4221010
2140210
43030
1321012
2304001
2304010
1321021
2222101
1321000
10300
1321003
2222110
10303
223300
2304100
10312
10321
1321030
10324
2222200
10330
141400
10333
43102
10342
43111
1403002
43120
1321111
2042011
2042002
1403011
1403020
1321102
420004
10402
420001
10411
420013
2140300
420010
10414
420022
1321120
10420
10423
420031
2042020
10432
2124001
43201
1403101
10441
2124010
43210
420040
4303000
2042110
1321201
3320020
2042101
4221100
1321210
3320002
1403110
3320011
420103
420100
1141012
1141021
4041010
4041001
420112
3320101
1141000
1141003
3320110
420121
3402001
43300
420130
3402010
1141030
1321300
4123000
3402100
2042200
1223002
1010014
1010011
1403200
1010002
2124100
1141111
1010023
1010020
420202
1223011
1010044
420211
1010041
420220
1223020
1010032
1141102
240001
3140011
240004
240010
3140002
240013
1141120
240022
3140020
240031
240040
1223101
4041100
1010110
1010104
3320200
1010101
3222001
1141201
1010122
3222010
420301
1141210
1010113
1010143
420310
1010140
322000
1223110
322003
322012
1010134
1010131
322021
240103
240100
322030
240112
240121
240130
1010203
1010200
3140110
1010221
404002
1141300
3140101
1010212
404011
1223200
404020
322102
1043002
1010233
420400
1010230
322111
1010224
1043020
3140200
2321002
240202
1043011
322120
1010242
2321011
240211
2321020
240220
3222100
1010302
3304000
404101
1010314
404110
1010311
1043101
1010332
1010323
2403001
322201
1010320
322210
1043110
1010341
240301
142003
142000
240310
142012
142021
142030
1420021
1010413
1010410
2403010
1420030
1010404
2321101
404200
1010401
1010431
3042010
1420000
2321110
1420003
322300
1010422
1420012
11002
3042001
224002
11011
11014
1010440
224011
11020
3124000
1043200
11023
4402000
2321200
240400
142102
224020
11032
3042100
142111
11041
11044
4320100
142120
2403100
4320001
4320010
1420120
1420102
1420111
11101
11104
11110
224101
11113
2141002
224110
11122
2141011
11131
142201
2141020
11134
142210
2223010
2010013
2010010
11140
11143
2010004
2141101
2010001
2141110
2010043
2010040
1420210
2010034
2010031
2223001
2010022
1420201
11200
11203
1240021
224200
1240030
11212
1240003
1240000
4140010
11221
11224
2223100
4140001
142300
11230
1240012
11233
44002
2010103
2010100
11242
44011
44020
2010142
1322002
2010133
2010130
1322011
2010124
2010121
1420300
2010112
11302
1240120
11311
1322020
2141200
11314
1240102
11320
11323
1240111
2010202
11332
44101
11341
44110
1322101
2043001
2010232
1322110
4222000
2010223
2010220
1404001
2010214
4140100
2010211
1404010
3321010
1240210
11401
11404
421003
421000
11410
421012
11413
3321001
1240201
421021
2043010
11422
2010241
421030
2010301
11431
44200
11440
2043100
2010331
3403000
1322200
2010322
1404100
2010313
2010310
2010304
1142002
421102
1142011
421111
2010340
1240300
2420002
421120
2420011
2420020
1142020
2010430
2010421
4042000
2010412
1011004
1011001
2010403
3321100
2010400
1011022
1142101
1011013
1011010
1142110
1224001
1011034
421201
1011031
1224010
421210
241003
241000
1011043
1011040
241012
241021
241030
1011103
1011100
2420101
3141001
1011112
1142200
2420110
421300
1011133
110002
1011130
1224100
110011
1011124
3141010
323002
1011121
110014
3010030
3141100
3010024
110020
110023
323011
323020
3010021
1011142
2420200
241102
110032
241111
3010042
110041
3010033
110044
241120
3223000
3010012
3010000
3010003
1011214
1011211
1011202
3010111
110101
1011223
323101
110104
1011220
3010102
110110
2240002
110113
323110
1044010
1011241
2240011
110122
1044001
1011232
110131
241201
2240020
110134
241210
110140
110143
2240101
2240110
1011310
3010120
3010123
1011304
1011301
3010114
3010141
2322001
1011322
2322010
3010132
110200
110203
1011313
3010222
1011340
2404000
323200
110212
3010213
1044100
1011331
110221
3010210
110224
3043000
2322100
241300
110230
143002
110233
3010231
143011
110242
4321000
143020
3010204
3010201
1011403
1421011
1011400
1421020
3010300
3010303
1011421
1011412
1421002
110302
12001
12004
110311
1011430
2240200
12010
110314
3010240
12013
110320
110323
12022
110332
143101
12031
12034
143110
110341
12040
12043
2142001
2142010
1421110
3010312
3010330
1421101
3010321
110401
12100
110404
3010411
12103
110410
110413
3010402
12112
3420001
110422
3010420
12121
12124
3420010
110431
143200
12130
2011003
12133
2011000
110440
12142
1421200
2011033
2011030
2011024
2011021
2011012
2224000
1241011
12202
1241020
12211
2142100
12214
1241002
2011042
12220
12223
2011102
12232
12241
1110001
2011132
1110004
1110010
1323001
2011123
1110013
2011120
3420100
2011114
4141000
2011111
1110034
4010041
1241110
1110040
1110043
4010032
12301
12304
1323010
1110022
12310
4010020
12313
4010023
2011141
1241101
1110031
12322
4010014
340000
4010011
340003
340012
12331
4010002
340021
12340
340030
2011231
4010110
1110100
4010104
1110103
4010101
2011222
1323100
2011213
2011210
2011204
2011201
1241200
1110130
1110133
1110142
3240001
1110112
12400
12403
422002
2011240
1110121
3240010
1110124
12412
422011
2044000
422020
340102
12421
340111
12430
3240100
340120
4010140
3322000
2011321
1110202
4010131
2011312
4010122
2011303
2011300
4010113
1143001
1110232
4010230
4010221
1110211
422101
1110214
422110
4010212
2011330
1110220
1110223
4010200
4010203
340201
1110241
1143010
340210
2011420
4010302
2011411
1110301
2011402
1110322
1012012
1110331
1012003
2421001
1143100
1012000
1110304
1012030
2421010
1110310
1012024
1110313
1012021
422200
1012042
2421100
340300
1012033
242002
1110340
242011
3142000
242020
4010320
4010311
1012111
1110421
1012102
1110430
1110400
1110403
1012123
4010410
3011002
1012120
111001
4010401
1110412
1012114
111004
1012141
111010
111013
324001
1012132
324010
111022
242101
111031
111034
242110
111040
111043
2241001
3011041
2241010
3011020
3011023
4420000
1012204
1012201
3011014
3011011
1012222
3011032
1012213
111100
1012210
111103
324100
3011113
1012231
111112
3011110
3011104
2110000
111121
2110003
111124
3011131
2323000
242200
111130
2110012
111133
3011122
1012240
111142
3011101
1012303
1012300
1012312
1340020
111202
1012330
2110021
2110024
3011140
111211
2110030
2241100
1012321
111214
2110033
111220
1340002
111223
2110042
1340011
111232
2110114
144001
2110120
144010
111241
2110123
2110132
2110141
3011212
1422001
3011200
3011203
1422010
3011230
1012411
2110102
3011221
1012402
2110111
4240000
3011311
111301
13000
111304
3011302
13003
1012420
111310
111313
1340101
13012
3011320
2110201
1340110
111322
2110204
13021
13024
111331
13030
144100
13033
111340
13042
2110240
1422100
2110210
2110213
111400
111403
2110222
13102
111412
13111
2110231
2143000
13114
1340200
111421
13120
13123
111430
2110312
13132
2110321
13141
2110330
3011401
2012023
2012020
2012014
2012011
3421000
2110300
2012002
2110303
3011410
1242001
1242010
13201
13204
2012041
13210
13213
2012032
13222
13231
13240
4011004
4011001
2012122
1111000
1111003
2012113
2012110
2012104
2012101
1111024
2110402
1111030
1242100
1111033
2110411
2012140
1324000
13300
2110420
1111012
13303
2012131
1111021
13312
13321
341002
13330
1111042
341011
3241000
341020
4011040
2012221
4011031
2012212
1111102
4011022
2012203
2012200
4011013
4011010
1111120
1111123
4011130
4011121
1111132
3110014
210001
3110011
4011112
1111111
210004
2012230
210010
1111114
13402
3110002
210013
423001
4011100
4011103
13411
423010
210022
341101
210031
13420
210034
341110
1111141
210043
210040
2340001
2340010
2012311
2012302
1111222
3110023
3110020
1111231
1111201
210103
1111204
3110041
210100
423100
1111210
1111213
2012320
3110032
210112
3110122
210121
3110113
210124
1144000
210130
3110140
2422000
341200
210133
1111240
3110131
210142
2012410
4011220
2012401
3110110
4011211
3110104
3110101
4011202
1111312
1013002
1111321
1013023
4011310
1013020
3110203
1111300
3110200
1111303
4011301
1013014
210202
1013011
210211
210214
2340100
1013032
210223
210220
30001
1111330
30004
30010
243001
210232
30013
1013041
243010
210241
30022
30031
30034
30040
30043
3110221
1013101
1111411
3110212
1111420
1013113
3110230
1013110
1111402
210301
1013104
3012013
112000
112003
210304
1013131
210310
3012010
3110311
3012004
210313
3012001
1013122
112012
210322
3012031
30100
112021
30103
210331
112024
1013140
3012022
3110320
112030
243100
30112
112033
210340
30121
112042
30124
3110302
30130
4011400
30133
30142
1013212
1013203
1013200
210403
1013230
210400
3012040
112102
1013221
112111
210412
2242000
112114
210421
112120
30202
112123
210430
2111011
30211
112132
2111014
30214
2111020
30220
112141
2111023
30223
3012130
2111032
30232
30241
3110410
3012100
3012103
3110401
1013311
3012121
1013302
2111002
3012112
1341010
1013320
3012202
112201
112204
3012220
112210
112213
1341001
2111101
30301
3012211
112222
30304
2111041
30310
112231
30313
112240
30322
30331
1210003
1210000
4110013
4110010
2111140
30340
4110004
1423000
1210012
4110001
1013401
2111104
1210033
2111110
1210042
2111113
1013410
112300
112303
2111122
14002
1210021
1341100
112312
1210024
2111131
14011
1210030
14014
2111200
30400
112321
2111203
30403
440002
14020
14023
112330
2111212
30412
440011
14032
3340000
440020
2111221
30421
14041
2111230
30430
3012301
1210102
4110040
1210111
4110031
4110022
3012310
1210132
4110130
1210141
1210114
112402
14101
4110121
14104
1210123
112411
1210120
3012400
4110112
14110
14113
440101
112420
440110
4110103
4110100
14122
14131
14140
2013022
4110202
2013013
1210201
2013010
1210204
2013004
2013001
1210231
2111302
1243000
2013040
2111311
1210210
1030012
1210213
2111320
14200
2013031
14203
1030003
1210222
1030000
1030030
14212
1030024
2111401
1030021
14221
440200
2111410
1210240
1030042
14230
1030033
2013112
1210303
1210300
2013103
4110220
2013100
4110211
4012030
1210321
1112020
1112023
1210330
4012021
1030111
4012012
1112002
2013130
4110310
1030102
1210312
1112011
4012000
4012003
14302
1112014
2013121
4110301
1030123
1030120
14311
1030114
14320
1112032
1030141
342001
1112041
1030132
342010
2013211
2013202
1112113
1210420
1112122
1210402
1030204
1112101
1030201
211003
1112104
1210411
2013220
211000
1112110
1030222
3111022
14401
424000
211012
3111013
1030213
14410
3111010
1030210
211021
342100
1112131
211024
211030
3111031
1030231
211033
1112140
2013310
211042
4012120
2013301
1030240
4012111
3111004
3111001
4012102
4110400
1112212
1112221
4012210
1030303
3111103
1030300
3111100
4012201
1112200
1112203
211102
211111
1030312
211114
2341000
3111040
211123
211120
1030330
1112230
1030321
211132
2210020
2210023
211141
2013400
2210032
2210041
3111112
1112311
1014013
2210002
3111130
1014010
2210011
1014004
3111121
1112302
1014001
2210014
1014031
211201
1030411
3111211
211204
1014022
211210
3111202
1030402
211213
1112320
1440001
2210101
211222
1014040
31000
2210104
3111220
31003
1030420
211231
1440010
2210110
244000
31012
211240
31021
31024
4012300
31030
31033
1112401
31042
1112410
1014103
1014100
2210113
211303
1014121
211300
2210122
113002
1014112
1440100
2210131
113011
211312
113014
211321
2210140
1014130
113020
113023
31102
211330
2210212
31111
113032
31114
3013030
2210221
113041
31120
31123
2210230
31132
2030014
3111310
3013000
2030011
31141
3013003
3111301
2030002
3013021
1014202
2210200
3013012
2210203
1014220
3013102
2030041
3111400
211402
1014211
113101
2030032
211411
113104
113110
113113
2030023
3013111
2030020
2210302
211420
31201
113122
31204
113131
31210
31213
113140
31222
31231
2030110
2030104
2112040
31240
2030101
1014301
2112001
2030140
1342000
2112004
2210311
1014310
2112010
2030131
3013120
2112013
2210320
113200
113203
2030122
2112022
113212
2030113
2112031
2210401
31300
2112100
113221
31303
2112103
2210410
113230
2112112
31312
2112121
31321
31330
2030203
2030200
1211002
3013210
3013201
4111030
2030230
1211032
1014400
1211011
2030221
4111021
1211014
113302
3013300
2030212
4111012
1211023
1211020
113311
2112130
4111003
4111000
113320
31402
441001
1211041
31411
441010
31420
2030302
4111102
1211101
1211122
1211131
2112202
2030320
1211104
2112211
310000
1211110
310003
113401
310012
2030311
1211113
2112220
310021
113410
3210040
310030
441100
310024
2112301
310033
3210022
1211140
2112310
310042
3210031
3210001
2014012
3210004
3210010
2014003
3210013
2014000
4111120
4111111
3210100
3210103
1211221
1211230
2014030
1211203
1211200
310102
2030410
4111210
1031002
310111
2014021
1211212
2030401
4111201
1031023
1031020
2440000
310114
1031014
1031011
310120
310123
310132
1031032
310141
2014111
2014102
1031041
3210130
1113010
1113013
1211320
1113022
3210112
2112400
1031101
1211302
2014120
310204
3210121
1113001
1113004
1211311
310201
1113040
310213
1031113
310210
1031110
310222
1031104
130000
130003
3030013
3210211
310231
3030010
1031131
1113031
3030004
3210220
343000
1031122
130012
3030001
4013020
130021
310240
2014201
130024
3210202
1031140
4013011
130030
130033
4013002
4111300
130042
1211410
1113112
4013110
3210301
4013101
310300
310303
1211401
2014210
1113100
1113103
3030031
212002
1031212
3030022
212011
1031203
310312
212014
1031200
1031230
1113121
212023
310321
3030040
212020
130102
1031221
1113130
310330
130111
2014300
130114
212032
3030121
130120
212041
130123
3030112
130132
3030130
130141
1113202
3112012
1113211
3112003
3112000
3112030
3210310
3030103
3030100
3112021
3112111
1031311
212101
310402
1031302
3112102
212104
212110
310411
3210400
310420
212113
3030202
1113220
1031320
3112120
2211001
130201
212122
2211004
130204
212131
130210
130213
4013200
130222
212140
130231
2211040
130240
1113301
1113310
3030220
2211010
2211013
1031401
212203
212200
3030211
2211022
2211031
212212
1441000
130300
1031410
130303
212221
32002
212230
3030310
2211112
130312
32011
32014
4210000
2211121
130321
4210003
32020
32023
130330
2211130
4210012
32032
1310002
4210021
3112201
1310011
1113400
32041
1310014
4210030
3030301
2211100
3112210
2211103
3112300
1310032
1310041
212302
114001
1310023
212311
114004
3014011
1310020
114010
114013
3014002
212320
130402
32101
114022
32104
130411
32110
114031
32113
130420
114040
32122
2031004
32131
1310101
2031001
4210120
1310104
32140
1310110
1310131
2211202
3014020
2031031
2211211
3030400
1310140
2031022
1310113
212401
2211220
114100
114103
1310122
212410
2031013
2031010
114112
2211301
2113000
32200
114121
2113003
32203
2211310
114130
32212
2113012
32221
2113021
2031040
2031103
2031100
32230
1310203
1310200
3014110
4210102
3014101
4210111
4030012
1130002
2031130
1310230
1130011
4030000
4030003
1130014
2031121
3014200
2031112
1310212
114202
1310221
1130032
114211
2113030
1130041
114220
32302
1130020
1130023
32311
4210300
32320
2113120
1310302
4210201
4210210
1310320
1130101
1212022
1130104
2211400
2031220
1212031
2113102
1130110
4030030
1212001
1310311
2031211
1212004
2113111
4030021
1212010
2031202
114301
1212013
1130131
114310
1130140
1130113
32401
2113201
4030120
442000
32410
2113210
1212040
1130122
4030111
4112020
4030102
4112011
4112002
1212112
4030201
3211000
1130200
1130203
3211003
1212121
4112110
2031310
1310401
1212103
1212100
1310410
4112101
2031301
311002
114400
311014
1130230
311011
311020
311023
1212130
1130212
1130221
311032
311041
1212211
3211030
1212220
1130302
2113300
3211012
2031400
1212202
311101
3211021
4030210
3211120
1130320
311110
1032013
311104
1032010
1032004
311113
1032001
1032031
2310001
1130311
311122
3211111
2310004
2310010
1032022
2310013
311131
311140
4030300
1032040
3211102
4112200
1114000
1114003
1212310
4014010
4014001
1114012
1212301
311200
2310022
311203
311212
1032103
1032100
2310031
1130401
311221
1114021
1032121
311230
1130410
2310040
131002
1114030
1032112
131011
2310112
3031021
131014
2310121
3031012
1032130
131020
131023
2310130
3031030
131032
131041
1212400
1114102
1114111
3211201
2310103
3031003
3031000
2310100
3211210
