1110032
311300
4100
1032200
3113000
4103
213002
12302
14
4112
1200131
430100
2302001
221201
4010030
1110020
2101301
1110023
12311
23
4121
2302010
221210
2310200
131102
2101310
213020
12320
32
4130
340001
2003003
131111
2003000
41000
41
41003
4010000
4010003
340010
4100111
131120
4010111
2130020
1200212
41030
2003030
2011220
1200221
2003021
2011211
1200203
1200200
2003012
2011202
1110131
303200
104
4202
1020002
1110113
113
2130002
4211
1200230
422000
221300
1020023
1110122
122
1020020
123002
4220
2003102
2212001
340100
131
131201
134
131210
2220200
4301000
2212010
140
123020
1020032
143
41111
1102004
1200311
1110200
1401020
1110203
1102013
2003120
2011310
3023000
2302100
2101400
2003111
2011301
1200302
1401002
1110230
1102040
2040020
203
4301
1200320
213200
1110212
212
1020122
1102022
4310
4002020
2040002
1110221
221
1020113
1102031
224
332000
131300
230
233
33002
1020131
4002002
4100300
242
33020
4010300
1102103
1311002
1110302
2003210
2011400
2003201
1110320
1102130
1012013
1020203
2212100
1020200
201002
1012004
302
1102112
1012031
2122001
1020221
1110311
1311020
2130200
1012022
1102121
2122010
314
1020212
201023
201020
320
2204000
123200
323
1012040
1020230
3101030
201032
332
242000
41300
2122100
341
3101003
1401200
1102202
3400001
3101021
4211000
3400010
2003300
3101012
1020302
3101102
1012103
1221020
401
1102211
410003
2032010
4121000
3011003
1012121
410000
2040200
3400100
1020311
1221002
201113
410
111002
1102220
413
2032001
1012112
201122
4002200
422
410030
201131
111020
1012130
111023
1020320
431
33200
111032
2200040
1102301
2200001
3011021
1430000
2200004
1012202
3011012
1131002
2200010
1004003
2200013
1004000
3101120
2114000
201203
1004030
1012220
201200
1311200
1102310
2200022
410111
3011030
2032100
1012211
2200031
201212
320000
2200100
201221
2200103
320003
111113
320012
21002
201230
3220001
2200112
320021
111122
2110004
2200121
320030
111131
3220010
21020
1131020
3011120
2110013
21023
4031000
21032
3011102
3101210
3101201
1004111
1213010
3302000
1221200
1012301
1000004
1102400
402002
201302
3003002
1000022
1012310
3101300
1213001
201311
103004
2024000
111200
402020
111203
320102
2200130
1000043
1041002
2110022
1000040
320111
201320
1000034
111212
103022
2110031
230003
1041020
230000
1340000
111221
2110040
21113
320120
111230
230012
2110112
103040
21122
230021
2110121
21131
230030
2110130
3003020
2020031
3011210
2020022
1123001
2200202
3011201
2200211
1000124
2020013
2020010
3220100
1000121
2110103
2020004
410300
2200220
1213100
1000112
1012400
2020001
1000142
312002
111302
3011300
103112
1000133
13004
2200301
320201
111311
2102000
312020
103121
21200
3212000
1131200
2102003
21203
1123010
230102
2020040
320210
2200310
111320
2110202
230111
21212
2102012
13022
140003
140000
21221
230120
21230
13040
140030
1004300
1000202
2020121
1123100
2020112
1000223
1000220
1000214
2020103
2020100
1000211
402200
2110211
103202
3040010
2102021
1000232
320300
103211
2110220
2102030
3040001
222002
103220
21302
13112
230201
2020130
1000241
1041200
21311
13121
2311010
230210
2110310
222020
21320
2102120
3040100
140111
2012030
2020220
1201013
2012021
1201022
2020211
3003200
2200400
2012012
2020202
1000313
2102102
2311001
2012003
2110301
2012000
1201004
3122000
2102111
1000304
1201040
1000331
304001
312200
1000322
304010
13202
1201031
2102201
1000340
13211
431000
230300
2311100
132002
4101020
13220
4310000
4101002
132020
2012120
1410002
4011002
2020310
1201112
1111004
2012111
1000412
2020301
2012102
1000403
1201103
1000400
2110400
304100
1000430
2102210
300002
2221001
103400
1000421
300014
1004
3032000
300020
1410020
1201121
300023
2221010
1201130
222200
1111022
1022
300032
1034
341000
2221100
300041
140300
1111040
1040
42002
1043
2131001
4220000
1201202
42020
3200021
1201211
2004020
2012210
3200030
2020400
3200000
4011020
3200003
2012201
2303000
2004002
2102300
3200012
1320020
1111121
1021004
3200120
300104
1021022
210002
3110012
300113
1320002
1201220
3200102
1111112
13400
1112
1021013
3110003
300122
3200111
1121
2131010
210023
1124
210020
300131
300140
1021031
132200
1133
4101200
210032
1142
1021040
2000030
4003001
2000024
1201301
1103000
1103003
2000021
1201310
1410200
2012300
2000012
2000003
1230002
1021103
3110030
1111220
1103030
2213000
3110021
300200
300203
300212
1111202
1202
2000042
1103012
1021112
300221
1111211
1211
2131100
1103021
1214
2000033
300230
210113
3020012
120002
1220
1021130
1223
3110120
210122
3020003
3020000
1021121
3020030
210131
1232
34001
120020
1230020
120023
2123000
42200
1241
34010
3020021
120032
3200210
2000123
2000120
1201400
2000114
1103102
4130000
2000111
2004200
2000102
3110102
3200201
4011200
4003010
1103120
1013003
1013000
300302
202001
1013021
2000141
300311
1021211
1312001
3110201
1103111
202004
210203
1304
202010
2000132
210200
3401000
1013012
3200300
1320200
3102002
1021202
202013
1312010
1313
4003100
300320
1140020
202022
210212
1013030
1322
1021220
202031
210221
120113
30002
1140002
1331
34100
210230
202040
120122
1340
30014
2000222
120131
30020
30023
2000213
2000210
30032
2000204
2000201
30041
3020111
1013102
1222001
3020102
1222010
1230200
3102020
3110210
2000240
1312100
1021310
1103201
202103
300401
3020120
2033000
202100
1013111
1111400
1400
2000231
1103210
1021301
1403
411002
210302
300410
202112
210311
1412
112004
3020201
2201000
120200
2201003
120203
202121
411020
112013
1421
3012002
1013120
202130
210320
120212
2201012
1430
112022
30104
3012020
120221
3020210
2201021
112031
30113
2000312
120230
112040
3311000
30122
2000303
2000300
3110300
30131
30140
1222100
1304000
1103300
2000330
1013210
3102200
1021400
202202
1013201
2000321
202211
112103
2201030
321002
120302
202220
1132001
112112
22001
22004
120311
321020
112121
30200
1140200
22010
30203
1132010
22013
120320
2201120
4200002
112130
30212
2111012
2000411
22022
2000402
30221
2111021
22031
4200020
2111030
30230
22040
1214000
3020300
1300022
2201102
2201111
1300004
3221000
2000420
1013300
2111003
202301
403001
104000
104003
403010
3012200
202310
411200
3004010
112202
3004001
2201201
112211
22100
1132100
3131000
22103
231002
1300040
2201210
112220
30302
2111102
104030
22112
30311
22121
231020
30320
22130
1300112
2021021
1210004
1300121
2021012
4110002
1210013
2021003
2021000
403100
2320001
202400
100004
2111111
2320010
1210040
112301
104111
14000
2111120
1124000
14003
1210022
321200
100022
112310
2021030
22202
1210031
2111201
30401
100034
22211
3000041
3041000
2320100
141002
100040
100043
2111210
30410
2103020
22220
3000032
14030
2230001
2230010
141020
1300211
3000014
1210103
2021111
3004100
1300220
3000002
2021102
2402000
2201300
1300202
3000020
2103002
3000023
4110020
1210130
3000104
1120022
4020020
1120031
100112
112400
1210112
10004
1120004
3000122
100121
223001
1210121
3000113
1120013
100124
22301
2021120
4020002
1034000
14111
223010
231200
100133
10022
22310
100142
10034
10040
1120040
10043
1202003
1202000
2013020
2021210
4110200
4200200
1210202
1202012
2021201
2013002
1120112
3000140
2312000
2111300
1120121
100202
104300
3000131
1210211
100211
2230100
1120103
100214
1202021
1030004
1202030
100220
1210220
100223
223100
2103200
22400
10112
1030022
100232
10121
3000230
10124
100241
2222000
141200
1120130
10133
1030040
10142
1300400
1202102
3000200
3000203
2021300
1202111
1210301
3000221
3000212
1120211
3000302
1112021
301004
3201020
1120220
1112030
1112000
100304
1112003
2003
1210310
4020200
100313
3201002
10202
301022
3000311
1202120
1120202
14300
2012
1112012
100322
10211
2021
1030121
10214
2024
100331
10220
2030
1030112
10223
2033
301040
100340
10232
43001
2042
2132000
10241
43010
1202201
2013200
1321010
1120310
1112120
3000320
1202210
100400
1210400
100403
1022012
1030202
2102
1112102
1022003
301112
1120301
100412
1321001
1022000
1112111
211004
2111
2300003
10304
1022030
2114
2300000
1030220
3111020
100421
301121
211013
2120
10313
1022021
2123
1030211
211022
100430
2300012
10322
2132
211031
2300021
10331
43100
2300030
2141
2001023
2001020
211040
3410000
10340
1403000
1202300
2001002
3111002
3000410
3000401
3201200
1120400
1112210
1104020
1231001
2042000
1022111
1104002
2001032
301202
1321100
1022102
2201
1112201
2204
211103
301211
10400
301220
2210
10403
420002
2213
1022120
211112
10412
121004
2222
1231010
420020
211121
121013
10421
2231
211130
10430
121022
2240
2210021
121031
2001113
2210030
121040
3021002
2300102
2300111
1231100
2210000
3320000
2210003
3021020
2001131
1022201
203003
203000
2300120
1313000
1112300
2001122
2300
1014002
2210012
2303
3230000
211202
203012
211211
2312
2300201
1014020
1022210
121103
203021
1030400
3111200
2321
2300210
203030
330002
211220
2210102
121112
2330
31004
2210111
121121
330020
2001212
4000031
4000022
121130
2001203
2001200
31022
4000013
4000010
4000001
31040
4000121
1223000
4000112
2001230
1022300
1104200
4000100
4000103
2001221
301400
203102
2120000
2402
2120003
203111
211301
113000
2210120
113003
2411
2120012
211310
420200
121202
203120
2420
113012
2120021
121211
113021
2120030
240002
2001311
2210210
2202020
121220
2120102
113030
2001302
31112
2120111
3140000
31121
240020
2120120
2030012
2030003
2030000
2300300
2202002
2001320
1014200
2210201
3021200
4000130
203201
203210
211400
113102
2030030
121301
322001
113111
23000
1133000
23003
2030021
2411000
2210300
330200
322010
121310
4000220
113120
31202
23012
31211
23021
4000211
31220
23030
4000202
2030111
1301012
2030102
4000310
1301021
4000301
1301003
1301000
1002002
2112002
203300
1002023
2120201
1002020
322100
113201
2120210
2112020
1301030
2030120
1043000
121400
113210
23102
1002032
232001
23111
232010
2321000
240200
2120300
23120
1301111
2030201
1211003
1211000
2022002
2202200
1301102
3001004
1211030
1002122
3300020
400001
400013
400010
1002113
3300002
400022
3001022
1301120
314000
113300
1211012
400031
2022020
1002131
2030210
4111010
1211021
23201
232100
4111001
31400
23210
2030300
4111100
1301201
1301210
1211102
1002203
1002200
400103
1002221
400100
1211120
1121012
2112200
1002212
1121021
310004
1211111
400112
1121000
1002230
2231000
1121003
3001040
400121
2100002
310022
224000
23300
400130
3001121
3210020
2100020
1121030
2100023
310040
3210002
2022200
1301300
1203002
1002302
3001112
1121111
1002311
400202
1211201
1031003
400211
3001211
1031000
1211210
3300200
400220
1203020
1002320
3001202
1121102
2100032
220001
1031021
310112
4103000
220004
2141000
220010
1031012
310121
220013
1121120
134000
220022
1031030
220031
2100131
220040
2010002
1121201
3001220
1121210
400301
1113020
3120002
2010032
400310
2100113
1031102
302000
1412000
1211300
302003
302012
2010023
1113002
2100122
2010020
3002
3120020
310202
302021
220103
3014
310211
220100
1031111
2100200
310220
302030
2100203
3020
3023
220112
2100212
130004
3032
220121
3030002
2100221
1031120
220130
3202001
3041
130022
3210200
3202010
4013000
130040
1322000
3202100
1121300
2010131
1203200
302102
2010122
1023002
3001400
302111
2010113
212003
3104
1023020
212000
1031210
2100230
220202
3113
3030020
302120
1031201
212012
220211
3122
212021
3131
212030
220220
2100320
130112
40001
2002013
3140
2002010
2010203
2010200
130121
2002004
40010
40013
2002001
40022
40031
1113200
3112010
2002040
3120200
2010230
2301002
2100302
3112001
2002031
2010221
2100311
2002022
2010212
302201
2301020
3200
3203
310400
212102
302210
1031300
3112100
212111
3212
220301
122000
1232000
122003
3022010
3221
220310
3030200
2211002
130202
212120
122012
3230
3022001
2010302
4300001
130211
40100
122021
40103
2002103
2002100
4300010
130220
122030
40112
40121
40130
1400030
1101020
2002130
2010320
1101023
1400000
4001000
1400003
4001003
2002121
302300
2010311
1101002
2002112
1142000
204002
3302
212201
2211020
1023200
3311
212210
220400
204020
122102
1101032
3320
122111
32000
32003
2420000
2002202
4300100
122120
2121002
40202
32012
40211
32021
2121020
40220
32030
1310003
1310000
1101113
3104000
1310012
2002220
2301200
1011002
1400111
3022100
4001030
2002211
1011023
200003
1011020
3401
3100004
413000
212300
200012
1101122
3410
114002
200021
1310021
1011032
2203001
122201
3100022
1101131
200024
1310030
200030
3014000
130400
200033
122210
2002301
114020
32102
200042
4001111
40301
32111
40310
32120
1101200
1101203
2031002
1310102
1310111
1101212
2002310
2211200
2203010
200102
1011113
3100040
1220021
204200
1220030
200111
1220003
200114
1220000
2031020
2330000
1011131
1101221
200123
200120
1310120
323000
1011122
122300
1101230
1220012
24002
200132
2113001
32201
3010022
200141
2121200
2113010
32210
24020
3010040
1302002
1101302
1310201
1101311
1003004
3100121
1400300
3010004
2203100
2002400
3100112
1130000
1003022
1130003
1011212
3100202
4030010
1220120
200201
1011203
4030001
1130012
1011200
200204
1011230
200210
1310210
3100220
1220102
200213
1302020
1101320
114200
1011221
3100211
1220111
200222
2240000
20003
200231
4001300
233000
32300
20012
1003040
200240
1130021
20021
20024
20030
1130030
20033
2023001
20042
1310300
4202000
1011311
1220210
3010121
1212020
1003112
1130102
1011302
200303
2113100
3010112
401003
1130111
401000
200300
1212002
102002
1011320
200312
1220201
2023010
2031200
1003121
401030
3010220
200321
3002030
102020
102023
20102
24200
3002021
200330
1040003
3010211
1040000
20111
1040030
102032
20114
20120
1130120
143000
20123
2023100
20132
4030100
1302200
20141
3002012
3010202
3002000
3002003
4112000
1122002
1003211
1130201
3211001
4022000
1003202
200402
401111
3002111
200411
1003220
3002102
1421000
1220300
3100400
311003
1040111
102113
311012
12002
200420
311021
20201
102122
20204
102131
311030
20210
1130210
12020
1122020
20213
12023
20222
12032
20231
2101031
2101040
20240
3002120
2400002
1331000
2101004
1130300
2400020
3211010
2101013
102200
1212200
102203
311102
2101022
102212
3121001
221003
221000
102221
20300
1032002
3010400
20303
2101103
3002210
2310002
12113
311120
102230
221012
2101112
20312
12122
1032020
3121010
221021
20321
2011004
12131
221030
20330
3211100
3002201
4100030
1200023
1200020
1003400
3203000
1122200
2011031
1200002
2011022
3002300
401300
2011013
4100003
4100000
303002
102302
2101121
4001
1040300
311201
102311
2310020
303020
12200
2101130
4010
12203
221102
4013
311210
102320
1200032
20402
221111
12212
4022
430001
131000
1241000
131003
20411
430010
12221
2011040
4031
2011103
2220002
221120
2101220
20420
131012
12230
131021
2220020
131030
1110002
1200113
3121100
2011130
1200122
2400200
2011121
2101202
2011112
2101211
