311301
303111
3
1024011
3113001
2400300
213003
311310
213000
12
1024002
2302002
221202
3031101
303120
21
2302011
221211
24
1024020
3113010
131103
30
131100
3121200
1040400
33
213030
221220
41001
131112
42
3203100
41004
41010
131121
41013
131130
41022
41031
1114200
2130030
41040
1024110
1032300
303201
102
2302020
2220102
3031110
1024101
311400
2220111
303210
111
2130000
114
2130003
213111
221301
120
123000
2220120
123003
123
221310
131202
2212002
132
4301001
2220201
131211
2212011
3023010
41100
141
3031200
41103
144
4301010
2220210
2212020
131220
123030
41112
2130111
1401012
41121
3113100
1401021
41130
2302101
3023001
2302110
1401000
1401003
2310300
303300
2040030
1024200
201
204
3023100
210
1401030
213
2302200
221400
2040003
222
2040000
123111
131301
231
33000
234
33003
131310
240
41202
243
33012
41211
33021
4211010
1401111
2122020
41220
33030
1311000
1311003
1401102
1311030
2212101
300
2220300
303
2212110
2040111
1311012
2122002
1401120
213300
312
1311021
2122011
2204001
321
324
2212200
330
131400
2204010
333
33102
2122101
41301
342
33111
2130300
2122110
41310
33120
1401201
3400020
1311102
4301100
1401210
3400002
3400011
4211001
3310002
1311120
1221012
3310011
2032020
4121010
1221021
410004
402
1311111
2032011
3400101
4121001
410001
1221003
1221000
411
410013
410010
3400110
2032002
414
410022
420
123300
423
410031
432
33201
1221030
4203000
41400
441
33210
410040
1401300
1303002
4211100
1221111
2204100
1131000
1131003
1303011
2032110
2114001
410103
410100
2040300
1311201
3310020
2122200
2032101
2114010
1221102
1311210
1303020
320004
3220020
320001
410112
1131030
320013
320010
410121
320022
1221120
3220002
33300
2114100
410130
1131012
3220011
320031
1131021
4031010
4031001
3310101
3310110
320040
1303101
4121100
3400200
4031100
1000014
1213011
3302001
1221201
1000011
3302010
1221210
3310200
1000002
1213020
1131102
1311300
2024010
1303110
402003
4113000
402000
2032200
1000023
1213002
1000020
410202
2024001
320100
1131120
1000044
320103
1041003
410211
1000041
1041000
402030
410220
1000032
230001
1041021
320112
1131111
230004
230010
1041012
320121
230013
230022
320130
1041030
3130020
230031
230040
1000110
1213110
1221300
1000104
1000101
1123002
1303200
3130011
3220101
1000122
402111
2024100
410301
3130002
1000113
3220110
1213101
1000143
410310
1041102
1000140
312000
312003
1000134
1000131
2401002
320202
3212001
1131201
3130110
1123011
230103
2401011
230100
320211
2401020
1041111
320220
3220200
3130101
312030
3212010
1131210
1123020
230112
140001
4023000
3302100
140004
140010
230121
1041120
140013
230130
140022
140031
1213200
1000203
1000200
140040
1123101
1000221
1000212
3040011
1033002
1000233
410400
1000230
320301
312111
3040002
1000224
222003
320310
1033020
222000
1131300
1041210
1123110
230202
3040020
1033011
1000242
1041201
222012
2311011
3040110
230211
140103
140100
222021
3040101
222030
2311020
230220
140112
140121
140130
1000302
2401101
2401110
1000314
3212100
3122010
3130200
1000311
2311002
402300
3122001
1033101
1000332
304002
1000323
1000320
304011
3204000
304020
1123200
2401200
320400
222102
1033110
1000341
1041300
3122100
222111
2311101
230301
132003
132000
230310
4400100
140202
222120
4310001
140211
4310010
132030
140220
4400001
1410000
1410003
4400010
1410012
1000413
1000410
1000404
1000401
1000431
304101
3032010
2311110
3040200
312300
1000422
304110
1002
2221002
3032001
1410021
214002
2221011
1011
1014
1000440
214011
222201
1410030
1020
2221020
1033200
1023
2303010
222210
2311200
230400
214020
1032
3032100
2221101
132111
140301
42000
1041
42003
140310
1044
4310100
2221110
2131002
4220001
1410102
1410111
4220010
42030
2303001
3114000
1320030
304200
1101
1104
1320000
214101
1110
1320003
1113
214110
1410120
2303100
222300
1122
2131011
124002
124011
1131
2131020
1134
140400
1140
124020
1143
42111
2000031
4220100
2131110
1402002
2000022
1410201
1402011
2000013
2000010
2000004
2000001
1230003
1230000
2041020
2213001
2041011
3024000
1200
2221200
1402020
1203
2213010
2041002
2000043
2000040
1410210
1320111
214200
2000034
1212
2131101
124101
1221
1224
2213100
132300
1230
124110
1233
34002
2123001
1242
34011
1230030
1402101
2000124
34020
4130010
2000121
1410300
1402110
4130001
2000112
4302000
2000103
2000100
1312020
3401010
2041110
4130100
1230111
2000142
2041101
1312002
1302
3401001
2000133
2000130
1312011
1311
2131200
1314
2123010
1140021
1320
124200
1323
1140030
1140000
1140003
1332
34101
42300
1140012
1341
34110
2000223
2000220
2000214
2000211
1402200
2000202
4212000
1222002
1222011
2033010
2041200
2000241
1312101
2033001
2000232
4040010
1320300
1401
1312110
4040001
1404
2123100
411003
411000
411012
1410
1413
1140120
411021
1422
3311010
411030
1222020
1140102
1431
34200
4040100
1140111
1440
2000313
2000310
3311001
4122000
2000304
2000301
3401100
1222101
2000340
1222110
1230300
3311100
1304001
2033100
2000331
411102
1304010
2000322
1312200
411111
1140210
1132020
321000
321003
1132002
411120
1140201
1132011
2410020
2000412
321030
2000403
2000400
3221010
1214001
1001004
1001001
1214010
1222200
2000430
1001022
2410002
1304100
3221001
1001013
2000421
403002
4032000
1001010
2410011
403011
1001034
411201
1001031
403020
411210
2410101
321111
1042011
1132101
3131001
231003
2410110
231000
1001043
1140300
3221100
1042002
1132110
1001040
3303000
1042020
231030
1001103
1001100
1214100
1001112
403101
403110
2320002
411300
1001133
100002
1001130
2320011
100011
1001124
3131010
313002
1001121
100014
1124001
1042110
100020
100023
2320020
313011
313020
1132200
1001142
1042101
1124010
100032
231111
2320101
3041001
3000042
100041
141003
141000
3000033
2320110
100044
2230002
141012
2230011
3041010
141021
3000012
141030
3000000
3000003
1001214
3000030
3131100
1001211
3000024
2402001
3000021
3213000
2410200
1001202
2402010
3000111
100101
403200
1001223
313101
100104
3000102
1001220
100110
321300
2402100
100113
313110
10002
3000120
1124100
1034010
3000123
1001241
3123000
1042200
223002
100122
10011
1034001
10014
3000114
1001232
223011
100131
10020
2230020
100134
10023
4401000
141102
100140
100143
223020
10032
141111
10041
10044
2140002
141120
2140011
1001310
2140020
1001304
1001301
3000141
3041100
2312001
1001322
3000132
100200
2312010
100203
2320200
1001313
1001340
313200
100212
10101
2230101
10104
1034100
2230110
100221
1001331
223101
10110
100224
10113
223110
3033000
231300
100230
2312100
133002
100233
3000231
10122
2222001
133011
100242
141201
10131
10134
141210
4311000
2230200
2222010
10140
3000240
133020
10143
3000204
3000201
1411002
3000222
1001403
1001400
3000213
3000210
3000300
3000303
1001421
1001412
100302
2001
2004
3000312
1411011
100311
10200
1411020
1001430
2010
100314
10203
2013
100320
100323
223200
10212
2140101
2022
100332
10221
2140110
133101
2031
10224
2034
133110
100341
141300
10230
2040
10233
43002
2043
2132001
10242
43011
4221000
1411101
2140200
2132010
43020
2304000
3000330
1321011
1321020
3000321
100401
1411110
2100
2222100
100404
2103
100410
100413
1321002
10302
2112
100422
10311
3000420
2121
10314
2124
100431
10320
2214000
133200
2130
10323
2133
100440
10332
43101
2142
3410001
10341
43110
1403001
3410010
2001003
3000411
2001000
3000402
3410100
1321110
2042010
4131000
1231002
2042001
1411200
2001033
1403010
2001030
1321101
2202
10401
2211
10404
2132100
420003
420000
2214
10410
2220
10413
2223
1231011
10422
420030
2232
1231020
10431
2124000
43200
2241
2001114
10440
2001111
1403100
1321200
1313010
1100022
2001141
2042100
1231101
1100031
1100001
3320001
1100004
3320010
1100010
1313001
2301
1100013
3230001
2304
1141011
2310
420111
2313
3230010
1141020
2322
1100034
4000041
1231110
4041000
330000
3320100
330003
1100040
330012
1141002
2331
1100043
4000032
330021
3402000
2340
4000020
4000023
330030
4000014
4000011
4000002
1100112
4000122
1100121
1223001
4000113
1100124
2034000
1010013
4000110
1100100
4000104
1010010
1100103
4000101
2001222
1313100
1010004
1010001
2400
1010031
2403
412002
1141110
1010022
2412
412011
1223010
1231200
412020
1100130
330102
1010043
2421
1100133
1010040
330111
1141101
1010034
2430
1100142
240003
240000
3140010
2001303
2001300
330120
3140001
240030
1100211
3230100
1100214
2001330
1100220
1223100
1100223
4000140
3312000
1010103
1100202
1010100
4000131
3222000
1141200
1100241
412101
1133010
1010124
1010121
412110
420300
1010112
1010142
322002
1133001
1100232
1010133
4000230
330201
2411001
1010130
322011
4000221
322020
330210
4000212
240111
4000200
4000203
1100304
1100310
1100313
4000311
4000302
1010202
1002003
2001411
1100301
1002000
1010223
1002030
1010220
1100340
2411010
404001
1010214
3140100
404010
1010211
412200
322101
1100322
1043001
1010232
330300
322110
1100331
1133100
1002033
232002
232011
2321001
1043010
1010241
3132000
2321010
232020
1100400
1100403
1100412
1002111
1010301
2411100
4000320
404100
1010313
3001002
101001
1010310
1002114
101004
1010304
3001020
3001023
1002141
1043100
101010
1010331
101013
314001
1100421
3001014
2403000
322200
1010322
3001011
314010
1100430
101022
232101
101031
4000410
1010340
101034
4000401
232110
240300
142002
101040
101043
142011
2231010
142020
4410000
1002222
1420020
1010412
3001032
1010403
101100
101103
2321100
1010400
314100
1010430
1420002
101112
11001
1010421
2231001
3001041
11004
3042000
1420011
2100000
101121
224001
11010
2100003
101124
11013
3001131
224010
2313000
232200
101130
101133
11022
3001122
142101
101142
11031
3001140
11034
142110
2100030
2231100
3001101
11040
11043
4230000
1002303
1002300
3001113
3001110
3001104
4320000
1330002
1330011
1420101
3001212
101202
1002330
101211
1420110
11100
3001200
3001203
101214
11103
2100033
101220
101223
224100
11112
2141001
1330020
101232
11121
2141010
134001
11124
134010
101241
142200
11130
11133
11142
2141100
2100141
2010003
2010000
1330101
3001230
1002411
3001221
1330110
2100111
2010033
2010030
2100114
1412001
101301
3000
2223000
101304
3003
1420200
1412010
101310
101313
11202
3012
3001320
1240020
101322
11211
3021
11214
1240002
3024
101331
11220
3030
134100
11223
3033
1240011
101340
2100222
4140000
11232
2010111
44001
3042
11241
44010
3001311
3001302
2010141
1322001
3411000
1330200
1322010
1412100
3001401
101400
101403
2010114
3102
101412
11301
3111
2133000
11304
3114
101421
11310
3120
11313
3123
1240101
101430
11322
1240110
3132
2002014
11331
44100
3141
2002011
2100330
2002002
11340
1322100
2043000
2002041
2100300
2002032
2100303
3001410
2010222
1404000
2002023
2002020
3201
3204
11400
3210
11403
421002
3213
1232001
11412
421011
3222
1232010
3321000
1240200
421020
2100411
11421
3231
2002110
2010303
2010300
2002104
11430
3240
2002101
2002140
4001022
1314000
2010330
1101012
4001013
2002131
1101021
4001010
4001004
2002122
4001001
1101000
1101003
2002113
1142001
1101042
3300
3303
421101
1142010
421110
3312
1101024
1101030
1232100
1101033
3321
331002
3330
2002203
2420001
2002200
331011
331020
2420010
1101111
2002230
3231000
1101114
4001040
2002221
1011003
2010411
1011000
2002212
4001031
1101102
3100014
200001
1011021
3100011
1101141
1142100
200004
200010
3402
1011012
3100002
200013
413001
1101120
1224000
3411
1101123
413010
200022
1011033
421200
4001130
3100023
331101
1011030
3100020
4001121
200031
3420
1101132
1011024
2002302
200034
331110
4001112
200043
241002
200040
1011042
241011
4001100
4001103
241020
1101201
1101204
4001211
1101210
1101213
2002320
4001202
1011102
2002311
2420100
1134000
200103
1011114
3100041
3141000
200100
1011111
1101240
413100
3100032
110001
2330001
200112
1011132
110004
1101222
2330010
200121
110010
1011123
110013
323001
200124
1101231
1011120
200130
3100140
2412000
331200
323010
200133
110022
3010020
3010023
1011141
3100131
200142
241101
110031
110034
3010041
241110
2330100
110040
110043
3010032
3100110
1101300
3100104
1101303
3100101
3010014
2002410
3100122
1003002
3010011
4001220
3100113
3010002
2002401
1003023
1101330
1011213
1003020
3100203
1011210
3100200
1003014
200202
1011204
1003011
1011201
200211
1101312
1011231
3100221
3010110
3010104
200214
110100
110103
1003032
3010101
323100
1011222
1101321
3100212
200223
200220
20001
110112
4001310
2240001
20004
1011240
4001301
2240010
110121
233001
20010
200232
20013
110124
1003041
1044000
233010
200241
241200
110130
110133
20022
20031
110142
20034
4001400
2240100
20040
1101402
20043
1003101
1003113
3010122
1011303
3100230
1003110
1011300
3010113
200301
1003104
3010140
102000
102003
2322000
1101411
200304
1003131
200310
1011321
200313
110202
1101420
1003122
3010131
1011312
3010221
200322
3002031
110211
20100
20103
110214
200331
3010212
3002022
1003140
1011330
110220
110223
3100320
233100
102030
102033
20112
3002040
200340
20121
110232
3010230
143001
20124
143010
110241
3100302
20130
20133
20142
3002013
3010200
3010203
3002010
3100311
3002004
3002001
1003212
1011402
1421010
1003203
1003200
200403
1003230
3010302
200400
1011420
3100410
3002100
3002103
1003221
1011411
1421001
110301
3100401
102111
200412
12000
110304
2232000
102114
12003
200421
110310
110313
20202
200430
20211
110322
20214
110331
102141
20220
143100
12030
20223
12033
110340
2101032
20232
2142000
2101041
20241
1003311
3002121
1003302
3010311
2101002
3002112
1331001
2101011
2101014
1003320
1421100
2101020
3010320
3002130
2101023
3002220
110400
110403
3010410
3010401
2101101
20301
110412
3002211
102222
12111
2101104
20304
12114
3420000
110421
2101110
1331010
20310
2101113
20313
110430
20322
2011002
20331
12141
20340
3002202
4100031
1003401
2011032
4100022
1331100
1200030
3002301
1200003
2011023
1200000
2011020
4100013
4100010
2011014
4100004
1413000
1003410
2011011
102300
102303
4100001
1241010
2101122
4002
2101131
4011
4014
20400
1200033
20403
2101140
430002
4020
4023
1241001
102330
20412
430011
12222
2011041
4032
430020
2011101
2101221
20421
4041
2101230
20430
1200114
1110000
3330000
1110003
2011131
3002310
1323000
2011122
1110012
2101200
2101203
4100040
2011113
2011110
2101212
1200111
2011104
1110033
4010040
4101
4104
102411
1110042
12300
3002400
4110
12303
4113
4010031
430101
1110021
2101302
430110
1110024
2011140
4122
4010022
4100130
1110030
1241100
1200141
2101311
4010013
2003004
4131
2003001
4010010
4100121
340002
4010004
12330
4010001
4140
4100112
340011
340020
4100103
4100100
2011230
4100220
1110102
2003031
4010100
4010103
2011221
1200222
4100211
1110111
2003022
2011212
4100202
2003013
2003010
2011203
2011200
1110132
2101320
4200
4203
1020003
1110141
1020000
3240000
1020030
1110114
4212
422001
1110120
1233000
12411
1110123
422010
4221
2003040
430200
340101
2003103
2003100
2101410
4230
340110
1020033
1102002
2003130
2011320
1110201
1102011
1110204
1102014
2003121
4010130
2011311
4010121
2003112
2011302
2101401
1200303
4010112
1200300
1020111
1102032
1110231
1143000
1102041
4302
4010220
422100
1110210
4002030
1102020
1110213
4311
1102023
1200330
1020114
4010211
1110222
4320
1020141
332001
4010202
4100310
4002000
340200
4002003
332010
1110240
4100301
4010301
4002111
1102101
1102104
1200411
2003220
1110300
2011410
4100400
1102110
1110303
2003211
2011401
2003202
1012014
1110321
1102131
1012011
201003
1110330
201000
2421000
1102140
1012002
1020222
4401
1102113
414000
1012023
1110312
4410
1102122
1012020
332100
201030
1012041
3101031
201033
1012032
242001
242010
2331000
3101040
3101004
3101001
1102200
1102203
2003310
3101022
3101013
2003301
4010310
3101010
1020303
3101103
1012110
1020300
3101100
1110420
1102230
1012104
1012101
3011004
1110402
3011001
201111
1102212
1012122
3101112
111000
201114
111003
1110411
4010400
1102221
1012113
1012140
324000
1020330
111012
1012131
111021
111024
201141
111030
242100
111033
4002300
2200032
111042
2200041
2241000
3011040
1102302
2003400
1102320
1004013
2200002
3011022
1430001
1012203
3101130
1004010
1012200
3011013
2200011
1004004
3101121
1004001
2200014
3011010
1430010
1004031
1012221
1020411
2200020
2200023
1102311
1004022
3011031
1012212
111102
2200101
3011112
201222
111111
1004040
21000
2200104
1012230
3101220
111114
21003
2200110
2200113
111120
2110002
111123
234000
3011130
2200122
2110011
3011121
111132
2110014
111141
21030
21033
3011100
3011103
3101211
3101202
1430100
1012302
1004103
1004100
3101310
1102401
201303
3003000
3003003
1004121
201300
1012311
3101301
1102410
103002
1004112
111201
2200131
103011
2110020
111204
2110023
103014
111210
111213
2200140
103020
1004130
103023
1012320
2110032
201330
1340001
111222
21111
2110041
103032
21114
1340010
111231
103041
2110113
144000
2200230
111240
2110122
2110131
21141
2110140
3003021
1422000
1004202
3011211
2200200
2020023
3003012
2200203
2020020
3011202
2020014
1004220
2200212
2020011
2110101
1012410
2110104
3011220
3003030
2200221
2020002
103101
1004211
2110110
1012401
201411
103104
3011310
111300
111303
103110
3011301
103113
3003111
13002
2200302
1340100
111312
2102001
103122
13011
2102004
2200311
13014
2020041
2110200
111321
103131
2102010
2110203
13020
3003120
2102013
2020032
13023
111330
103140
21222
13032
13041
3003102
3101400
1004301
2020122
2020113
2020110
2020104
1004310
2020101
2200320
103200
103203
2110212
2102022
111402
2110221
103212
13101
2102031
13104
2020140
111411
1332000
103221
21300
2110230
13110
21303
2102040
13113
2020131
111420
103230
2102112
13122
2110311
2102121
13131
2110320
21330
2102130
13140
1201011
2012031
2020221
1201014
3011400
3003210
2012022
2020212
3003201
1201023
1201020
2200401
2012013
2102100
2012010
2020203
2020200
2102103
1201002
2012004
2200410
2110302
1004400
2012001
1242000
1201041
103302
3003300
103311
13200
13203
2012040
4101030
2020230
103320
1201032
2102202
13212
431001
4101021
21411
431010
13221
4101012
13230
4101003
4101000
1201104
1201110
4011000
4011003
2012121
4101111
2020311
1111002
1201113
2012112
2020302
4101102
2012103
2012100
1201101
2110401
2102211
300000
1201140
300003
1111032
103401
300012
2110410
2102220
1201122
300021
1111011
103410
1111014
13302
1201131
300030
431100
1111020
300024
2012130
2020320
1111023
13311
300033
2102310
13320
341001
300042
1111041
2430000
341010
3200040
2004030
1201203
1201200
2012220
2020410
3200022
4011030
1111101
2012211
1201212
3200031
2020401
4011021
3200001
3200004
2012202
4011012
3200010
3200013
2004003
2102301
2004000
4101120
3200112
1111122
300102
1021002
3200121
300111
1111131
4011120
1111104
210003
1021023
3110013
210000
1021020
3200100
3110010
300114
1111110
3200103
1201221
1111113
13401
1021014
4011111
3110004
300120
1201230
1021011
3110001
423000
300123
300132
13410
4011102
4101210
1021032
300141
341100
210030
4101201
210033
1111140
1021041
2340000
1201302
4003002
2012310
1103001
4101300
1103004
1201311
2004111
2012301
3110031
2102400
1021101
1111221
1103031
300204
3110022
300201
1111230
1111200
300213
3200130
1103010
1111203
1103013
300210
1021113
3110040
1021110
300222
1201320
1111212
210111
1103022
1021104
120000
210114
120003
3020013
300231
3020010
1021131
3110121
3020004
333000
1021122
3020001
3110112
1103040
3020031
300240
3020022
1021140
3110130
210141
120030
120033
3200211
1201401
3200220
1103100
2012400
1103103
4003020
4011210
3110103
3200202
3110100
4011201
4003011
1103121
1013004
3200310
1013001
300300
1111320
1103130
300303
1201410
202002
1013022
1021212
3110202
1111302
202011
1103112
4011300
1013013
4003110
3102003
300312
1021203
3200301
202014
1013010
3102000
1111311
1021200
4003101
1021230
202023
300321
3020040
202020
1013031
1021221
210222
300330
120111
30000
30003
120114
202032
202041
243000
30012
1013040
30021
30024
3020130
120141
30030
30033
2004300
30042
1013103
3102030
1111410
3110220
1013100
1103220
3020103
3020100
3110211
1021311
1103202
202101
300402
3020121
1013112
1111401
1021302
202104
1103211
210303
202110
3020112
300411
210300
300420
202113
112002
3020202
1013130
1021320
2201001
3110310
202122
112011
3012000
2201004
3012003
1013121
112014
202131
3020220
3012030
2201010
2201013
112020
30102
112023
210330
3020211
30111
120222
202140
2201022
3200400
112032
30114
30120
112041
30123
3102111
3110301
30132
4003200
30141
1431000
1013211
1103301
1021401
202203
202200
1013202
1103310
112101
2201031
202212
210411
112104
1013220
120300
1021410
120303
202221
112110
112113
2201040
22002
202230
30201
22011
112122
30204
22014
4200000
2201121
2111010
30210
112131
4200003
22020
2111013
30213
22023
120330
2201130
112140
30222
2111022
22032
2111031
30231
22041
4200030
30240
3012111
3020301
1300023
1300020
2201100
2201103
3110400
1300002
1013310
1300011
3020310
1103400
2111001
2201112
1013301
2111004
1300014
202302
104001
202311
104004
3004011
112200
112203
104010
104013
3004002
1300032
202320
2201202
22101
112212
104022
22104
3004020
1300041
120411
2201211
1341000
30300
2111100
112221
3020400
22110
104031
30303
2111103
2111040
22113
112230
30312
104040
22122
30321
3102300
22131
30330
22140
1210002
2021022
1300113
4110012
1300122
1210011
2021013
1210014
2021010
4110003
4110000
2021004
1300101
1013400
2021001
1300104
1300110
202401
1210032
104100
2201220
104103
2111112
202410
1210041
2021040
112302
1300131
2111121
104112
14001
14004
1210023
1210020
112311
22200
104121
2021031
2111130
14010
22203
14013
1300140
112320
2111202
30402
104130
22212
14022
440001
30411
2111211
440010
22221
14031
2111220
30420
2103030
22230
14040
3012300
3004110
2021112
1300212
1210101
3004101
1210104
1210110
1300221
4200111
4110030
2021103
2021100
2201301
2103000
1300203
2103003
1300200
4110021
2201310
1210131
4020030
3004200
1120020
1120023
104202
1210140
112401
104211
1210113
1120002
14100
2021130
1300230
4110120
14103
1210122
2201400
1120011
112410
4020000
104220
4020003
22302
1120014
2021121
14112
4110111
440100
22311
4110102
14121
4200300
22320
1120032
14130
1120041
1202001
1300311
4102011
2021211
1202004
4110201
1202010
1210203
1210200
4102002
2021202
1202013
2013003
2013000
1300302
1120113
1210230
2111301
2103111
1202040
1120122
104301
2111310
1030014
1300320
1030011
1120101
1202022
1210212
104310
2013030
1120104
14202
2021220
1030002
1202031
1210221
1120110
22401
14211
432000
1030023
2111400
22410
1030020
14220
1120131
1030041
1120140
1030032
2021310
1300401
1202103
1202100
1300410
2013111
2021301
1210302
4020111
4102020
4110210
1202130
1210320
1120212
1112022
4012020
1120221
301002
1112031
1030110
104400
1112001
301014
1202112
1112004
1210311
4012011
1030104
301011
3201000
301020
1120200
1030101
1120203
1112010
3201003
301023
1202121
14301
1112013
4012002
4102110
4110300
1030122
14310
4102101
301032
1030113
1030140
342000
301041
1120230
1112040
1030131
4102200
2021400
1202202
1112112
2103300
1120311
301101
1112121
1202211
301110
1022013
1210401
1030203
301104
1112100
1022010
3201030
1030200
1112103
1210410
211002
1022004
301113
1202220
1022001
1120302
211011
14400
1022031
2300001
1030221
3111021
211014
301122
2300004
2300010
1022022
1030212
3111012
211023
2300013
301131
211020
301140
1120320
1112130
2300022
1022040
3111030
1030230
211032
2300031
211041
3201111
2013300
1202301
4020300
4012110
3111003
3111000
4012101
1120401
1112211
1104021
1120410
1112220
1104030
1104000
1030302
3111102
1104003
301200
1202310
4012200
4004010
301203
301212
1022103
1112202
1022100
4004001
1104012
211101
301221
211104
211110
1022121
1030311
301230
211113
2300040
121002
1022112
211122
121011
121014
211131
121020
1022130
121023
1030320
2300130
211140
2210022
3021030
121032
2210031
121041
2210040
2300103
3021003
3021000
1112310
2300100
3111111
1104120
2210001
301302
1202400
2300112
1014012
1022202
2210004
1104102
2300121
203001
301311
2210010
1014003
2210013
1112301
1104111
1014000
3111120
203004
211203
1014030
203010
3103020
211200
1022220
1030410
3111210
203013
2300202
1014021
3103011
301320
121101
1022211
203022
1030401
3111201
211212
2300211
121104
203031
1440000
2210100
211221
2210103
121110
121113
3021111
31002
211230
2300220
203040
31011
121122
3201300
31014
121131
31020
31023
3103002
121140
31032
4004100
1112400
31041
1104210
2120040
1014111
3103101
1022301
1104201
1014102
203103
301401
203100
2120001
2210112
2120004
211302
301410
1014120
113001
2210121
1022310
2120010
203112
211311
113004
2120013
121200
203121
121203
113010
2210130
113013
2120022
203130
211320
31101
121212
113022
2120031
31104
2210211
121221
2120100
2202021
31110
113031
2120103
31113
2210220
2202030
121230
2120112
113040
31122
2120121
31131
2030013
2030010
31140
3013002
3103110
2030004
3111300
2300301
2030001
2202000
3013020
2202003
2300310
1014201
2210202
1104300
2202012
3013011
3013101
203202
2030040
203211
211401
1014210
113100
113103
3103200
1022400
2030031
211410
2300400
203220
121302
2202102
2030022
23001
113112
3021300
3013110
23004
2210301
2202111
121311
31200
113121
23010
2120130
31203
23013
121320
113130
31212
23022
31221
23031
31230
23040
1301010
1301013
2030103
2030100
1301022
1014300
1301001
1301004
2112000
2112003
1301040
203301
2210310
2202120
2120202
2030130
2112012
203310
113202
2120211
1301031
2112021
2030121
121401
113211
23100
2120220
2030112
2112030
23103
2210400
121410
2202210
113220
31302
2112102
23112
2120301
2112111
31311
23121
2120310
31320
2112120
23130
2022012
2030202
4201002
1301112
1211001
2022003
2022000
1211004
4201011
2202201
4201020
1301103
3013200
1301100
400002
1211031
3300021
400014
203400
3300030
400011
2022030
1211010
3300003
400023
3300000
4111020
2030220
400020
1301121
113301
1211013
1301130
2022021
1211022
4111011
2202300
2030211
3300012
113310
23202
4111002
400032
31401
23211
441000
400041
4201200
1211040
31410
23220
2022111
1301202
4111101
2030301
1301211
2022102
4201101
1211103
1211100
4201110
2104002
400101
1211121
1121010
1121013
400110
1211130
2112201
2104011
400104
1121022
2120400
2112210
2104020
310002
2022120
400113
1301220
2030310
1121001
113400
310014
1211112
400122
1121004
310011
310020
1121040
310023
2104101
400131
23301
400140
2112300
2104110
23310
310032
1121031
310041
3210030
3210000
4021020
3210003
2014011
1301301
2022201
1203003
1203000
3300120
2014002
1301310
4021011
3300102
4021002
4111110
3300111
3300210
1203030
1211220
1121112
4021110
400203
400200
3210111
4021101
1211202
310101
400212
1031004
1031001
1211211
2014020
310110
3300201
400221
4103010
310104
2022210
1121100
4111200
2030400
1121103
400230
220002
1031022
310113
4103001
220011
23400
1031013
220014
1031010
310122
1121121
220023
220020
310131
310140
1031031
1121130
2014110
2022300
4103100
220032
220041
2014101
1301400
1031040
1121202
1113012
2104200
400302
1121211
3120003
1113021
3120000
302004
1031103
3120030
400311
1031100
1203111
302001
1211301
1113000
302013
1113003
310200
1211310
302010
310203
3120111
310212
302022
400320
220101
1031112
310221
220104
302031
220110
3030012
310230
220113
130002
3202020
1031130
1121220
1113030
220122
130011
302040
3030003
3030000
1031121
130014
220131
3202002
130020
2014200
130023
3202011
4021200
4013010
220140
130032
4013001
130041
3300300
1121301
3202101
1113111
3210300
3202110
1121310
302100
4013100
302103
1023003
1023000
400401
310302
1211400
400410
1113102
3030030
212001
310311
302112
1031211
212004
220203
212010
3030021
220200
302121
1031202
212013
1113120
310320
130101
212022
302130
220212
1023030
130104
1031220
212031
220221
130110
130113
40002
2301030
220230
3030120
130122
40011
212040
40014
130131
40020
40023
130140
40032
1113201
3112011
2301003
40041
1121400
1113210
2301000
3112002
3030111
1203300
3030102
3112020
302202
3112110
1031310
3120300
212103
310401
302211
212100
1023111
302220
3112101
1031301
220302
310410
122001
212112
2301111
220311
3022011
122004
3030201
2211000
130200
2211003
130203
212121
122010
3022002
122013
212130
4300002
220320
130212
40101
122022
3202200
40104
4300011
130221
40110
122031
40113
4300020
130230
122040
40122
1400022
40131
1113300
1400031
40140
1400004
1400001
1400013
302301
1400010
204003
302310
204000
2211012
1031400
212202
3022020
3030210
2211021
212211
220401
122100
122103
2211030
220410
204030
1400040
130302
212220
32001
122112
4300101
32004
2211111
130311
2121000
40200
122121
32010
2121003
40203
32013
4300110
130320
2211120
4210002
122130
40212
2121012
32022
4210011
40221
2121021
32031
1310001
4210020
3104010
1400112
40230
3112200
1310004
32040
1310010
1400121
3104001
1310013
3022110
1400100
3030300
1400103
3022101
2211102
302400
1023300
3104100
1310040
204111
212301
114000
114003
1310022
212310
3022200
2301300
3014010
1400130
2203002
122202
3014001
1310031
114012
130401
122211
32100
114021
2121030
32103
130410
122220
40302
114030
32112
40311
32121
40320
2121120
32130
1310103
2031003
2031000
1400211
1310100
1400220
1400202
2211201
1310130
2203011
1220022
2031030
2211210
2203020
1220031
2121102
1310112
212400
1220001
1220004
2121111
114102
1220010
1310121
122301
114111
1220013
24000
24003
2211300
2203110
122310
114120
2113002
32202
40401
2121201
2113011
32211
40410
2121210
1220040
2113020
32220
24030
1302003
1302000
1400310
4300200
1310202
4120020
4210101
4120011
1400301
3014100
2203101
4120002
4210110
1130001
1220112
1130004
4030011
1130010
1220121
1130013
4030002
204300
4120110
1310211
1220103
1220100
114201
2031111
4120101
1302030
1310220
122400
114210
1130040
32301
24111
1220130
4202100
32310
1130022
1130031
2023002
1400400
1302111
1310301
4202001
4210200
4202010
2203200
1220211
1130100
1130103
1212021
401004
1212030
2113101
1220220
401001
1212003
2023020
1212000
401013
2121300
401010
1310310
2113110
401022
1220202
4030020
2023011
114300
1212012
401031
1040013
1130130
1040010
1040004
1040001
2113200
32400
1040031
1130112
401040
1130121
1040022
3301011
4030110
2023101
1040040
4030101
3301020
4112010
4120200
3301002
4112001
1122000
1122003
3301110
1220310
4030200
4022010
401103
3211002
401100
1212120
1130202
4022001
1122012
1310400
1212102
2023110
311004
2031300
4112100
1212111
311001
401112
3301101
1220301
311013
311010
401121
1040103
311022
1040100
401130
24300
1130211
311031
1122021
1040121
1130220
1122030
1040112
311040
1040130
1302300
1212210
1220400
2400000
1204020
2400003
1122102
1130301
1122111
1204002
3211011
401202
311100
1204011
2400030
311103
1212201
3211020
401211
2023200
401220
3121002
1040202
221001
2400111
1032003
311112
1032000
221004
2310003
1032030
221010
2310000
3121020
1040220
311121
3211110
221013
1130310
1122120
3121011
1040211
221022
311130
3301200
221031
4022100
3211101
221040
4104000
1114002
1122201
3203001
1114011
4014000
401301
1204101
401310
303000
1204110
1212300
303003
1032111
303012
1040301
311202
303021
221103
2310030
311211
221100
311220
1130400
303030
1122210
1114020
131001
1040310
221112
131004
2220000
2220003
3031020
221121
131010
131013
221130
3031011
2220012
131022
2220021
131031
2220030
131040
3121101
1114101
1122300
1114110
3211200
3203010
3031002
3121110
303102
1204200
2310111
401400
