311301
1114131
3113004
3
3113001
213003
3211320
311310
213000
311304
12
1114113
1032222
3113022
311313
4014120
21
1212420
3211302
24
3113013
131103
3113010
3211311
311322
131100
30
344100
33
4014111
213030
311331
311340
213033
131112
42
4014102
4112400
131121
131124
131130
131133
131142
4014201
1114200
1114203
2130030
2130033
1032303
1032300
102
3031113
1114230
3113031
311400
2310222
311403
111
2130000
311412
114
2130003
213111
3031131
120
213114
311421
2343000
123
3113040
131202
311430
2212002
132
1032330
3113130
131211
131214
3031203
141
3031200
3113121
3031230
144
2212020
131223
2212023
213141
131220
2310330
2130111
3113103
131232
3113100
131241
1114302
3113112
2310303
2310300
4014210
1114320
1442001
201
204
1442010
210
1032411
3113211
213
1114311
3113202
222
4014300
2212032
2130114
213222
231
131301
33000
131304
234
33003
131310
240
131313
243
33012
131322
2130141
33021
33024
131331
2212131
4211010
4211013
33030
33033
1311000
2130222
4211022
131340
1311003
33042
4211031
4211040
3031311
1311030
1442100
1311024
2310411
3031302
3113220
300
1311033
303
2212113
1311012
213303
3031320
213300
312
1311021
321
324
2212200
131403
2212203
131400
330
333
33102
213330
131412
342
1311042
33111
33114
3441000
2130300
2130303
131421
33120
33123
131430
1311102
33132
3113310
33141
4211001
3113301
4211004
3310002
1311120
1311123
2032023
1311132
2032020
402
1311111
3113400
411
2032002
1311114
414
213411
420
2212230
423
432
1311141
33201
33204
441
2130330
33210
444
33213
2032032
2212320
2114022
33222
2130411
33231
2114031
2114040
33240
4211100
4211103
3310032
1311222
4211112
1131000
1131003
1311231
2032113
2212302
1311204
4211121
2114001
2114004
3310023
1311201
3310020
2212311
1311213
4211130
2114010
2114013
1311210
3310131
1131024
1131030
1131033
4031031
3310113
4031022
1344000
33300
2114100
1131012
33303
2114103
4031013
2032131
1311240
1131021
4031010
33312
4031004
4031001
4211301
33321
4211310
33330
1131042
4031100
4211202
4031103
4113021
1311312
3310203
3310200
4113012
4211211
1000002
1213023
1311321
1213020
1131102
1311300
1311303
2032203
4211220
4113003
4113000
2032200
1000023
1213002
1000020
2114112
1131120
1131123
2114121
1131132
1000032
2114130
230001
1311330
1131111
230004
2032230
230010
1213032
33402
1131114
4031040
230013
443001
2114211
33411
443010
230022
3130023
4211400
3130020
2114220
33420
230031
230034
1131141
230043
230040
3130032
3310230
1311411
4031130
2032311
1311420
1213113
4031121
2032302
4031112
4113030
2114202
3130002
1000113
1311402
1000143
3310320
312000
1131222
3212022
312003
1000134
4031220
1000131
1131231
3212031
3212001
1131201
230103
3310311
3212004
1131204
4031211
230100
1213131
312030
443100
3212010
1131210
1131213
3212013
2114301
4113120
2032320
4031202
230112
312033
4113111
230121
3310302
230124
4113102
230130
230133
1131240
230142
1213203
1213200
1000203
4113210
1000200
4113201
1131312
1033002
1000233
2114310
1131321
1000230
312111
3130113
1000224
1033023
1033020
2442000
1131300
1131303
312114
3212040
230202
3130131
1213230
1000242
2114400
230211
230214
1033032
312141
2311023
230223
2311020
230220
1131330
3212130
3130230
2311032
230232
1000302
3212112
230241
1213302
3212121
1213311
4031310
3130203
1000314
3212100
3212103
3130200
1000311
4031301
2311002
1131411
3212211
1000332
1000323
3212220
1131420
1000320
3130302
4031400
1033113
1000344
1000341
1213320
312222
3212202
1131402
230301
132003
132000
230304
1033131
230310
4113300
230313
4310001
230322
4310004
230331
4310010
132030
4310013
132033
1410000
1410003
3032040
230340
1410012
1000413
1000431
3032013
1410033
3032010
3130311
312300
1000422
2311113
3032004
1002
312303
1410042
3032001
1410021
214002
3032031
1000443
2311131
3032022
1410030
1033203
1020
1000434
1410024
1033200
3130320
1023
2311203
230403
3114030
1033230
2311200
230400
214023
214020
1032
3032103
3032100
3114021
132111
312330
230412
132114
214032
4310100
230421
4310103
3032121
2131002
2311230
230430
3032112
4310112
1410102
3212310
4310121
1410111
132141
4310130
3114012
3114003
3212301
3114000
3212400
1410132
4310022
1410141
4310031
3114111
1033311
1410114
1033302
4310040
1113
3114102
1410120
1410123
312411
214113
1033320
1131
2131020
3032130
1134
2131023
214131
1143
2131032
132222
2000031
4310211
2213031
2000022
2131113
1410204
1410201
4310220
2213040
2000013
2000010
2000004
2131131
2000001
1230003
1230000
1410231
3032202
2311302
3114120
2213001
2311311
2213004
1443000
1200
1410213
3032220
1203
2213010
2213013
2000043
2000040
1410210
214203
2311320
1410222
214200
2000034
3032211
2213022
1230033
3032301
4130040
1224
132303
2213100
3114210
132300
1230
2213103
4130031
1233
34002
214230
1410240
3032310
4130022
2213112
1242
1230030
2000124
4130013
34020
4130010
2000121
34023
132330
1410300
1410303
4130004
2000112
4130001
34032
3114201
2000103
2000100
4310202
1312020
1312023
1410321
4130103
4130100
1230111
1410330
2000142
3114300
1312002
1302
2000133
2000130
214302
1410312
1311
2131200
2213121
1314
2131203
214311
1320
1323
2213130
1230141
1230114
214320
1312032
1332
132411
1341
2131230
1344
2000223
34113
2000220
2213220
2131302
2000214
2000211
2131311
34131
2000202
2131320
4310301
4212000
2033022
1410420
4212003
1312113
4310310
2000244
2033013
4212012
4130130
2033010
2000241
2033004
2213202
4212021
2000232
4130121
2033001
1410402
2213211
411003
4212030
1410411
411000
3032400
4130112
411012
1413
3311031
411021
1422
2033040
411030
3311010
4130220
2213301
411024
1312131
1431
3311013
34200
2033031
1434
34203
1230222
3311022
4130211
411033
2213310
1443
411042
4130202
2000313
2000310
4212201
3311001
3311004
2000304
4212210
2000301
34230
4310400
4130301
4212102
2033112
2000343
2000340
1230303
3311103
1230300
3311100
4212111
2000334
2033103
2033100
2000331
4212120
411102
2000322
1312200
1312203
411111
1132020
1132023
1230330
411114
3311040
1312230
1132002
2033130
411123
411120
411132
2033121
34302
2410020
2000412
2410023
411141
34311
4212300
2000403
2000400
34320
1132032
2410032
4032030
3311121
1312311
1214001
2033211
2000442
1214004
3311130
1214010
2033202
2000433
1214013
2000430
2410002
2000424
2213400
4130310
3311112
1312302
2000421
4032000
4032003
1132113
411204
3311220
411201
1214040
411213
411210
3311202
411222
4032111
3131004
1312320
1214022
3131001
231003
1230411
3311211
411231
4114020
2033220
231000
1214031
4130400
444000
4114002
411240
1132131
231030
231033
2033310
1214103
1214100
2033301
3131040
1214130
3131022
411303
411300
100002
2410113
3131013
3131010
313002
1214112
100020
100023
411312
2410131
313020
3131031
1132200
1132203
313023
1214121
411321
100032
411330
231111
3131112
3000042
231114
3000033
313032
2230002
2410230
3131130
3213030
1132230
3131121
3000012
3213012
231141
2033400
1214202
3213021
3000000
3000003
3131103
3000030
3131100
3000024
3311301
3000021
3213000
3213003
2410200
3311310
2410203
3000111
3213111
1132311
3000102
411402
100113
4032300
1214211
1034013
411411
3000120
1034010
3000123
3311400
2410302
411420
1034004
313113
1214220
1034001
3000114
1132302
3213102
1034031
100131
2230023
4114200
2230020
100134
1034022
100143
313131
1132320
2230032
231222
1034040
2230113
2312040
1214301
2230131
3000141
2312001
2410311
3131211
2312004
100200
3000132
2312010
100203
3131202
2312013
3213120
2410320
313200
1214310
2312022
313203
1034103
3131220
1034100
2312031
3000144
100224
3131310
231303
2312103
3033003
3033000
1034121
231300
100230
3000234
2312100
133002
100233
313230
3000231
3131301
1034112
100242
2312112
3033021
4311000
2230203
4311003
2230200
2312121
3033012
133023
3000240
1034130
133020
3000243
3213201
231330
3000204
3000201
4311012
133032
3213210
4311021
1411002
3000222
4311030
3000213
3000210
3000300
3000303
3213300
1411032
100302
2001
1214400
313302
2004
1034202
3000312
100311
1411020
1411023
2010
313311
100314
2013
100320
2312130
100323
1034220
2022
3033030
313320
1034211
100332
2031
231411
2034
2230230
100341
2040
100344
133113
2043
2132001
2132004
2230311
4311111
133131
2132010
2132013
3033120
4311120
2230320
2132022
2132031
3000333
3033102
3000330
3131400
2312202
3000324
3000321
1411131
2312211
1034301
2100
2103
3033111
3000342
2230302
1411113
100413
2312220
2112
100422
2121
3000420
1034310
3000423
3410040
2124
100431
2312301
2214000
133203
2214003
3410022
133200
2130
100434
3000441
3033210
2133
2312310
100443
3410031
3000432
2214012
2142
3033201
3410004
3410001
2132040
3410013
133230
3410010
3000414
2001003
3000411
2001000
4311102
3000402
3410100
2132130
3410103
4131003
4131000
1231002
1411230
1411200
1411203
2001033
2001030
2202
2211
2132100
2214021
2214
2132103
1231032
2220
2214030
1034400
2223
2132112
133302
2232
2132121
133311
1231023
1231020
2241
2001114
2244
2001111
2214120
133320
2132202
2132211
2132220
4311201
1313013
2001144
3410130
1313010
4131030
1313022
2001141
4311210
1411320
4131021
1411302
2312400
3410112
2214102
1313004
3033300
1411311
4131012
3410121
1313001
2301
2214111
2304
3230001
1313040
3230004
2310
1231131
2313
3230010
3230013
4131120
2322
1313031
330000
330003
3410211
4131111
3410220
2214201
330012
1231113
2331
4000032
2334
330021
4131102
2340
2343
4000020
4000023
330030
330024
3410202
330033
4000002
330042
4311300
3410301
4213002
4000113
2034003
1313112
2034000
2001222
1313100
1313103
4213020
2400
2403
2214210
412002
3230040
1231230
2412
2132301
2034030
1231203
412023
1231200
412020
330102
1313121
2421
2132310
3230022
2424
330111
2430
1313130
3230031
2433
3230130
412032
330114
2001303
2001300
2442
330120
330123
4213200
2132400
3230112
330132
3230121
330141
2034111
3230100
1313202
3230103
3312021
2001333
3312030
2001330
1313211
3312003
4000143
3312000
3410310
4131210
4000134
2214300
4000131
3312012
4131201
4033020
1133010
1133013
1231320
3312120
3230202
4000242
1133022
1313220
4000233
3410400
1231302
3312102
4033002
412113
2411004
1133001
330204
4131300
4000230
330201
4000224
3312111
1231311
1133004
2411001
330213
1133040
412131
330210
330222
330231
4000200
4000203
1133031
1313301
2411040
330240
4000314
4000311
1313310
4000302
2001414
1002003
2001411
1002000
1002030
2411013
2411010
1133112
2411022
412203
412200
3230211
2411031
330300
330303
3230220
1133100
1002033
1133103
2001441
412230
232002
3132012
2411112
3132003
330312
3132000
1133121
3132030
232023
330321
2411121
232020
3230310
3132021
1133130
2411130
330330
3312210
2034300
232032
4000341
1313400
3230301
1002111
4000332
2411100
2411103
3312201
4000320
4000323
3214002
1133202
3001002
412302
1133211
4033200
1002114
314004
3001020
412311
4000431
1002141
3001023
314001
314013
4000422
3312300
314010
4000413
314022
412320
330402
314031
330411
1002144
330420
232113
1133220
4410102
4410111
314040
232131
2231010
2231013
2231022
4410003
4410000
2231031
4410012
3132111
1002222
1133301
3001032
2411202
4410021
3132102
4410030
2411211
1133310
2411220
314100
3230400
314103
3214020
3132120
2231001
2231004
2100000
2411301
2100003
3001134
314112
3001131
3132201
2313003
232203
2411310
2313000
232200
314121
314130
2313012
3001143
4410201
2231103
3132210
2100030
2231100
2313021
4410210
2231040
232230
4230000
1002303
4230003
1002300
3001113
1330002
3214200
1133400
4410120
1002333
1002330
3001200
314202
3001203
2100033
1330032
2313030
314211
314220
2231112
232302
1330020
1330023
2231121
134001
232311
134004
2231130
134010
134013
2231202
4312002
232320
2313120
134022
2231211
3034020
2100141
134031
2100144
4312020
2231220
134040
4230111
1002414
3132300
1412022
3001230
1002411
3001224
1412031
2411400
2313102
2100111
1412004
2100114
2313111
1412001
3001242
3000
1412013
314301
3003
3034002
3001233
1412010
314310
3012
3001320
1002441
3001323
1330131
3021
4230030
3001314
3001341
3024
2313201
1330113
134103
3030
134100
3001332
3033
2313210
1412040
2100222
134112
3042
134121
134130
3001311
3001302
4410300
1412112
2133030
3411000
1330200
1412121
3411003
1330203
1412100
1412103
3102
1330230
314400
3111
2231301
2133000
3114
2133003
2231310
3120
3123
2133012
1412130
134202
3132
2133021
134211
3141
3144
2100330
2231400
2002002
2100333
134220
2133102
2133111
3411030
3001422
1412211
3001413
1412220
1330302
2100300
2002032
2100303
3411012
3034200
2313300
2002023
3411021
2002020
3001431
1412202
3201
1330320
1232022
3411120
3204
3210
4132020
3213
1232031
3411111
1330311
1232001
1232004
3222
1232010
2100411
4132002
2100414
3231
1232013
134301
2133120
3234
134310
3240
3411102
3243
4214001
1232040
4214010
2002143
1412310
1314000
1101012
1314003
2002134
1314012
4312200
2002131
1101021
1101000
1412301
1101003
4230300
2002113
1232112
1101042
3300
3303
1232121
3312
1101024
1314021
2133201
1232103
1101030
1232100
1101033
2100441
3321
1314030
2133210
3324
331002
134400
3330
2002203
3333
2002200
3231030
331020
331023
3342
1232130
2133300
4214100
3231012
3231021
331032
1314102
1412400
2002233
1101111
2002230
3231000
3231003
1101114
1314111
2002224
3411201
1101102
3411210
1232211
200001
1101141
200004
1101144
200010
413004
3402
3100002
3313020
1232220
200013
3231102
413001
3411300
1101120
3411
1101123
413013
413010
200022
3414
4132200
3313002
3100023
1232202
413022
3100020
2002242
1314120
3420
1101132
200031
3423
2002302
200034
413031
200043
3432
200040
331113
3441
413040
331131
1101201
2002332
1101204
2330022
1101210
2330031
2002323
1101213
1314201
2002320
2002314
2002311
2330040
1134000
3231120
1134003
1101234
200103
1232310
200100
1101240
413103
413100
1101243
1134012
3100032
2330001
200112
3231111
1101222
1314210
2330004
2330010
200121
2002341
413112
2330013
200124
1101231
1232301
3100143
200130
2412000
331200
331203
200133
2412003
413121
2412012
3100134
3100131
413130
200142
3231201
2412021
2330103
1134021
2330100
2412030
331230
3231210
1134030
2002431
1101300
1101303
4034010
1314300
2002422
4034001
2002413
1003002
3100113
1003023
3313200
1101330
1232400
1003020
3100203
1101333
3100200
1134102
200202
4034100
1134111
1101342
200211
1101312
413202
200214
1003032
1101321
200223
1101324
413211
200220
20001
413220
2330112
331302
20004
2330121
331311
20010
233001
200232
20013
233004
2330130
233010
200241
20022
233013
200244
4411002
1134120
233022
331320
20031
2330211
20034
233031
20040
1101402
20043
2330220
233040
2412102
3133002
1003113
3100233
1101432
1134201
3100230
2412111
200301
3100224
1003134
102000
102003
3133020
1101411
200304
413301
1003131
3231300
200310
1101414
413310
2330202
200313
2412120
1101420
3100242
1101423
200322
3002031
3100332
20100
20103
1003143
200331
3002022
3100323
233103
200334
2412201
3100320
102030
233100
102033
20112
1101441
1134210
200343
3002040
3002043
2412210
200340
20121
3100341
233112
20124
2330301
3002034
3100302
233121
20130
20133
233130
20142
3002013
3100314
3002010
3100311
3002004
3002001
1003203
1134300
4411020
1003200
200403
1003230
3100413
200400
1003224
3002100
3002103
102111
413400
200412
2232003
2232000
102114
1003242
2330310
200421
20202
200424
200430
1003233
2232012
233202
200433
20211
20214
2232021
233211
200442
2232030
102141
20220
20223
102144
4411200
2330400
2232102
2314020
233220
2101032
20232
2232111
20241
20244
4231002
2232120
1003311
3100431
3002124
3002121
2412300
1331004
1003302
3100422
2101002
4231020
3002112
1331001
2314002
3002142
1003323
1003320
3002133
2101020
1003314
3133200
2101023
3002130
3002220
1003341
3002223
1331031
1003332
3002214
20301
3002211
102222
20304
1331013
3002232
1331010
20310
233301
2101113
20313
1331022
233310
20322
20331
20334
1331040
20340
20343
3002202
1413012
1331100
1413021
1331103
1200030
3002301
1200003
1003422
1200000
1003413
1413000
102300
1413003
102303
4002
1331121
1003431
2101131
2232201
3002241
2101134
1331130
20400
2232210
1413030
1200033
20403
430002
4020
2101143
4023
233400
102330
1331112
102333
20412
4032
430023
430020
20421
2101224
20424
3002340
2232300
2101230
20430
2101233
20433
2134002
430032
3330021
2101242
20442
3330030
1200114
3330003
3330000
1413111
3002313
4313001
3002310
3002304
3330012
2101200
2101203
4313010
3002331
2314200
1413102
1200111
3002322
3412020
1331220
3002412
1200144
3330102
102411
3330111
3002400
3002403
102414
4113
3002430
1413120
3412002
2101302
1331202
3002421
1200141
2101311
1331211
2003004
4131
2134020
4134
430113
2003001
102441
4143
430131
2003034
1413201
2003031
1200222
4313100
1413210
2003022
2003013
2003010
4231200
2101314
1233012
2101320
4200
2101323
4203
1020003
1020000
1233021
1020030
1331301
2101332
1233003
1233000
3330120
1331310
2003043
2101341
430203
2003040
430200
4224
2003103
2003100
2101413
4230
4233
1020033
2101422
430230
3330210
4242
1233030
2101431
2134200
1413300
1102002
2003133
2003130
2003124
3330201
4133010
2003121
2003112
4133001
1200303
1200300
1020111
1102032
1233111
4002033
3330300
4302
4002030
4133100
1102020
4311
1102023
1200330
2003142
430302
4314
3412200
1331400
1233102
1020114
1200333
4320
430311
332004
1020141
4323
332001
332013
4332
4002000
4002003
332010
1233120
332022
4341
430320
332031
1020144
4002111
1200411
2003223
2003220
1200414
332040
2003214
2003211
2003202
1102131
1233201
3232020
1102134
201003
1233210
1200441
201000
1102143
1020222
1102113
3232002
414003
414000
2003241
414012
4413
2003232
332100
332103
414021
3101034
201030
4422
414030
3101031
201033
4431
332112
2331003
2331000
3101043
332121
3101040
4002141
3101004
3314001
2003322
3101001
332130
1102200
3314010
1102203
2003313
2003310
3101022
2003304
3101013
2003301
3101010
4002114
1020303
1102224
3101103
1020300
3101100
1233300
1102230
3314100
1102233
414102
2003340
4002222
201111
3101112
414111
201114
2003331
1020333
1020330
2331012
414120
2331021
332202
1102242
2331030
332211
201141
332220
201144
4002300
2200032
4002303
2003421
2331111
2003412
1102302
2331120
2003403
2003400
1102320
1430004
3101133
2200002
1102323
1430001
3101130
1430013
3101124
1102332
2413002
3101121
1430010
1020414
1020411
2200020
2200023
1102311
2413020
2003430
3232200
3101142
1102314
2331102
414201
414210
201222
3101223
21000
332301
3101220
21003
1430040
2200113
234003
234000
1430022
332310
1102341
3134010
1020441
3101241
1430031
3134001
3101232
4412001
21030
4002330
21033
4412010
234030
3101214
3101211
3101202
1430100
1430103
1102422
1102431
4330002
3101310
201303
3003000
4002411
3003003
3101304
201300
414300
3101301
103002
1102413
2200131
2331201
4330020
2200134
1430130
2331210
103020
2200143
103023
201330
1430112
332400
201333
21111
103032
21114
234111
1430121
2200224
2331300
2200230
4412100
2233002
2200233
3003042
2200242
21141
21144
4330200
2233020
3003021
3101322
2200200
2020023
3003012
2200203
2020020
3101313
1430202
3101340
3003033
2413200
3003030
3134100
2020002
3101331
3003024
201411
3101421
201414
3003114
103113
3003111
3101412
2200302
3003132
2200311
1430211
3101430
1430220
103131
2200314
3003120
2020032
3003123
103134
201441
103143
21222
3003102
3101403
3101400
4232001
1430301
4232010
2020113
2200320
103200
1332021
2200323
103203
3003141
1332030
2200332
2020143
1430310
1332000
2200341
21300
1332003
21303
2020134
1332012
103224
2020131
234300
103230
103233
3003240
2200422
103242
2200431
2233200
21330
21333
3003213
1414002
3003210
3003204
3003201
1201023
1201020
3003231
2020203
2020200
1201002
3003222
2200413
103302
3331002
3003300
3003303
2020242
1332120
4101042
103311
1414020
1332102
103314
3003321
1430400
4101033
2020233
4101030
2020230
103320
103323
1201032
431004
1332111
3003312
2020224
4101024
431001
21411
431013
4101021
431010
103332
21414
431022
4101012
103341
431031
4101003
4101000
21441
4101114
2020314
431040
4101111
2020311
1201113
2020302
4101102
4314000
300000
4232100
1201143
1332210
300003
300012
2020341
3003330
300021
2020332
103413
1201131
431103
300030
431100
1201134
300024
2020323
1332201
3331020
2020320
103422
300033
103431
431112
300042
3200034
2430000
2430003
431121
3200040
3200043
431130
2004030
1201203
1201200
2020413
3200022
3413010
3003402
4101141
1414200
3200031
3003420
3200001
4101132
3200004
3200010
2004003
4101123
3200013
3413001
3003411
2004000
4101120
3200112
1234002
300102
1201233
1021002
4101240
1201242
3200121
300111
3200124
4134000
1021023
2020431
4101231
1021020
3200100
300114
3200103
4101222
1332300
2020422
3413100
1201224
1201230
300120
2004033
300123
300132
4101213
431202
4101210
1021032
300141
4101204
2430030
431211
4101201
431220
300144
1234020
1201302
4003002
4101303
1103001
4101300
2004114
1103004
1201311
2004111
1201332
1103031
300204
1103034
300201
1201341
1201314
300213
3331200
3200130
1103010
2004141
3200133
1103013
1021113
300210
1201323
2430111
300222
1201320
3200142
1103022
3200241
120000
1021134
120003
300231
3233010
3020013
431301
1021131
3020010
431310
3020004
333000
333003
300234
3020001
1103040
333012
3020031
1103043
300240
300243
3200232
3020022
1021143
3233001
333021
120030
2004222
120033
3200211
333030
4003032
3200214
4101330
3200220
1103100
3200223
1103103
4003020
4003023
4101321
3200202
4101312
3200304
1103121
1103124
1201431
4003131
3200310
300300
3200313
1234200
1103130
300303
1103133
202002
4101420
4003113
1201413
1103112
3102003
1201422
1021203
300312
4101411
3200301
3102000
1021200
300324
1021230
202023
4101402
3020043
300321
3020040
202020
1021224
300333
333102
3020034
300330
120111
431400
333111
300342
120114
202032
1021242
1103142
1021233
3020142
2332002
333120
3020133
120141
3020130
2004303
120144
2004300
2332020
3102030
3200340
1103220
1103223
3020103
3020100
1021311
3200322
3020124
1103202
2004330
300402
3020121
2430300
1021302
300414
3200331
1103211
3233100
3102033
3020112
1103214
300411
300420
202113
300423
3020202
1021323
1021320
3102114
1021314
202131
1103232
3020223
3102141
3020220
1021341
300432
333201
3200421
202134
2414001
3020214
1103241
1021332
202143
300441
3020211
3200430
2414010
120222
333210
3200400
4003230
3200403
2004411
3200412
3102111
4331001
4003200
4003203
1103313
4003320
1103322
1431000
1431003
4003311
1103301
202203
1103304
4003302
202200
1103310
1021422
1431030
3020232
1021413
120300
120303
333300
1431012
22002
202224
1103331
202230
1021431
1431021
202233
1103340
3020241
4200000
202242
4200003
22020
3020331
22023
4413000
2332200
120330
120333
3020322
22032
3020340
4200030
4331100
4200033
3102222
3020301
1300023
1103412
1300020
1431102
1103421
2414100
1300002
3020313
1103400
3020310
1103403
202302
3020304
4331010
202311
1431120
3430002
202314
3004002
202323
1431111
3020412
1300032
202320
3102330
1103430
3004020
120411
3004023
3020403
3020400
120414
202332
22113
202341
3102303
3102300
22131
22134
120441
22143
1300113
4200141
3020430
3020421
3004032
202413
3430020
1300131
2234001
1431201
1300134
202422
22200
2234010
22203
1300143
202431
1431210
3004131
22224
2103030
22230
2234100
2103033
22233
22242
3102411
4200111
4200114
1300203
2103000
1300200
2103003
3004113
1300242
4020030
1120020
3004200
1120023
3004203
1333020
3430200
1431300
1300224
1120002
1300230
1300233
4020000
4020003
1333002
22302
22311
22314
4200300
4200303
22320
1120032
22323
22332
1300311
2103141
22341
1300314
4102002
1300302
4200222
1120113
1300341
2103111
4233000
2103114
3004230
1300323
1300320
4020033
1300332
432003
432000
22413
3004320
4020141
1120131
3332001
2103222
22422
1120134
432030
3332010
4200411
1120143
22431
3004302
1300413
4102032
4020114
4020111
4102023
3004311
4102020
4020222
3414000
1333200
4200330
4102131
301002
1300422
3201000
301020
1120200
1120203
3201003
301023
1300431
4102113
1120242
432111
301032
1120224
1120230
1120233
2103330
4102203
4102200
2431020
2103300
1120311
2103303
1120314
3201030
3332100
3201033
301113
2431002
1120302
2300001
1120341
3201141
2300004
2300010
301134
2300013
301131
1120320
1120323
2103411
301143
2300022
4020330
2300031
1120332
3201111
4102230
3201114
4020300
4020303
1104021
4020411
1104024
1120413
1104030
4102320
1104000
1104003
301200
301203
4102311
1104012
4102302
2300034
2300043
432300
301230
2300040
121002
301224
1104033
301233
334002
1120422
1104042
121020
1120431
121023
301242
334020
2300130
2431200
2300133
3021033
3021030
121032
2300142
3234000
1104114
2300103
3021003
3021000
2300100
1104120
1104123
301302
4430001
2300112
3201222
1104102
4430010
2300121
203001
301311
2300124
1104111
203004
3103023
203010
3201330
3103020
301314
203013
2300202
301320
203022
301323
2300211
301332
3021114
1104132
203031
2300214
3103032
121113
3021111
203034
301341
2300223
1104141
2300220
203043
203040
3201300
3201303
121131
121134
3103002
121143
1104210
1104213
1104222
4430100
1104201
203103
1104204
203100
1104240
301413
301422
2333001
2300232
203112
121200
2333010
2300241
203121
121203
301431
203124
1104231
203130
3021141
334200
203133
2300322
2202021
203142
2300331
3021222
121224
2202024
2202030
121230
2333100
2202033
121233
2300340
121242
2202042
4332000
3103113
1104312
2300301
2202000
2202003
2300304
3201411
3103131
2300310
2300313
1104300
2202012
1104303
1432020
203202
203211
3103203
203214
3103200
2300403
3103230
1104321
2300400
203223
1432002
203220
121302
2202102
3021303
23001
3021300
1104330
23004
2202111
121311
2300412
23010
203232
121314
23013
121320
203241
121323
23022
121332
23031
23034
121341
23040
1301010
1104402
23043
1301013
4201032
1104411
1301022
1301001
1301004
1301043
2202114
1301040
2300421
203301
2202120
2202123
203304
2300430
203310
203313
1104420
1301031
2202132
203322
1301034
2202141
3021330
23100
23103
203331
2202210
121413
2202213
23112
3021411
2202222
203340
121422
23121
23124
121431
2202231
3431010
23130
23133
3103311
2022012
23142
3103302
4201002
1301112
2022003
3431001
2022000
3103320
2202201
4201020
1301103
2202204
4201023
1301100
400002
2022042
1301142
3300021
203403
3431100
3300024
203400
3300030
2022033
2022030
3300003
400023
3300000
400020
1301121
2022024
203412
1301124
1301130
2022021
2202300
1432200
2202303
203421
1301133
3300012
2202240
23202
203430
400032
23211
23214
4201200
4201203
23220
23223
2104032
23232
2022111
1301202
1301211
2022102
23241
1301214
4201113
2104002
2022141
1301232
1121010
1121013
1334001
2202312
1301241
2022132
4201131
1334010
1121022
2202321
3300033
2104020
1301223
2022123
2022120
2104023
400113
1301220
3300042
1121001
2202330
2022114
1121004
400134
1121040
1121043
2202402
400131
23301
23304
400143
2202411
23310
2104113
23313
4021032
2202420
4201302
3300132
1121031
23322
1121034
3300141
4201311
3300114
4021020
4021023
2022204
23331
1301301
2022201
4201320
1203003
3300123
1203000
3300120
1301304
23340
1301310
3300102
4021002
3300111
1301331
1334100
3300210
1203030
4021113
3300213
1121112
2022231
4103031
1203033
3300222
400203
4201230
400200
1301340
2022222
4103022
1301313
1301322
2022213
4103013
3300201
4103010
2022210
1121100
3300204
1121103
400230
220002
4103004
2104131
400224
1121142
4103001
23400
23403
433002
400233
1121121
400242
220023
23412
1121124
220020
433020
1121130
1121133
23421
2022240
2022303
4103103
2022300
4103100
220032
2104230
23430
1301403
1301400
3120033
3300240
1121202
2022330
1301430
2104200
400302
1121211
2104203
3120003
3120000
1121214
2022321
302004
3120030
400311
1203111
3300231
302001
4021131
2022312
1301412
1203114
302013
3333000
400314
1301421
4103040
302010
3120111
3202032
1121232
302022
400323
400320
1121241
400332
302031
2104302
220113
400341
4021230
3300321
3202020
1121220
1121223
302034
1203141
2104311
3202023
3300330
302040
3120114
302043
220131
3202002
4103130
220134
3300312
220143
4021200
4021203
4103121
4103112
3300303
3300300
3300402
4021311
1203222
1121301
3300411
1121304
4103220
2022420
4021302
1121310
302100
302103
1023003
2022411
4103211
1023000
400413
4103202
2022402
2104320
400422
3120141
1121331
302112
2432001
220203
302124
400431
220200
1121340
302121
2432010
1121313
302133
1023033
433200
302130
1023030
302142
1121322
2432100
40002
220224
2301030
220230
2301033
220233
220242
40020
40023
40032
3202131
2301003
1121400
1121403
2301000
3120222
3202113
1203303
4021320
1203300
3300420
302202
3120303
302214
3120300
1023114
3202230
1121430
302211
1023111
302220
302223
220302
1203330
2301111
220311
1121412
2301114
220314
3022002
1121421
302232
220323
4300002
220320
302241
3202200
1023141
3202203
220332
4103310
40113
4300020
4300023
220341
4103301
1203411
40131
40134
3202302
40143
4103400
302301
4431000
204003
302310
204000
302304
3120330
3022023
3022020
302313
2301141
302322
1023222
204030
3022032
220413
302331
302340
204033
2301222
220422
3104040
2121000
40200
2121003
40203
220431
3022113
4300113
2334000
2121012
3022131
2121021
3202320
40224
4300131
3104013
3104010
40230
40233
3104004
3104001
3104031
40242
3120411
3202311
3104022
4300032
302400
302403
1023303
302412
3104103
1023300
3104100
204111
204114
302421
2301303
3022203
3104121
3022200
2301300
302430
2203002
3104112
2121024
2121030
2121033
1023330
204141
40302
2121042
40311
40314
40320
2121120
40323
2121123
4300230
40332
2121132
2121141
40341
1433010
2203020
3104130
2203023
2121102
2301330
2121111
3022230
2203032
2121114
1023411
1433001
204222
2301411
24000
24003
2203113
3022311
2121201
2121204
2203131
2121210
40413
2121213
3022320
4120032
24030
1302003
24033
1302000
3104202
40422
4300200
4120023
4300203
4120020
40431
3022302
3104220
3104211
4120002
1302033
3104301
204303
204300
4120113
1433100
3104310
1302030
2121222
204330
24111
2121231
24114
4202100
4202103
2121240
2121312
2023002
2121321
1302111
24141
4300302
4202001
2121330
4202004
4300311
4202010
4202013
4300320
2203200
2203203
2023032
4202022
1302141
4202031
1302114
2023023
2023020
3432000
2121300
2121303
4202040
204411
4120131
2203230
2203302
2203311
4120230
2203320
3301032
4202202
2121402
24222
4202211
4202220
3301023
3301020
4120203
4120200
3301002
3104400
4202112
4022013
1122000
1122003
2023131
4022010
4202121
4022004
4120311
3301113
4022001
1122012
4120302
4202130
2023113
1302222
1122033
2121411
1122042
24300
2121420
24303
1122021
1122024
1122030
2400033
4202310
24330
1302303
1302300
2023230
2400000
4022040
1204023
1204020
2400003
1122102
1302330
1122111
1204002
4022031
3301131
2400030
4022022
2023203
2023200
4120320
3121002
1122132
2400111
1122141
4022130
3121023
1204032
3121020
1122114
4022121
2400114
434001
1122120
1122123
24411
3301230
434010
4022112
4104030
3301203
3301200
4022100
4022103
4104021
4104012
4104003
4202301
4104000
1204113
3301302
2023320
4104120
4022202
1122201
3203001
3203004
3301311
1122204
4104111
2023311
1302411
2023302
4104102
303000
303003
303012
1122231
3121032
2400141
303021
1204131
303030
434100
1122210
1122213
303024
303033
1122222
2220000
2220003
3121131
303042
2433000
2220012
3203040
1122240
2220021
2220024
2220030
4202400
3203031
1122300
1122303
4022220
3203010
3203013
3121113
1204203
2400222
3301320
1204200
303102
4022211
3203022
1122321
3203121
303111
2400300
3203130
2400303
1122330
1024002
303114
2302002
1204230
303120
303123
3203112
1024023
303132
1122312
1024020
4022310
3121203
3121200
2220033
4022301
303141
2220042
3203100
4104210
1024032
3203103
4104201
1204311
2220132
2220141
4104300
1204302
303204
3121230
2302023
1122420
303201
2302020
2220102
303213
2400330
2220111
303210
303222
1204320
2220114
2302032
1122402
123000
2220120
1122411
123003
2220123
303231
1024113
3023022
2302113
3121320
4301001
2220201
3023013
1024131
303240
3023010
4301004
2220204
2302131
4301010
2220210
2220213
4301013
123030
123033
3023031
2220222
4301022
1401012
3203220
4301031
1401021
3121311
4301040
3203202
3023004
3023001
3121302
3203211
1401000
4022400
1401003
2400411
303300
2040030
303303
1024203
1024200
1401042
3023103
3023100
1401030
303312
1401024
3203301
2302203
2302200
1401033
2040003
303321
3203310
2040000
303330
123111
2220231
1024230
123114
3023040
2220240
2040033
4301121
2220321
1401111
2122020
123141
2122023
2220330
4301130
1401114
2122032
1401102
1401141
1024302
3023112
2220300
2040114
2220303
303402
2040111
2122002
3023130
2302230
1401120
1401123
303411
1024311
303420
1401132
2220312
3023121
2204001
2302311
3023211
2204004
2204010
3023202
2204013
1024320
2040141
2302320
3400032
2220402
123222
2204022
2220411
3023220
2204031
1401204
3400023
1401201
3400020
1401213
4301100
4301103
1401210
3400002
3203400
4301112
2302302
4121022
2040222
3400113
1434000
1221012
4121013
4121010
1401240
1221021
4121004
1401222
4121001
1221003
1221000
1401231
1221042
2122113
123300
2220420
123303
2204040
1221024
2122131
1221030
4301301
4203000
4203003
1221033
4301310
1401300
1401303
123330
2204130
1303002
4301202
2122230
4301211
3023310
1221111
4301220
2204100
2204103
1401330
1221114
1303032
3023301
4121040
2040303
3400131
2204112
2040300
1401312
2122200
2204121
4121031
2122203
1303023
1401321
1221102
1303020
320004
3220020
320001
3220023
3023400
1221141
320013
2204202
320010
1221123
123411
320022
2204211
1221120
3220002
4121130
2040330
3400230
4301400
320031
2204220
2122302
1221132
4121121
4121112
320034
4203111
320040
320043
1401402
4121103
4121100
3400203
3400200
2024031
3302001
1221201
2040411
3400311
4121211
3302004
1221204
1303131
2024022
3302010
1221210
4121202
1221213
3302013
2024013
2024010
402003
4203030
1401411
402000
1401420
1303113
2024004
3400302
2024001
320100
320103
1041003
1041000
2122311
402030
1221240
2122320
3220032
1041021
1221222
320112
2024040
402033
320124
1041012
320121
1221231
320133
1041033
320130
1041030
320142
1041024
3220131
1041042
3220113
1221303
1221300
2024121
3302040
1123002
2204301
1303230
2024112
1303203
1303200
3400320
3302022
2204310
402111
2024103
4121220
2024100
3302031
1221330
3302130
1041102
402114
1123032
4023030
2401002
320202
2204400
320214
3302112
1221312
1041114
320211
2401020
1041111
320220
3220200
3220203
2401023
402141
320223
3302121
1221321
2024130
1123020
1123023
4121310
1041132
4023000
3302103
4023003
3302100
4121301
320232
1041123
1041120
320241
1041141
2024220
4121400
3302202
1221402
1303320
2024211
3040032
2024202
1303302
1303311
402222
320301
1123131
2401032
3040002
222003
1221411
1041213
320310
222000
320304
1041210
3220230
1123113
3040023
3040020
1041204
320313
1221420
1041201
222012
1041231
3122031
320322
222021
1041222
3122022
222024
222030
2401131
320331
320340
3220320
222033
3122040
1041240
222042
3040113
4203300
3220311
2024310
3302211
3122013
2024301
3122010
402303
4023111
402300
3122004
2401113
3302220
3122001
3220302
304002
3204030
1123230
3204000
304020
1123200
1123203
3204003
304023
2401200
320400
3302310
222102
2401203
320403
1041303
320412
3122103
1041300
3122100
402330
222111
222114
320421
304032
1041321
222123
320430
222120
3040131
1041312
3302301
222132
1041330
222141
3040230
2221032
2024400
3040203
3122121
3040200
1123320
2401230
2221002
402411
3122112
304113
1041402
1123302
222201
2221020
3122130
2221023
1123311
222204
3040302
2303010
222210
3122220
1041420
222213
2303013
304131
2401320
1041411
3122211
2303022
222222
42000
42003
222231
2303031
2221113
3040311
4220001
222240
4220004
4220010
4220013
42030
42033
2401302
3302400
3122202
4220022
4023300
2303001
2401311
2303004
3204111
4220031
1320030
304200
304203
3122301
1320000
1320003
222303
2303103
222300
2303100
304230
2303040
124002
2221131
222312
3040320
222321
1320033
124020
124023
222330
42111
124032
42114
4220100
1402002
4220103
4302030
2221230
4220112
4220121
42141
2041023
4220130
2041020
1402032
1320114
3122310
304302
2303112
3024003
3024000
3024030
2221200
1402020
2303121
2221203
1402023
304311
2041002
2303130
1320111
2303202
3024111
222402
304320
2303211
4220040
222411
3122400
124113
2303220
2041032
2221302
222420
1320141
2123001
2123004
2221311
124131
42222
4302000
4302003
3204300
2123040
3401010
2041113
1402131
3401013
1320222
3401022
1402113
3401001
3401004
2123010
1140021
2123013
2221320
124200
1140024
124203
2123022
1140030
1140000
1140003
2041131
2123031
42300
1140012
42303
124230
2123112
1402200
1402203
1140033
2123121
42330
2123130
1140042
4302111
1222002
3401040
1402230
2303301
4220202
2041203
2303310
2041200
4220211
3401031
1320300
1320303
4220220
2123100
2123103
3024300
1222032
1140114
1140120
1140123
2303400
124302
4122030
2041230
3401121
1222023
1222020
124311
1140102
3401130
4122021
4302300
1320330
1140111
124320
4204002
4122012
3401112
42411
1402302
4122003
4122000
4220400
4204020
1140132
1140141
3401103
3401100
2041311
4122111
3401202
1304022
1402320
3401211
4122102
2041302
1304031
4220301
1320411
1402311
1304001
4220310
1304004
1304010
1304013
1222131
2123202
1140210
1140213
2123211
321000
1140222
321003
1222113
2123220
2041320
1140201
1304040
1140204
3221040
1140240
321030
2123301
321033
2123310
1140231
3221031
1304112
3221010
3221013
1222203
1222200
1304121
3221022
1304103
4122120
3401220
1304100
3221001
403002
3221004
3303030
1222230
3221112
403023
1140312
403020
1304130
321111
3303012
4122210
1140300
1042002
3221100
1140303
403032
321114
3221103
3303021
3401301
4122201
1042023
3303003
3303000
1042020
3401310
1140321
321141
1140330
1042032
1304211
4122300
2320032
3401400
1222302
3303102
1304220
1304202
2320002
1222320
1140402
1124022
2123400
1140411
1124031
403113
3221121
1124001
2320023
1222311
1124004
2320020
3221130
1124010
1124013
403131
3041004
321222
2402022
3041001
141003
141000
2402031
1042113
3041022
2320113
3221220
1140420
141012
1124040
3041013
2402040
1042131
3041010
141021
3303120
141024
3221202
141030
1304310
4204200
4024020
3221211
141033
2402004
141042
3303111
2402001
2402013
2402010
1304301
4024002
1124112
3221301
403203
403200
1124121
3221310
321300
2402100
10002
321303
2402103
3303201
3123003
1042203
1124100
1124103
3123000
1042200
403230
3303210
223002
2320131
10020
10023
4401003
3041031
4401000
223023
141102
223020
10032
1124130
141111
321330
4401012
141114
1042230
223032
3041040
4401021
141123
2140002
141120
1304400
3041130
2320230
141132
3041121
2140020
2140023
141141
403302
3041103
1124211
3041100
3123021
2402112
2320203
403311
2320200
3123012
2402121
1124220
1042302
3041112
2402130
3123030
1124202
403320
10113
321411
2402211
3123111
2402220
1042311
223113
2320302
4401102
2222001
10131
141201
4401111
2320311
3041211
2222004
10134
141204
223131
141210
2222010
3041202
2222013
10143
1042320
141213
3123120
2140032
4401120
141222
3221400
141231
3123102
4024200
3303300
141240
2402202
2140131
4401030
1124310
10200
2402301
10203
1124301
223203
2320320
223200
2222022
3041220
2222031
10224
2140113
141303
141300
10230
2222040
10233
43002
223230
2222112
10242
141312
4221000
2140200
2222121
4221003
2140203
141321
43020
43023
141330
2222130
4221012
43032
4221021
2304003
1124400
2402310
2304000
3123210
4221030
1321020
1321023
3123201
3041310
2222100
2222103
3041301
2304030
1321002
10302
2402400
223302
10311
10314
3123300
2304111
223311
10320
10323
3041400
141402
2222202
223320
1321032
10332
141411
10341
2140230
10344
43113
1403004
1403001
141420
4401201
4401210
43131
2140320
4221120
2042013
1403031
2042010
2042004
1321113
2042001
1403013
1403010
1403022
2222211
420003
420000
2042040
2222220
10413
2140302
2042031
1403040
10422
2140311
420030
2042022
1321131
10431
2124000
43200
10434
2124003
43203
420033
2222310
1403100
1403103
10443
2124012
2124021
4401300
3320040
4303002
2124030
43230
1321200
3320022
1403121
1321203
2042103
2042100
4303020
3320031
4221102
1403130
3320001
3320004
4221111
3320010
2222301
1403112
3320013
4041021
3320112
420111
4041012
3320121
1141020
2042130
1141023
2304300
420114
4041000
3320103
4041003
2042121
3320100
1321230
1141002
3402030
2042112
3402003
4303200
3402000
43302
420141
43311
4221300
43320
1141032
1403220
1321302
4123002
2042202
1321311
1223001
3402111
1223004
4221201
1403202
4221210
1403211
2222400
1223031
2124102
1141113
2124111
3320130
1223010
2042220
1223013
420222
2124120
4041030
1321320
2042211
1223022
240003
3140013
240000
3140010
2124201
3140004
3140001
3140031
1223040
2124210
3140022
1141131
240030
4041120
3320211
240033
2042301
4041111
1223103
3320220
1223100
1403301
4123020
4041102
3320202
1403310
3222000
1141200
3222003
1141203
1223121
3320310
4041210
1223130
420303
420300
4041201
3222012
322002
2042310
1223112
3320301
322020
322023
3140040
420330
240111
240114
322032
1141230
3140130
240141
3402300
1403400
1223220
1141302
3140103
3140100
2124300
1141311
1223202
1043004
3222021
3140121
1043001
1223211
420411
3222030
3140112
2042400
1043022
3140202
322113
1043013
2321001
1043010
2321004
2321010
3140220
2321013
322131
1043031
1141320
3222120
3140211
240222
2321022
3320400
3304020
3222102
4041300
3222111
1043040
3304002
4123200
3222201
1043103
1043100
1223301
2403000
322200
1223310
2403003
322203
2321031
1043112
240303
240300
142002
322230
2321040
1043130
1043121
3042030
2321121
142023
142020
240330
2321130
142032
1420020
1420023
3140301
2321103
2321100
2403030
3222210
1420002
3140310
322302
1223400
2321112
3042003
3042000
224001
2403111
322311
1043211
224004
224010
3124002
1043202
224013
4402002
3042111
2321202
322320
1420032
224022
240411
2321211
3124020
1043220
224031
3140400
142113
4402020
224040
3222300
4320111
142131
3304200
4320000
4320003
1420113
2141031
2141040
4320030
1043310
224103
2321220
224100
2141001
1043301
2141004
2141010
224112
2141013
1420131
142203
142200
224121
2141022
224130
2223012
2141100
2223021
2010003
2010000
2141103
142230
2223030
2141112
2010033
2010030
2321301
2223000
2223003
1420200
2321310
1420203
2403300
4140030
1240023
1240020
3124200
1043400
224202
4140021
1240002
224211
3042300
1420230
4140012
2321400
4140003
142302
4140000
224220
2223102
2141121
2010111
142311
2141130
1240032
142320
1322004
1420311
2010141
4222020
2141220
1322001
1322013
1322010
1420302
2010114
1240113
2223111
1322040
224301
2223120
2141202
1322022
1420320
224310
2141211
1322031
2010144
2223201
2223210
1240131
2141301
4402200
2141310
1322100
1404021
1322103
2043003
2043000
4140120
1404030
4320300
4140111
2010222
4222002
1404000
1404003
4140102
1404012
1322130
3321012
2043030
421002
4140210
3321021
224400
1322112
4140201
3321003
1240203
421023
3321000
1240200
421020
1322121
2010303
2010300
4304100
421032
1240230
4222200
4304001
2010333
2010330
3403002
4304010
1404120
1322202
1404102
1404111
1142001
2223300
1240311
1142004
1142010
1142013
3321030
1322211
2043111
2141400
1322220
1240302
421113
2420004
2420001
1142040
2420013
421131
2420010
1240320
2420022
3321120
1142022
4042020
2420031
1142031
3321111
1404210
1322301
4042002
2010414
4140300
1011003
2010411
1011000
3321102
1404201
3403020
1011021
3321201
1142100
1142103
1224021
3321210
1011012
1224030
1224003
1224000
1322310
4124010
421203
1011033
421200
2010441
1011030
1224012
1011024
4124001
1142130
421230
241002
2420040
1011042
1142112
1142121
241023
241020
2420130
3141030
241032
1011102
1404300
2420100
2420103
3141003
1011114
3141000
1011111
1224120
1142202
421302
3141021
1011132
1322400
2420112
1224102
323004
421311
2043300
3141012
1011123
1224111
2420121
323001
1011120
3141102
323013
323010
1011144
3010020
1011141
3010023
323022
2420202
421320
1142211
323031
2420211
3141111
2420220
241113
3223020
3010032
1142220
323040
4042200
3321300
241131
3223002
3403200
4124100
3010002
1224210
1011213
1011210
2240040
1011204
1142301
1011201
1011231
323100
1011222
323103
1224201
1044012
2240001
1011243
2240004
1011240
2240010
1044003
323112
1011234
1044000
3141120
2240013
241203
1044030
241200
2240022
323121
1142310
1044021
2240031
323130
2240103
2240100
2322021
2322030
241230
2240112
2240121
1011303
2420301
1011300
3010113
2322003
3010143
2420310
2322000
1011324
3141210
1011321
3010134
1224300
3010131
3141201
1011312
2322012
1044111
1011342
2404002
323202
1044102
1011333
1011330
323211
2404020
323220
3223200
1142400
3043002
2420400
3010233
241302
2322102
1044120
3141300
3010230
143001
2322111
241311
3010224
143004
2240130
143010
143013
4321002
241320
143022
3010200
143031
3010203
4321020
1421013
143040
1011402
1421010
1421022
1011423
3010302
1011420
1011414
1421004
1011411
1421001
12000
323301
3043020
12003
1421040
1044201
1011432
2240202
323310
2322120
3010242
2240211
1421031
143103
1044210
1011441
12030
2240220
143100
12033
4403010
2322210
3010341
143112
2240301
2142000
2142003
143121
2240310
143130
2142012
3010314
3010311
1421112
3010332
1421100
1421103
2322201
3010320
3010323
3010413
1044300
3420030
2404200
323400
12111
3010431
12114
3420000
1421121
3420003
3010422
2322300
1421130
143202
2011002
2142021
143211
12141
2142030
12144
143220
4403001
2011032
1421202
2142120
1421211
2011023
2011020
1241010
2224002
1241013
1241022
3043200
1421220
2240400
2224020
2142102
1241001
1241004
12222
2142111
1241040
143301
143310
1241031
2142201
4403100
2011134
1110000
1421301
4141020
1110003
2011131
1421310
1323000
1110012
1323003
4321200
4141002
2011113
3420111
1110033
1323030
1241112
1110042
12300
12303
1323012
1110021
1110024
2011143
1323021
1241103
1110030
1241100
2142210
340002
12330
143400
12333
340020
340023
1241121
1241130
4223100
2011230
340032
2011224
1110102
1323102
1421400
1110111
4223001
2011203
2011200
1241202
4223010
1110132
1323120
2224200
1241211
2044020
1110141
3240030
3240000
3240003
1110114
422004
1323111
2011242
422001
1110120
12411
1110123
422013
2142300
422010
2044002
12414
2011233
422022
422031
1110144
340113
3322020
1241220
12441
3240111
422040
3322002
2011323
2011320
340131
1110201
2011314
1110204
4141200
2011311
3420300
2011302
4043001
1110231
1241301
1143000
1143003
1110234
1241310
422103
422100
1110210
3404001
2011341
1110213
1323201
3404010
2011332
1110222
1323210
422112
1143030
340200
340203
422121
1110240
1110243
422130
1143012
1143021
2011422
2421030
340230
2011413
1110300
1110303
1110321
1110324
1110330
1241400
2421000
1110333
1012002
2421003
1143102
1323300
2421012
2044200
1012023
1110312
2011431
2421021
1012020
422202
4043010
1143120
422211
422220
2421102
340302
1012032
340311
242001
2421111
1143111
1110342
242004
242010
3240300
3142002
242013
4043100
340320
242022
3322200
242031
3404100
242040
1110420
1110423
3011004
1110402
3011001
111000
111003
1110411
422301
1110414
1012113
1012143
422310
324000
2421120
111012
324003
1012134
3142020
1012131
111021
1110432
1143201
111024
242103
111030
242100
111033
1110441
324030
1143210
242112
111042
2241003
2241000
242121
3011040
3011043
242130
2241012
2241021
4420002
3011022
1012203
1012200
3011013
3011010
3224001
2421201
4420020
3011034
3011031
3224010
2421210
111102
3011112
422400
111111
1012233
1012230
324111
111114
1012224
2421300
3011133
111120
2110002
111123
1143300
3224100
3142200
3011130
2323002
3011124
242202
3011121
1012242
111132
242211
2241030
111141
111144
4420200
242220
3011100
3011103
1012302
2241120
1012314
1012311
111201
1340022
1012332
2110020
111204
2110023
3011142
111210
1340031
1012323
2241102
111213
2323020
1012320
2110032
1340004
2241111
1340001
111222
1340013
1012341
111231
1340010
242301
2110113
144003
144000
111234
3011241
3044010
242310
111240
111243
3011232
144012
3044001
4322001
2110131
2241201
2110134
144021
2241210
4322010
144030
1340040
2110143
3011214
1422000
1422003
3011211
1422012
3011202
1012413
3011220
3011223
1012431
4240002
3011310
1340112
3011304
111300
111303
324300
3011301
1012422
13002
1340121
1340100
1422021
111312
1340103
4240020
3011322
2110200
111321
1422030
2110203
3011313
13020
111324
13023
111330
242400
111333
144102
13032
144111
111342
1340130
144120
2110242
1422102
4240200
1422111
2143020
3011340
2323200
1340211
1340220
3044100
111402
3011331
2110224
111411
2241300
2110230
111414
2110233
13113
2143002
1422120
111420
1340202
111423
2110311
111432
2110314
3011430
13131
144201
13134
2110320
111441
144210
2110323
13143
2110332
4404000
3011400
3011403
3421020
1422201
3011421
4322100
3011412
3421002
2110302
1242003
1242000
1340310
4142010
1242012
4142001
13200
13203
1422210
1340301
2110341
13224
144300
13230
13233
1242021
13242
1242030
2143200
4011000
4011003
1422300
1111002
1324020
1340400
1242102
1111032
1242111
2110413
2110422
1324002
13302
1111020
2110431
1111023
13311
13314
13320
341004
13323
341001
3241020
341013
13332
341010
1242120
3241002
341022
13341
4011042
341031
4011033
3421200
4011030
4142100
4011024
4011021
341040
4011012
4224000
4011132
1111131
3323001
1242201
4011120
1111134
4011123
210003
3110013
210000
3110010
4011114
1111113
4011111
3110004
423003
423000
3110001
4011102
13413
341100
341103
210030
13422
423030
1242210
210033
1111143
13431
341112
2340003
2340000
341121
341130
2340030
3110031
1111224
3110022
1242300
1111230
1111200
3323010
1111203
3110043
3110040
4011141
1324200
210111
3110034
3241200
423111
210114
3110124
1144020
3110121
3110112
1111233
3110142
1144002
4011240
2422002
341202
3110133
1111242
4044000
3110130
341211
210141
341220
4011231
210144
4011222
3323100
4011213
4011210
3110103
4011204
3110100
4011201
1111314
1013004
4011321
1013001
1111320
1111323
4011312
1013022
3110202
1111302
4011300
4011303
1013013
1013010
1111311
2422020
1013034
1013031
2340111
210222
30000
341301
30003
1111332
243003
243000
341310
1013043
30012
1111341
1013040
30021
30024
3143010
3110241
30030
30033
243030
30042
3110223
1013103
3110220
1013100
1111413
3110214
3110211
1111422
3143001
3110232
1013112
210303
4011330
210300
423300
1013133
112002
1013130
3110313
3110310
1013124
3012000
3012003
1013121
3110304
3012030
3143100
3110331
112020
112023
30102
1111431
1144200
210330
1013142
2422200
3110322
341400
210333
30111
112032
4011420
30114
243111
30120
30123
4011411
4421100
3110301
30132
4011402
30141
30144
2242020
4421001
1013214
4421010
1013211
1013202
210411
1013223
3110340
1013220
3012033
210414
2340300
2242002
112113
1013241
30201
30204
1013232
3012141
112131
2111010
30210
2324001
30213
2111013
112134
2324010
210441
2111022
30222
112143
30231
2111031
2111034
30234
30240
3012111
3110412
30243
4241001
3110403
3110400
3110430
1013310
4241010
1013304
2111001
3110421
1013301
2111004
3012114
1341012
1013322
112200
1341021
112203
1013313
3012222
1013340
1341000
30300
1013331
2111100
1341003
30303
2111103
2111040
112224
2111043
243300
112230
112233
30312
30321
1341030
112242
30324
30330
30333
1210002
4110012
2111142
30342
4241100
4110003
4110000
1423002
1013403
1013400
1210032
1013421
1341111
2324100
2111112
1013412
112302
2111121
2111124
1210023
1210020
112311
1423020
1013430
2242200
2111130
1341102
112314
2111133
112320
2111202
112323
30402
3340020
3012330
2111211
30411
112332
2111214
30414
3340002
2111220
112341
1341120
30420
2111223
30423
30432
3012300
3012303
4110042
30441
4110033
4110030
4110024
4323000
4110021
1210131
4110141
1210134
3422001
1341201
4110132
1210143
3422010
1341210
1210113
4110123
3012411
4110120
4110114
112413
2111232
4110111
2144001
112422
4110102
2111241
2144010
112431
4110204
2111331
2144100
4110201
1210203
1210200
2111340
2013003
2013000
1341300
1210224
1210230
2111301
2111304
1243002
1210233
2111310
2111313
1423200
2013033
2013030
2111322
1030002
1030023
2111400
1030020
2111403
1210242
2111412
3340200
2111421
1243020
4110240
1030032
3422100
2013114
4143000
2013111
4110231
1210302
4110222
4110213
4110210
1210323
1210320
4110330
1112022
4012020
4012023
2013141
1210332
4110321
1112031
1112001
1112004
1210311
4110312
1210314
1112010
1112013
4012002
4110303
4110300
2111430
1030113
1030143
1112034
342000
342003
1210341
1112040
1030134
1112043
1030131
342030
1112112
3242001
1210422
1112121
3242010
1112124
1210431
1030203
1112100
1030200
1112103
2013222
211002
4012032
1210413
3111021
424002
3242100
3111012
211023
211020
3324000
1243200
424020
1112130
1112133
3111033
1030233
3111030
1030230
342111
211032
4012131
1112142
1030224
3111024
2013303
2013300
4110420
4012113
1030242
3111003
4110411
3111000
4110402
1112211
1112214
2013330
1112220
1112223
1030302
3111102
4012200
4012203
1112202
1112241
1030314
1030311
2341002
211113
3111042
1030332
211131
1112232
1030323
211134
2341020
1030320
211143
2423010
3111141
1030341
1112304
3111114
1112310
3111111
1112313
3111132
1014012
4012230
1014003
3111123
2013411
2423001
1112301
1014000
3111120
211203
1440021
1014030
1030413
3111213
211200
1112340
3111210
1014024
1014021
1440030
3111204
424200
3111201
1030431
3111231
1112322
1440000
1014042
1440003
2423100
3111222
1030422
342300
1440012
31002
211224
1112331
211230
4012320
1014033
244002
211233
211242
4012311
31020
31023
4422000
4012302
244020
31032
1112400
1112403
1112412
1014111
1014102
4340001
1014123
211302
3111240
1014120
4340010
113001
211311
1014114
113004
1440120
3144000
211314
1014141
2341200
1440102
113010
113013
1112421
211323
1440111
211320
1014132
1112430
113022
3013032
113031
211332
31113
113034
3111330
211341
113040
113043
31131
2243001
31134
2030013
2030010
3013002
31143
3111303
2030004
3111300
2030001
3013020
3013023
1014204
3111321
1014201
3111312
1014222
2030043
3111402
2030040
4340100
1440210
1014213
2030034
113100
1014210
113103
2030031
3111420
3013113
211413
2030022
1014231
113112
3111411
1440201
211422
31200
113121
2243010
31203
211431
113124
244200
113130
113133
1014240
113142
31224
31230
2112033
31233
2030103
31242
2030100
2112042
4242000
1014303
1014300
2030142
2112000
2112003
3013131
1342002
1014312
2030133
2030130
2112012
2030124
113202
1014330
2112021
2030121
2112024
1440300
113211
2030112
2112030
2243100
1014321
113214
3013230
113220
31302
113223
2112102
2112111
31311
1342020
113232
2112114
31314
31320
113241
2112120
31323
2112123
2030202
31332
1211001
31341
1211004
3013200
3013203
1014411
1211031
4111032
2030232
1211034
1014402
1211010
4111023
2030223
4111020
2030220
3013311
1424001
113301
1211013
2030214
113304
3013302
1014420
1211022
2030211
1424010
113310
113313
4111002
2112132
113322
2112141
441003
441000
1211043
1211040
113331
441012
31413
441021
113340
31422
2030241
441030
2030301
31431
2112231
1211103
1211100
2112240
3341010
1211121
2030331
3013320
1211124
1211130
2112201
2030322
1342200
2112204
1211133
1424100
2112210
2112213
310002
2030313
2030310
113400
1211112
113403
3341001
2030304
2112222
310020
3210033
310023
113412
441102
2112300
113421
2112303
441111
1211142
310032
113430
2112312
2030340
3210030
3341100
3210000
3210003
4111131
441120
3423000
2014002
4111113
4111230
2030430
1211223
1211220
2030421
2014032
3210111
1211202
2030412
1031004
1031001
2014023
1211211
2014020
1211214
4111203
2030403
4111200
2030400
1031022
2112321
310113
2440002
2112330
1031013
1031010
2440020
1211232
310134
1244001
1031034
310131
441201
1244010
1031031
1211241
310143
441210
2112420
1031043
1031040
1211313
1113012
1211322
3210141
2014131
1113021
1031103
3210114
2112402
1031100
1211301
1113000
1211304
2112411
1113003
310200
1211310
2014113
310203
1113042
1031112
3243000
4013040
1113024
1211331
441300
310230
1031133
3030012
130002
310224
1031130
1113030
1244100
1113033
4013031
1031124
3030003
310233
3030000
3210222
1211340
1031121
343002
4013022
2014203
130020
4111320
2014200
130023
310242
4013013
343020
1031142
4013010
4111311
130032
4013004
4013001
4111302
4013112
1211412
1113111
2014230
1113114
3210300
3210303
1211421
4013100
4013103
1211403
1211400
310302
1113102
3030030
1031214
310311
1031211
1113141
3030024
3030021
2440200
1031202
310314
1113120
1113123
1211430
310320
3030042
310323
310332
1031223
1031220
1113132
3030033
2014302
130113
310341
3030123
1031241
3030120
3030114
3112032
1031232
130131
2342001
3030141
130134
2342010
3030132
130143
1113201
1113204
3210330
1113210
3112002
1113213
2014320
3030111
4013130
3112023
3030102
2014311
3112020
4013121
1031310
1031304
1113240
310413
1031301
310422
3030204
1031322
1113222
3030201
2211000
130200
4013220
2211003
130203
3210411
310431
3112113
1031313
1113231
1031340
343200
4013211
1031331
4013202
130224
130230
130233
130242
4013310
2211042
1113300
1113303
4013301
3030240
3030222
1113330
2424000
1031403
2211012
1031400
1441020
3030213
3112131
3030210
2211021
1113312
2211024
1031421
2211030
2342100
2211033
3030231
1113321
1031412
1441002
130302
32001
32004
2211111
130311
3030312
3112230
1031430
32010
2211114
130314
32013
130320
2211120
4210002
130323
2211123
3030330
32022
130332
2211132
3030321
32031
32034
1310001
3112203
4210020
130341
3112200
4210023
1310004
32040
1310010
1113402
32043
1310013
4210032
3030303
3030300
2211102
3112302
1310034
1310043
4341000
1310040
3014013
114000
114003
1113411
1310022
3014010
3112311
3014004
1113420
3014001
1310031
114012
2211141
32100
114021
4013400
32103
114024
130413
114030
114033
32112
130422
32121
114042
32124
130431
4210113
2244000
32130
1310103
2031003
32133
2031000
1310100
2211240
32142
4210131
2211201
1310130
3014031
3030411
1441200
2211204
1310133
2031033
2031030
3014022
2211210
3030402
2211213
1310142
3112320
1310112
3014040
3440001
2211222
114102
1310121
3030420
114111
2211231
3440010
1310124
114114
3014121
2211300
2211303
114120
2113002
32202
114123
3014112
3440100
2211312
32211
114132
32214
2211321
2113020
114141
32220
2113023
32223
3014130
32232
1310202
32241
3014100
3014103
1130001
1130004
1310232
1130010
1130013
1343001
4030002
1310211
2031114
1310214
3014202
114201
2031111
1310223
114204
1310220
2211330
1130034
114210
114213
2113032
1130040
1130043
32301
114222
32304
1310241
114231
1343010
32310
1130022
32313
2031141
4210302
1130031
114240
32322
2113131
32331
1310301
32340
4210200
4210203
3014220
1310322
1130100
1130103
1212021
2031222
1310331
1343100
1212024
2211402
1212030
4030032
3014211
1212003
2211411
1212000
1310304
1310310
4210230
4030020
2113113
4030023
1310313
114300
2211420
114303
1212012
3342000
1130130
1130133
114312
3014310
4030131
1130142
2113200
32400
114321
1130112
2113203
1212033
32403
442002
4112040
1310340
1130121
1212042
114330
4030113
32412
1130124
4112031
442020
32421
4112022
32430
3014301
4112013
4112010
4112004
4112001
1212114
4030200
4030203
1310421
4112121
4210311
1212123
3211002
1212120
1130202
1310430
4112112
4210320
1310403
1310400
1212102
311004
2031303
4112103
2031300
4112100
1212111
311001
1310412
311013
114402
311010
1130232
114411
311022
2113230
1130211
311031
114420
1212132
1130214
2031330
1130220
311034
1130223
1212141
311040
311043
2113320
2441001
1130241
2441010
1212210
1212213
3211032
4030230
1212222
1130301
2031411
3014400
2113302
311100
311103
1212201
3211020
4112130
1212204
3211023
2113311
1212240
1130322
1130331
3211131
1032003
311112
4030320
1032000
2310003
311124
1032030
1130304
2310000
311121
1212231
1130310
1130313
3211113
311133
4030311
442200
311130
4112220
311142
4030302
4112211
1032033
4112202
1130340
4014012
1114002
4440000
4112310
1212312
4014000
4014003
4112301
1212303
1212300
1032111
1114032
1130421
311202
2441100
311214
2310030
311211
1130430
311220
1130400
2310033
1130403
311223
1212321
1114020
1114023
1212330
131001
1032114
1130412
131004
2310114
3031023
1032141
3031020
131010
311232
131013
344001
311241
131022
344010
3031032
131031
131034
2310141
1212402
131040
131043
1212411
3211230
3211200
4014030
3211203
3031002
4014021
2310111
