311300
2
311303
1114130
3113003
1032203
3113000
1032200
213002
14
1114112
3031103
3031100
3113021
311312
20
3211301
23
2310203
1114121
2310200
3113012
213023
131102
311321
213020
3211310
32
131111
311330
131114
1032230
41
213032
44
3031040
131123
131120
131132
2130020
4014200
2130023
131141
1114202
2130032
1032302
3031112
104
3113030
311402
113
2130002
1114211
3031130
2310230
311411
1032311
311420
213113
122
1114220
3031121
2212001
131
131201
2310311
3031211
2212004
131204
134
213131
131210
2212010
3031202
140
2212013
1032320
131213
3113120
143
2310320
131222
2212022
3031220
131231
2212031
3113102
131240
1114301
3113111
3211400
2310302
1442000
200
203
213203
213200
212
3113210
1114310
221
3113201
224
2130113
131303
131300
230
2212040
233
33002
213230
131312
242
2130131
33014
131321
33020
33023
131330
2212130
4211012
33032
4211021
1311002
33041
4211030
2130230
3031310
2212100
2212103
3031301
1311032
302
1114400
2212112
1311014
213302
311
1311020
2130200
2212121
314
1311023
2130203
213311
320
323
3031400
131402
2212202
213320
332
33104
131411
2212211
341
1311041
344
33113
2212220
2130302
131420
33122
33131
33140
4211000
4211003
3113300
2032031
3310001
3310004
1311122
3310010
2032022
1311131
3310013
401
2032013
1311104
404
410003
2032010
410000
410
2032004
1311113
413
2032001
422
2130311
410030
431
2130320
33200
1311140
434
33203
2032040
410033
440
443
33212
33221
2114021
2114030
33230
4211102
1311221
2032121
4211111
1311230
3310040
1131002
2212301
2032112
2114000
4211120
2114003
1311200
3310022
1311203
2212310
2032103
1311212
410111
2032100
2114012
3310031
3310130
410114
1131032
4031030
4031021
2212400
3310112
33302
2114102
1131014
4031012
3310121
410141
1131020
2032130
1131023
2114111
33311
4211300
4031000
3310103
4031003
3310100
33320
1131041
1213010
4211201
4113020
2032220
4031102
1213013
3310202
4211210
1000004
1311320
2032211
1213022
1311302
4113002
2032202
1000022
1311311
1213001
1213004
1213040
1131122
1000043
1000040
410222
2114120
1131131
1000034
230003
1131104
230000
1213031
1131113
33401
443000
230012
3130031
2114210
33410
230021
3130022
230024
230030
230033
1131140
3130040
230042
1311410
2032310
1213112
4031120
3310211
3130013
2032301
1000124
3130010
1000121
410303
2114201
4031111
410300
3130004
1213103
1311401
3310220
1213100
3130001
1000112
1000142
1131221
3212021
312002
1000133
3212030
1131230
312020
3212000
1131200
3212003
1131203
312023
1213121
3310310
230102
4031210
3130103
1213130
3130100
2114300
230111
410330
4031201
1131212
3212012
230114
312032
230123
230120
3310301
230132
230141
1213202
1000202
1213211
4113200
2032400
1000223
1000220
1000214
1000211
1033004
3130121
1033001
1000232
1131320
410411
3130112
1033022
312113
1213220
1131302
1033013
230201
1000244
3130130
1033010
1131311
1000241
230204
2311010
230210
3130220
230213
2311013
312131
1033031
3130211
2311022
230222
230231
2311031
1033040
230240
1213301
3212120
1213310
3310400
3130202
1000313
3212102
4031300
2311001
3212111
2311004
1000304
1033103
1000334
1033100
3212210
1131410
1000331
312200
1000322
312203
3130301
1033112
1000343
3212201
1131401
1000340
230303
2311103
230300
2311100
132002
312230
2311040
1033130
230312
1033121
4310000
4310003
230321
132023
132020
230330
4310012
132032
1410002
1213400
1410014
1000412
1000403
1000400
1000430
3032012
1410032
1000424
3130310
1000421
312302
2311112
1004
1410041
3032003
3032000
3032030
1410020
1410023
2311121
214001
312311
1033211
1000442
214004
2311130
214010
3032021
1033202
1000433
1022
214013
3032111
2311202
230402
312320
214022
2311211
230411
3032102
1034
3114020
1033220
214031
3130400
1040
132113
1043
3032120
2311220
230420
4310102
2131001
214040
2131004
4310111
132131
4310120
1410104
3114002
3212300
2131040
4310021
1410131
1410140
4310030
1033310
1410113
214103
214100
1112
1033301
1410122
1121
2131010
214112
1124
2131013
132203
132200
214121
1133
2131022
214130
1142
2131031
2000030
4310210
132230
2000024
2213030
2131112
2000021
1410200
1410203
2131121
2000012
2131130
2000003
2000000
1230002
1410230
2311301
3032201
2213000
2213003
2311310
1410212
1202
2000042
2213012
1033400
1410221
214202
1211
2131100
3032210
2213021
1214
2000033
2131103
214211
3032300
1230032
1220
1223
2311400
132302
214220
2213102
1232
4130030
34001
34004
1230023
132311
1230020
2213111
1241
34010
4130021
1244
34013
132320
4130012
2000123
34022
2000120
1410302
4130003
2000114
4130000
34031
2000111
3114200
34040
2000102
4310201
4130111
1312022
1410320
4130102
1312031
2000144
1312004
1410311
2000141
1312001
1304
1312013
2000132
1312010
214301
1230131
1313
2213120
2131202
214310
1322
2131211
1230113
1331
2131220
34100
1334
34103
1312040
1340
1343
2000222
34112
2131301
34121
2000213
2000210
2131310
2000204
34130
2000201
4310300
4212002
2033021
1312112
1230203
1230200
2033012
2000243
1312121
2000240
1312100
2213201
1312103
2033003
4212020
2000234
1410401
2033000
4130120
1400
2000231
1403
2213210
411002
1410410
411014
214400
3311030
1230230
1412
411023
411020
1421
1424
2213300
1430
1312130
3311012
2033030
1433
34202
4130210
411032
3311021
1442
34211
2000312
4130201
411041
4212200
3311003
3311000
34220
2000303
2000300
4130300
1312211
2033111
2000342
1312220
1230302
3311102
2033102
2000333
2000330
2000324
1312202
2000321
1230320
411104
1132022
2131400
1132031
411113
1132001
411122
1230311
1132004
1132010
1132013
411131
34301
2033120
2000414
2410022
411140
2000411
34310
2410031
2000402
1132040
2410040
1214003
1214000
3311120
1312310
2033210
2000441
4032020
2000432
1214012
2033201
2410004
3311111
2410001
2000423
2410013
1312301
2000420
2410010
4032002
1132112
411203
411200
1132121
411212
2410100
2410103
411221
3311201
3131003
1132100
1132103
3131000
1214021
411230
3311210
231002
1214030
34400
4114010
231023
231020
4114001
1132130
231032
1312400
1214102
4114100
2033300
1214111
411302
1132211
3131021
2410112
100004
313004
411311
3131012
2410121
1132220
313001
313013
2410130
313010
100022
3131030
313022
1214120
1132202
411320
3000044
100034
313031
3000041
2410211
3131111
2410220
100040
231113
100043
3000032
2230001
313040
2230004
231131
2230010
3131120
2230013
3000014
1214201
3213020
3000002
3131102
4032200
3311300
3000020
3000023
3213002
2410202
3000104
1132310
313100
313103
411401
1214210
100112
1034012
411410
3000122
100121
2410301
3000113
1034003
313112
1132301
100124
1034000
231203
1034030
231200
2230022
100133
313121
1034021
2230031
313130
100142
2230040
231230
2230112
2230121
1214300
2230130
2312003
1132400
3000140
3000143
2410310
2312000
3131210
3000134
100202
3000131
3131201
2312012
1034111
100211
2230103
313202
2230100
2312021
100214
1034102
2312030
100220
100223
313211
313220
3033002
3000233
2410400
231302
2312102
1034120
100232
3131300
3000230
133001
2312111
231311
3000224
133004
100241
133010
3033020
100244
133013
2230202
4311002
231320
2312120
133022
3000242
3213200
3000200
133031
3000203
1411004
1411001
4311020
3000221
133040
3000212
1411031
3000302
2000
1411013
100304
313301
2003
1034201
3000314
1411010
100313
3000311
313310
1411022
2012
2230211
100322
2021
2024
100331
133103
1034210
2230220
2030
133100
100334
2033
1411040
100340
100343
133112
2042
2132000
2132003
133121
2230310
133130
1411100
1411103
2132012
2132021
2132030
3000332
1411121
2312201
3000320
3000323
1411130
100400
2312210
100403
1034300
2102
3000341
313400
1411112
100412
2111
2230301
3000431
2114
100421
2120
100424
3000422
2123
2312300
100430
133202
100433
3410021
2214002
2132
3000440
133211
3410030
100442
2141
3033200
2144
2001023
2001020
3410000
133220
3410003
3410012
3000413
2001002
3000410
3000404
3000401
1411220
3410102
4131002
3410111
1231001
1231004
2001032
1411202
2201
2204
1411211
2230400
2210
2214020
2213
1231031
2132102
2222
2132111
1231010
2231
1231013
133301
2132120
2234
1231022
133310
2240
2243
2001113
2132201
1231040
2132210
1313012
4311200
2001143
1313021
1231103
1231100
2001134
1411301
4131020
2001131
1411310
1313000
2300
3410120
1313003
2303
3230000
3230003
1231121
2312
1231130
3230012
2321
1313030
2324
4000040
4000043
3410210
330002
2214200
133400
1231112
2330
330014
2333
4000034
330020
330023
4000031
2342
4000022
4213100
2001203
3410201
2001200
4000013
330032
4000010
4000004
4000001
330041
4000124
1313111
4000121
2001242
3410300
4213001
4000112
2034002
2001233
2001230
4213010
2001224
4000100
4000103
1313102
1411400
412004
2402
1231220
412001
2411
412013
2132300
412010
2414
1231202
412022
2420
1313120
3230021
2423
1231211
412031
2034020
330104
3230030
2432
2001311
330113
2001302
2441
412040
330122
330131
3230120
330140
2001341
1313201
3312020
3230102
2001332
3230111
1313210
3312002
4000142
2001323
2001320
4000133
2001314
4131200
4000130
412103
412100
1133012
3230201
4000241
1133021
4033010
4033001
4000232
412112
1231301
1133000
1133003
2411000
1231310
330200
330203
2411003
412121
4000220
330212
4000223
412130
330221
4000214
4000211
330230
4000202
1133030
1313300
4000313
2034200
2001431
4000310
4000304
2001422
4000301
2001413
1002002
2411012
1133111
1002023
2411021
1002020
412202
2411030
3230210
412211
1231400
412220
330302
1002032
1133102
330311
232001
2411111
232004
232010
3132002
232013
1133120
2411120
330320
232022
3132020
232031
4000340
232040
3230300
4033100
4000331
3312200
2411102
4000322
3214001
1133201
3001004
3214010
1133210
412301
1002113
1002143
412310
4000430
3001022
314000
314003
4000421
314012
1002134
1002131
4000412
314021
232103
330401
232100
314030
4000400
4000403
330410
232112
232121
232130
2231012
2231021
4410002
2231030
1002203
1002200
1133300
2411201
4410020
3001034
2411210
314102
1002233
412400
2231003
1002230
2231000
314111
3001040
3001043
1002224
2411300
3001133
2100002
3132200
2313002
232202
3001124
3001121
314120
1002242
232211
2100020
2100023
4410200
3001142
2231102
2313020
232220
3214100
1002302
4230002
3001112
1330004
1002314
1330001
1002311
1330013
1330010
1002332
3001214
3001211
1002323
314201
1002320
3001202
2100032
2231111
314210
1002341
1330040
232301
134003
1330022
134000
2231120
232310
1330031
134012
4312001
2100131
2231201
2100134
134021
2231210
4312010
134030
2100143
1330100
1412021
1002413
1330103
3001220
3001223
1412030
1002431
2100113
3001241
3034010
1412000
1412003
314300
1002422
1412012
3002
3001232
3034001
4230020
1330130
3014
3001322
2100200
2100203
3001313
3020
3023
3001340
2313200
232400
1330112
134102
3032
3034100
1330121
134111
3001331
3041
3044
134120
3001304
1412120
3411002
1330202
1412102
3001400
3001403
1412111
2100224
3104
2231300
2100230
2100233
3113
2133002
2100242
3122
1330211
1330220
3131
134201
2133020
3134
2100320
134210
2100323
2002013
3140
2002010
3143
2002004
2100332
2002001
2100341
3001421
2002043
4312100
2002040
1412210
3001412
1330301
2002034
2100302
2002031
2100311
4230200
3411020
2002022
2100314
3001430
1412201
3200
3203
1232021
1232030
3212
1232003
1232000
1330310
3221
4132010
3224
2100413
134300
3230
1232012
4132001
3233
2002103
3242
2002100
4214000
2002142
1314002
1101014
2002133
1101020
2002130
1101023
2002124
4001000
4001003
2002121
1412300
1101002
2002112
1101041
1101044
2100422
3302
1232120
2100431
3311
1314020
2133200
3314
1330400
1232102
1101032
3320
331004
3323
331001
1232111
331013
2002202
3332
331010
331022
3341
331031
3231020
1101104
331040
2002232
1101113
3231002
2002223
2002220
3411200
4001033
2002214
4001030
4132100
2002211
200003
3313010
1232210
200000
1101140
1101143
4001141
3401
3100004
3404
413003
413000
200012
1101122
413012
3410
3413
200021
3100022
331100
331103
1101131
200024
3313001
413021
1232201
200030
1101134
3422
2002241
413030
200033
2002301
4001114
3431
200042
4001111
331112
3440
331121
331130
1101200
1101203
2002331
2330021
1314200
2002322
1101212
2330030
2002313
2002310
2002304
1101233
1134002
3100043
200102
3100040
413102
1101242
200111
3100034
2330003
413111
200114
2330000
1101221
1101224
200123
2002340
200120
1232300
1101230
2330012
3100142
2412002
413120
331202
200132
3100133
200141
331211
2412020
3231200
331220
200144
1134020
2330102
2330111
2002430
1101302
2002421
4034000
1101311
2002412
1003004
3100124
3100121
4001222
2002403
2002400
3313100
3100112
1003022
1101332
3100202
200201
1101341
200204
4001330
3100223
200210
1101314
3100220
1003034
200213
413201
1101320
3100214
1101323
3100211
413210
200222
20000
331301
20003
200231
233003
200234
4001300
4001303
233000
2330120
331310
1003043
20012
1003040
200243
200240
20021
233012
20024
4411001
20030
233021
20033
2330210
233030
1101401
20042
1101404
3133001
1003112
1101431
3100232
1134200
200303
200300
1003133
413300
1101410
102002
1101413
2330201
1003124
200312
3133010
1003121
1101422
3100241
200321
3002030
3133100
3100331
102020
3002024
102023
20102
200324
3002021
1003142
200330
2412200
3100322
331400
233102
200333
20111
1101440
102032
20114
233111
200342
3002042
20120
3100340
20123
3002033
2330300
4411100
233120
20132
20141
20144
3002012
3100313
3002000
3002003
4001411
3100304
1003214
4411010
1003211
1003202
200402
3002111
3100412
1003223
200411
1003220
3002102
3100403
200414
3100400
2232002
102113
200423
1003241
200420
20201
20204
1003232
102131
20210
233201
200432
20213
2232020
102134
233210
200441
102143
20222
20231
2101031
2101034
20234
2101040
20240
2101043
20243
4231001
3100430
4231010
3002120
3002123
1003304
2101001
3100421
1331000
2101004
3002114
1331003
3002141
2101010
2314001
1003322
2101013
102200
3002132
2314010
102203
1003313
2101022
1331030
3002222
1003340
3002213
1003331
20300
2101100
20303
2101103
3002210
1331012
102224
233300
102230
2314100
2101112
102233
20312
1331021
3002231
20321
102242
20324
20330
20333
3002204
3002201
20342
4100030
1003403
1200023
1200020
1003400
1413020
1331102
1200002
3002300
3002303
1003421
1003412
4100003
4100000
1413002
102302
2101121
4001
2101124
4004
1331120
102311
1003430
2232200
2101130
4010
102314
2101133
3002240
4013
102320
1200032
430004
102323
20402
1331111
2101142
4022
430001
20411
430013
430010
102332
20414
4031
430022
4034
2101220
102341
20420
2101223
20423
4040
430031
4043
2101232
20432
2134001
3330020
2101241
20441
2134010
430040
3330002
1200113
3002312
4313000
2101202
3002330
2101211
3002321
4231100
2101214
4100033
4100
3002411
4103
102413
3002402
4112
1200131
430103
430100
4100141
1200134
3412001
2101301
1331201
102422
2101304
3002420
4121
4124
1200143
102431
3412010
2101310
1331210
4130
2003003
4133
2003000
430112
4100114
4142
430121
4100111
430130
4100222
1413200
2003033
2003030
2003024
2003021
1200203
1200200
2003012
1200242
2101313
2101322
4202
1020002
1233020
1331300
1200224
2101331
4211
1200230
2134100
4214
1233002
1020023
1200233
1020020
2003042
2101340
430202
4220
4223
2003102
2101412
430211
4232
430220
2101421
1020032
4241
2101430
1102001
2003132
1102004
1200311
1200314
3330200
1102010
2003123
1102013
2003120
3412100
2003114
4133000
2101400
2003111
2101403
1200302
1102034
1200341
1102040
1102043
4002032
4301
4304
1200323
1200320
4100330
1102022
4310
4002020
4313
4002023
2003141
430301
1200332
1020113
1102031
1020143
430310
4322
332000
332003
1020134
332012
4331
1020131
4002002
332021
4100303
4100300
4340
332030
2003231
1102100
4100411
1102103
2003222
1200413
2003213
2003210
2003204
2003201
1233200
1102130
1020203
1102133
1020200
201002
1102142
4400
1102112
3232001
4403
1200422
414002
2003240
1102121
3232010
201023
4412
1102124
1200431
201020
414020
332102
4421
3101033
1020233
430400
3101030
1020230
332111
201032
4430
1020224
3101024
3232100
2331002
1020242
3101042
332120
3314000
3101003
3101000
2003321
1102202
4002131
2003312
3101021
2003303
2003300
3101012
4002113
1020302
3101102
1102232
4002230
1102211
3101114
1020314
1102214
3101111
1020311
201113
2003330
1102220
1102223
1020332
4002200
4002203
201131
1020323
332201
201134
2331020
1020320
1102241
201143
332210
1020341
2003420
4002302
2200034
2200040
2200043
2003411
1102301
2003402
2200001
1102322
3101132
1430000
2200004
1430003
1430012
1102331
2200010
1004003
3101123
2200013
2413001
1004000
3101120
201203
1102304
1004030
1020413
201200
2413010
1102310
2200022
1102313
3101141
414200
2200031
1020431
3101231
2200100
2200103
2413100
3101222
1020422
332300
21002
201224
201230
1004033
1430021
2200112
234002
201233
1102340
3101240
2200121
201242
1430030
21020
2200124
3134000
21023
4412000
234020
21032
4002320
3101213
3101210
4330100
4002311
3101204
3101201
1004111
1430102
1102421
1430111
1102430
1102400
1102403
4330001
201302
3003002
3101303
4330010
3101300
201311
1102412
1004114
103004
201314
1004141
2331200
2200130
2200133
201323
201320
2200142
103022
201332
21113
103034
1430120
201341
103040
103043
2200232
21131
2233001
3003041
21134
2200241
2233010
21143
3003020
2020031
3003023
3101321
2020022
2200202
3003014
1430201
3101312
1004222
2200211
2020013
2020010
3003032
2200214
2020004
3101330
2200220
2200223
2020001
3101420
3003113
201413
103112
3101411
2200301
201422
3003104
2102000
103121
21200
2200304
2102003
21203
201431
2020043
103124
3003131
2020040
2200310
1430210
2200313
234200
2020034
103133
3003122
103142
21224
21230
21233
3101402
21242
4232000
1004303
2020124
1004300
2020121
1430300
2020112
2020103
2020100
1332020
2200322
103202
1004330
3003140
2200331
103211
2102030
2233100
103214
2020142
2102033
2200340
103220
1332002
103223
21302
2020133
2020130
21311
103232
2102114
21314
2200421
103241
21320
21323
2200430
21332
2102141
21341
1201010
2020223
3003212
2020220
1414001
1201013
2020214
1201022
3003200
2020211
3003203
1414010
2200400
2200403
3003230
2020202
1004411
3003221
1201001
2200412
1201004
2102111
1201043
3003311
1201040
103304
3003302
3331001
2020241
4101041
103313
3003320
1201031
4101032
2020232
1201034
103322
431003
431000
4101023
4101020
103331
431012
21413
4101014
431021
103340
21422
431030
4101002
21431
1414100
4101113
2020313
2020310
1201112
2020304
4101104
2020301
1201103
1201100
1201142
300002
103400
2020340
103403
300014
2102222
300020
3331010
300023
1201121
2020331
103412
1201124
431102
1201130
1332200
2020322
103421
1201133
431111
300032
103430
300044
300041
3200033
431120
2430002
2102330
3200042
1201202
2020412
3003401
3200021
3200024
2004023
1201211
2004020
4101140
1201214
2020403
3200030
2020400
3331100
3200000
3200003
4101131
3413000
2004002
2102300
4101122
3200012
2102303
3003410
3200114
1201232
1021004
1234001
1021001
3200120
1234010
3200123
1201241
300104
4101230
2020430
1021022
300113
1201223
1201220
3200102
1021013
2020421
4101221
1021010
2004032
300122
3200111
2430020
300134
4101212
1021034
300131
431201
300140
1021031
300143
431210
4101203
4101200
1021043
1021040
4003004
4101311
4003001
1201301
4101302
1103000
1201304
1103003
1201310
2004113
1103024
1021103
1201331
1021100
1103030
1234100
1103033
2102411
300200
1201340
300203
300212
1201313
3200132
1103012
1021112
1201322
300221
3200141
2004131
1103021
3200240
431300
300230
1021133
3020012
120002
300224
1021130
1021124
3020003
300233
3020000
1021121
333002
3020030
1103042
120020
300242
120023
3020024
3200231
3233000
333020
1021142
3020021
4003040
2430200
120032
3200210
3200213
1201403
1201400
4003031
3200222
1103102
4003022
2004203
4101320
2004200
4003013
3200201
3200204
4003010
1103120
1103123
1201430
4003130
3200312
300302
4003121
1103132
1021214
202001
300311
1021211
4003112
1201412
1103111
202004
2004230
202010
1103114
3200300
4101410
3102002
1021202
300314
202013
3200303
1201421
4003100
4003103
300320
3020042
202022
300323
4101401
300332
1021223
1021220
202031
3020033
120113
300341
202034
1103141
1021241
202043
202040
1021232
120131
2332001
3020141
120134
2004311
2332010
3020132
120143
2004302
3020111
1103222
3102023
3020102
3102020
1103231
300404
3200321
1021310
1103201
1103204
202103
3020123
300401
3020120
1021304
202100
300413
3200330
1103210
1021301
3020114
1103213
2004320
300410
3102032
300422
3020204
202112
1021322
3020201
2201000
120200
2201003
120203
202121
300431
3102113
1021313
202124
3020222
202130
1021340
2414000
3200420
333200
202133
1103240
3020213
3102131
1021331
300440
3020210
202142
120224
3200402
120230
120233
4003220
3200411
120242
4003211
4331000
4003202
1103312
1103321
1431002
4003310
3102203
1103300
1021403
1103303
3102200
1021400
4003301
202202
202211
1021421
202214
2201030
2332100
2201033
3020231
1021412
202223
120302
202220
22001
1103330
22004
120311
1431020
1021430
22010
120314
202232
22013
3020240
120320
4200002
120323
202241
3020330
22022
120332
3020321
22031
22034
4200020
2201141
120341
4200023
22040
22043
4200032
3020303
3020300
1103411
1300022
1103420
2201111
3020312
1300004
3102230
1103402
2201114
202301
3004013
104000
104003
202304
202310
3430001
3004010
3102311
3004004
202313
3004001
3430010
1300034
202322
3004031
22100
3020411
22103
1300043
202331
1300040
3004022
120413
3020402
3102320
104030
104033
22112
120422
202340
22121
22124
120431
3102302
22130
4003400
22133
22142
4200131
1300112
1300121
1300124
2021003
2021000
202403
202400
3004040
2201222
3020420
104111
202412
2234000
104114
1431200
1300133
202421
2021033
2021030
22202
1300142
202430
22211
22214
2103020
104141
22220
2103023
22223
3004130
2201330
2103032
22232
1300211
3430100
22241
2021114
1300214
2021111
3004100
3004103
1300223
1300220
4200113
3004121
2201300
2201303
1300202
2103002
3004112
1300241
1333010
1120022
3004202
4020020
4020023
2021141
1120031
1120001
3004220
1120004
1300232
1120010
1120013
1333001
22301
3004211
4020002
104222
22304
22310
22313
4200302
22322
1120034
4200311
1120040
1120043
22331
1202003
1202000
1300304
4102013
22340
4102010
4200200
1300313
4102004
4200203
4102001
1120112
2201411
1202033
4200230
1300340
1120121
2103113
104300
1120124
104303
1300322
1120100
1120103
1300331
2021222
1333100
2103131
1202030
4020032
2103200
22400
2103203
22403
432002
104330
22412
3332000
432020
1120130
1120133
22421
4020131
2103230
22430
1120142
1300403
3004301
1300400
4102040
2021303
2021300
4020113
1202111
1300412
4102031
4102022
3004310
4200320
1120211
1120214
301004
3201020
2021330
4102130
1120220
1120223
1202141
3201023
1202114
4020200
4020203
1300421
4102121
3201002
104411
301022
1120202
1300430
3004400
4102112
1120241
4102103
4102100
301034
301040
301043
1120232
4102202
2431010
1120304
2103302
1120310
1120313
2103311
3201032
2103320
4020230
1202222
1022003
301112
2431001
1120301
2021411
1022000
2300003
301124
1022030
2300000
1120340
301121
301133
432200
2300012
301142
1120322
2300021
2431100
1120331
2300024
3201131
2300030
4020320
1022033
3201113
4020311
1202303
1202300
4102220
4020302
4102211
3201200
1120400
1120403
4004030
3201203
1104020
1104023
1202330
1120412
1022111
1104002
301202
4102310
301214
4004000
4004003
1104014
301211
301220
2300033
301223
4102301
121001
2300042
1022114
121004
1104032
1022141
121010
1120421
301232
121013
334001
1104041
301241
1120430
121022
334010
3021032
121031
2300132
121034
2300141
121040
121043
1104113
3021002
2300102
1104122
2300111
2300114
3021023
3021020
4430000
2300123
203003
1104104
1202411
203000
2300120
301304
3201230
1022222
3103022
301313
203012
3103013
2300201
121100
3103010
301322
121103
203021
2300204
334100
2300210
1104131
203024
203030
2300213
3021113
301331
3201320
301340
3103031
121112
203033
1104140
2300222
121121
203042
121124
3201302
121130
121133
3201311
4004111
3103004
3103001
121142
4102400
2120033
1104212
1104221
1022303
3103103
1022300
3103100
1104200
1104203
301400
203102
301403
2120000
301412
2120003
2300231
203111
3021131
203114
301421
2333000
3103040
203123
301430
2300240
121202
203120
1022330
1104230
121211
2120030
203132
121214
3021230
2300321
2202020
121220
2202023
203141
121223
2300330
2120111
2202032
121232
2120114
121241
2202041
1104311
3103112
2300303
2300300
2202002
3103130
2300312
3021203
3021200
1104302
3103121
2202014
203201
1022411
3103211
203204
203210
3103202
203213
1104320
2300402
3021311
1432001
121301
203222
2300411
3021302
23000
121304
2202104
3103220
23003
203231
1432010
121310
121313
23012
203240
121322
2120141
23021
23024
4004300
121331
23030
23033
121340
1104401
23042
1301012
4201031
1104410
1301021
4201040
1301003
1301000
2202113
1301042
203303
3021320
2300420
203300
2202122
1432100
2202131
203312
1301024
1301030
121400
1301033
203321
121403
2202140
2120222
23102
203330
121412
2202212
23111
23114
2120300
121421
2202221
2120303
23120
23123
2202230
121430
23132
2022014
3103310
1301111
23141
1301114
4201001
3103301
3431000
2022002
4201004
4201010
4201013
2202200
2202203
1301102
4201022
400004
3300023
3300020
1301141
3103400
400001
2022041
203402
400013
400010
2022032
3300002
203411
400022
1301123
1301120
2022023
400031
2022020
3300014
2202302
203420
1301132
23201
400034
23204
2120330
23210
400043
23213
400040
4201202
23222
4201211
23231
1301201
2022104
1301204
2104040
23240
1301210
4201100
1301213
4201103
4201112
4201121
400103
2104001
400100
2022140
1334000
2104004
1121012
2202311
4201130
2104010
1301240
1121021
2022131
2104013
2202320
3300032
2022122
1301222
2104022
400112
1121000
1121003
400124
2120411
3300041
1301231
2022113
400121
2104031
2202401
400133
1121042
23300
2104100
400130
23303
2104103
400142
2202410
4021040
2104112
23312
3300131
1121024
4201301
1121030
1121033
2104121
23321
4021031
3300140
4201310
23330
3300113
4021022
1301303
2022203
2022200
1301300
1203002
3300122
4021013
4021010
4021004
4021001
3300104
1301330
4201220
4021112
1121111
3300212
4103030
2022230
1203032
1121114
400202
3300221
400214
4021100
4021103
1301312
2022221
4103021
400211
3300203
400223
3300200
400220
1301321
2022212
4103012
1203023
1203020
1121102
2104130
220001
1121141
4103003
4103000
220004
220010
23402
400232
220013
433001
1121120
1121123
23411
433010
220022
400241
23420
220031
1121132
2022302
4103102
220034
220043
1301402
220040
3120032
1121201
1121204
1203131
2104202
1121210
400301
1121213
3120002
2022320
1301411
400310
2104211
3300230
302000
400304
302003
4021130
3120023
302012
2022311
1203113
3120020
2104220
4021121
400313
1301420
302021
400322
220103
220100
3202040
1121240
302030
433100
302024
400331
2104301
3300320
400340
220112
302033
3202022
2104310
1121222
4021220
220121
3120113
1121231
302042
220124
3202031
220130
3202001
3202004
3300311
220133
4021211
3202010
220142
3202013
4103120
4021202
4201400
4103111
3300302
4021310
3300401
3202100
1121300
1121303
3202103
3300410
4021301
1203230
1203203
1203200
302102
4103210
2022410
1023002
400403
400400
400412
302111
4103201
2022401
1023023
1023020
1121330
400421
2432000
302114
400430
220202
3120131
302120
302123
220211
302132
1121312
220214
1023032
1121321
302141
220223
220220
40001
40004
3120230
40010
2301032
220232
40013
220241
40022
40031
40034
3202130
3120203
3120200
40040
2301002
1203320
40043
1121402
2104400
3202112
1203302
302204
3202121
2301023
1203311
302201
2301020
3120302
302213
1023113
302210
302222
220301
122000
1121411
122003
3202211
220304
302231
3022013
1023131
3022010
220310
3120311
2301113
3022004
220313
3202220
1121420
3022001
4300001
220322
302240
40100
4300004
4021400
40103
220331
3202202
4300010
4300013
122030
122033
40112
4300022
220340
40121
4103300
40124
4300031
40130
40133
1400030
3202301
40142
1400000
1400003
302300
302303
204002
3022031
2301131
3022022
1023203
302312
1023200
3120320
220403
1023230
220400
1400033
204023
302321
3022040
204020
302330
122111
220412
122114
204032
4300100
220421
4300103
3022121
2121002
40202
2301230
220430
3022112
4300112
40211
40214
2121014
4300121
2121020
122141
40220
3022130
2121023
40223
4300130
3104012
1400114
40232
3104003
3104000
2301203
3104030
40241
2301200
3202310
3022103
1400111
3022100
3104021
3104111
1023311
302402
4300040
1023302
3104102
302411
3202400
302420
204113
3022202
2301302
1023320
3104120
1400141
2203001
2301311
2203004
204131
2121032
40301
122222
40304
2121041
40310
40313
2203040
40322
2121122
1400222
2121131
40331
40340
2121140
3022220
2203010
2203013
204203
2301320
204200
1220030
3022211
2203022
2121104
1220003
1220000
2203031
2121113
1433000
122300
122303
24002
204230
3022310
2203112
2203121
2121200
40400
1220033
2121203
40403
24020
4120040
24023
122330
2203130
40412
2121212
24032
1302002
4120031
40421
3104201
4120022
4300202
40430
4300211
4120013
3022301
4120010
1400300
1400303
4120004
4300220
2203100
3104210
2203103
4120001
1220114
3104300
1302032
4120121
204302
4120112
1302023
204311
1302020
4120103
4120100
1220111
1400330
204320
2121221
122411
2121230
4300400
24113
4202102
4202111
1220141
2023004
24131
2023001
2121320
4300301
1400411
4202000
4202003
4300310
4202012
1302131
2203202
4202021
2023031
2203211
1220222
401003
4202030
3022400
401000
2023022
1302113
2203220
2121302
2023013
4120130
2023010
2121311
401030
3301040
2203301
24200
24203
1040003
1040000
401033
2203310
1040030
3301031
4202201
2121401
2023040
3301010
2023103
4120220
2023100
4202210
24230
3301013
1302203
1302200
3301022
4120211
1040033
4120202
3301001
3301004
4022012
1122002
2023130
1302230
4202120
4120310
3301112
4022000
4022003
2023121
1122014
401111
4120301
2023112
401114
1220303
3301103
1220300
3301100
1040111
1122032
2121410
1122041
24302
401141
1122020
1122023
24311
1220330
1040114
24320
1040141
2400032
1302302
1302320
1204022
2400002
1220411
2203400
1122104
2023220
1204031
2400020
4022030
2400023
3301121
1204001
1302311
2023211
1204004
3301130
1204010
4022021
2023202
1204013
401222
1122131
3121004
3121001
221003
221000
1122140
1122113
1040222
3121022
2400113
4022120
3301220
434000
1204040
3121013
1122122
3121010
3301202
4022111
221030
3301211
4104020
221033
4022102
4120400
4202300
4104002
1204112
4022201
3301301
3203000
1122200
1122203
3203003
1204121
3301310
2023310
401303
401300
1204103
1204100
2023301
303002
1040303
303014
1040300
2400131
1122230
303020
3121031
303023
1204130
221111
401330
1122212
221114
303032
1122221
3121040
2400230
2220002
1040330
3121130
303041
3121121
2220014
2220020
2220023
221141
3121103
1204211
3121100
3203030
2400200
1204220
2400203
1122302
3203012
2023400
3121112
1204202
3203021
4022210
3203120
1122320
1024013
303104
401411
1024010
2400302
1024004
303113
1024001
1024031
2302001
2400311
1040411
3121211
1122311
303122
3203111
2302004
1024022
2302010
3121202
2302013
303131
303140
4022300
2220032
221222
1024040
41000
2220041
3301400
41003
3203102
4104200
2220131
1204310
41030
41033
2220140
1204301
2400320
303200
2302022
303203
303212
1024103
2220104
3121220
1024100
2302031
2220113
1122401
303221
221303
1024121
221300
303230
2302040
123002
2220122
1122410
1024112
2302112
3023021
4301000
2220200
4301003
2220203
2302121
3023012
123020
1024130
123023
221330
2302130
2220212
4301012
41111
3023030
123032
41114
2220221
4301021
1204400
1401014
4301030
1401020
1401023
3121310
3203201
2302103
3023003
41141
3023000
2302100
3203210
3121301
1401002
303302
1401041
1024202
2040023
2040020
303311
3023102
1024220
3203300
3121400
2302202
303320
1024211
1401032
2040002
221411
2220230
123113
123131
2040032
2220320
4301120
1401104
2122022
41222
1401113
2122031
2122040
2302211
1401140
1024301
3023111
303401
2040113
2220302
2302220
2122001
2122004
2220311
303410
1401122
1024310
2122010
2122013
1401131
3023120
2204000
123200
2204003
123203
3023210
2302310
2204012
3023201
2220401
41300
2122100
2204021
41303
2122103
3400040
2220410
2040131
2204030
123230
1401200
3400022
1401203
1401212
3400031
4301102
41330
3400001
4301111
3400004
3400010
3400013
2302301
3400112
4121021
1221014
3400121
4121012
1221023
1221020
1401221
2040203
3400103
4121003
4121000
2040200
3400100
1221002
1401230
1024400
2122112
1221041
123302
2122121
123311
2122130
4301300
2040230
123320
4203002
1221032
1401302
2122211
41411
1401311
1303001
2122220
1303004
4301201
4301210
1221104
2302400
1303031
2204102
2040311
3023300
1221113
2204111
2040302
3400130
1303010
1303013
4121030
2204120
2122202
1303022
1401320
320000
1221140
3220022
320003
320012
2204201
3220031
1221122
3220001
320021
1303040
2204210
3220004
1221131
320030
3220010
320024
3220013
2122301
4121120
2040320
3400211
320033
4121111
1303103
1401401
320042
3400220
1303100
4121102
3400202
2024030
3302003
1221203
3302000
1303121
1221200
4121210
3400310
1303130
2024021
4203020
1221212
3302012
4121201
2024012
402002
1401410
1303112
2024003
2024000
3400301
402023
402020
320102
1041002
2122310
320111
1041023
1041020
320114
402032
1221221
3220040
1041014
1221230
320120
320123
4203200
2122400
320132
1041032
320141
3220130
1041041
3220112
1221302
2024120
1303220
3220121
1123001
2204300
1221311
1123004
1303202
2024111
3220100
3220103
3302021
1303211
2024102
3302030
3220211
1123031
402113
2401004
320204
3220220
2401001
320201
4023020
320213
2401013
1123010
1123013
402131
1041113
2401010
320210
2401022
1221320
320222
3302120
3220202
1123022
1041104
140003
140000
3400400
320231
1041131
3302102
4023002
4121300
3302111
1041122
1123040
320240
1041140
140030
140033
3040040
3302201
1221401
2024210
1123100
1123103
1303301
2024201
402203
1303310
402200
1123121
3040013
2401031
3040010
320300
3040004
320303
1123130
3040001
402230
1221410
222002
3040031
1041212
2401040
3040022
1123112
1041203
320312
222014
1041200
3122030
1041230
222023
2401121
320321
222020
3040103
3040100
1041221
3122021
140111
320330
2401130
140114
222032
3040121
222041
3040112
3220310
2401100
2401103
140141
3302210
2024300
3122012
402302
1303400
3122003
2401112
3220301
3122000
304004
3220400
402311
3204020
1123220
304001
304013
304010
3122111
1041311
3204002
304022
1123202
2401202
402320
320402
1041302
3122102
1123211
222104
304031
4023200
2401211
320411
320420
222113
1041320
222122
4400111
304040
3040130
3302300
222131
140222
222140
4400003
4400000
2221031
2221040
4400030
2401220
304100
304103
3040202
3122120
2221001
2221004
3040220
2221010
304112
2221013
1123301
1041401
222203
222200
3040211
304121
2221022
1123310
3040301
304130
222212
2303012
140303
2221100
3122210
1041410
140300
2221103
222221
2303021
42002
2303030
222230
3040310
2221112
4220000
4220003
42020
42023
140330
4220012
42032
2401301
4220021
3122201
2303003
2401310
2303000
4220030
1320020
1320023
304202
3122300
1320002
304211
3204200
304220
1123400
2401400
222302
2303102
2221121
124001
222311
124004
2221130
124010
124013
222320
1320032
124022
140411
124031
42113
1402004
1402001
4302020
2221220
4220102
1402013
124040
4220111
1402010
42131
4220120
2041022
2303111
1320113
304301
2041013
3024002
1402040
2041010
304310
2041004
2221202
1402022
2303120
2041001
3024020
2221211
1402031
3040400
2303201
222401
124100
124103
2303210
222410
2041040
124112
2221301
1320131
2123000
42200
124121
2041031
2123003
42203
2221310
1402100
1402103
124130
4400300
4302002
42230
2041112
1402130
3401012
3401021
2041103
2041100
304400
1402112
3401003
3401000
1320200
1402121
1320203
2123012
1140020
1140023
124202
2123021
1320230
124211
1140002
2041130
2123030
4302200
124220
2041121
42302
1140014
2123111
42311
1402202
42320
2123120
1140032
1140041
4040030
1320311
1222001
2041211
3024200
1222004
2303300
1222010
4220201
2041202
1222013
4220210
3401030
1402211
2221400
1402220
1320302
4040000
4040003
2123102
1140113
1222040
1140122
124301
4040111
3401120
1320320
1222022
124310
1140104
4122020
2041220
1222031
4204001
3401111
1402301
4204010
4122002
1140131
3401102
1140140
2041310
3401201
1222103
1222100
1304021
3401210
2041301
4220300
1304030
1304003
1304000
1402310
1304012
1222130
2123201
1140212
2123210
1140221
321002
124400
1222112
321020
1140200
1140203
1222121
321023
2123300
4204100
321032
3221030
1140230
3221012
2041400
1222202
1304120
3221021
1402400
1304102
3221000
3221003
403004
1304111
403001
403013
403010
3221111
1140311
403022
4040300
1222211
403031
1042013
1042010
1042004
321113
3303020
1222220
1042001
1140302
3221102
1042031
4122200
403040
3401300
3303002
1042022
321131
1140320
1042040
1304210
2320040
1222301
403103
403100
1304201
1140401
2320001
1124021
2320004
2320010
1140410
403112
2320013
1124030
1124000
3221120
1124003
321200
1222310
2320022
403121
321203
1042103
1042100
403130
2320031
1124012
2402021
2320103
3041003
3041000
1042121
2320100
141002
2402030
321230
1042112
2320112
3041021
141014
2320121
3041012
141023
1042130
141020
3221201
141032
3221210
141041
2402000
2402003
4024010
2402012
4024001
1304300
403202
3221300
1124120
403211
3303200
1222400
403220
321302
2402102
10004
3123002
1042202
1124102
4024100
223001
2402111
321311
1124111
223004
2320130
223010
1042220
10022
223013
3041030
4401002
321320
1042211
223022
10034
141104
223031
10040
141113
10043
4401020
141122
2140001
223040
2140004
141131
2140010
2140013
3041120
2140022
141140
2140031
3041102
3123020
1124210
403301
403310
2320202
2402120
2320211
1042301
1124201
3041111
223103
2320220
223100
10112
2402210
10121
1042310
223112
10124
2320301
2222000
141203
2222003
223121
141200
3041210
10133
2320310
223130
2222012
10142
141212
3041201
141221
2140040
141230
2402201
2140130
403400
2402300
10202
1124300
223202
10211
2140100
2222021
10214
2140103
223211
10220
2222030
10223
1042400
2140112
141302
223220
10232
2140121
43001
43004
141311
10241
43010
10244
43013
2222120
4221002
2140202
141320
43022
2140211
43031
4221020
2140220
43040
2304002
1321013
1321010
1321022
3123200
2320400
2304020
2222102
1321004
3041300
1321001
2222111
10304
1321040
223301
10313
223310
10322
1321031
2222201
10331
141401
43100
10334
43103
141410
10340
10343
43112
1403000
1403003
43121
4401200
43130
1403030
2042012
2042003
1321112
2042000
1403012
1321100
1403021
1321103
10400
10403
2222210
420002
223400
10412
2140301
2042030
420023
420020
1321121
10421
2140310
10424
2042021
4303100
10430
1321130
10433
2124002
43202
420032
10442
43211
1403102
2140400
2124020
43220
4303001
2042111
4303010
1403120
1321202
3320021
2042102
2304200
3320030
1321211
3320003
3320000
1403111
2222300
3320012
4041020
1141010
1141013
3320120
1141022
1321220
3320102
4041002
3402020
420113
2042120
1141001
3320111
1141004
3402002
1141040
420131
43301
43310
1141031
1321301
2042201
4123001
1223003
1223000
1321310
4221200
1403201
1403210
1223030
1141112
420203
420200
1223012
1141100
2042210
1141103
1223021
420230
240002
3140012
2124200
43400
3140003
3140000
1141121
3140030
240023
240020
3140021
1141130
3320210
2042300
240032
1321400
1223102
1403300
3320201
4123010
1223120
3222002
1141202
420302
1141211
4041200
322004
420311
1223111
322001
322013
3320300
322010
322022
4123100
420320
3402200
322031
240113
1141220
322040
240131
3140111
1141301
404003
404000
3140102
1141310
322100
322103
1223201
1043003
3222020
1043000
3140120
404030
1223210
1043021
322112
3140201
2321003
240203
2321000
240200
1043012
322121
322130
2321012
1043030
3140210
2321021
240230
3304001
3304010
3222200
1141400
404111
1043102
1223300
3304100
2403002
322202
2321030
322211
1043111
322220
240302
142001
240311
142004
142010
1043120
142013
240320
2321120
142022
3042020
142031
142040
3140300
1420022
2403020
1420031
2321102
1420004
2321111
1420001
1420013
322301
3042002
1420010
224003
322310
224000
3124010
1043210
3124001
1043201
224012
4402001
2321201
142103
142100
224021
4402010
2321210
224030
1420040
142112
142121
142130
4320002
1420112
2141030
404300
1420121
1420100
1420103
4320020
322400
224102
2141000
2141003
1043300
224111
2141012
1420130
142202
224120
2141021
142211
4320200
2010002
2223020
142220
2141102
2141111
2403200
1420211
1420220
3124100
2010032
3042200
2321300
2010023
2010020
2223002
1420202
1240022
224201
4140020
1240031
224210
1240001
1240004
1240010
4140002
1240013
142301
44000
2141120
44003
142310
4402100
1240040
44030
2010143
1420310
1322000
1322003
2010134
1322012
2010131
1420301
2010113
1240112
1240121
224300
2141201
1322021
1240103
1240100
1322030
2141210
2223200
142400
2010203
2010200
44111
1240130
2141300
1404020
1322102
2043002
1420400
2010233
2010230
1322111
2010224
4222001
1404002
4222010
1240211
421004
3321020
1240220
421001
2043020
421013
421010
4140200
3321002
1240202
421022
2010242
1322120
2010302
421031
421040
4304000
2010332
3403001
2010323
1322201
2010320
2010314
4222100
2010311
1142000
1142003
1240310
421103
421100
1142012
1322210
2010341
421112
1240301
2420000
2420003
421121
2420012
44300
421130
2420021
1142021
2420030
1142030
2010431
4042010
1322300
2010422
4042001
3403010
2010413
1011002
1404200
1011023
3321200
1240400
1011020
1224020
1142102
4042100
1011014
1142111
1224002
421202
1011032
421211
4124000
2043200
421220
241001
1011044
1011041
241004
3403100
241010
241013
1142120
241022
241031
241040
2420102
3141002
1011113
1142201
2420111
1011104
1011134
3141020
421301
1011131
421310
323000
2420120
1011122
323003
323012
1011143
323021
3010022
1011140
241103
2420201
241100
323030
3223010
1142210
3010040
3010043
2420210
241112
3010034
241121
3223001
241130
3010004
1011212
1011203
1142300
3223100
1011200
1011230
1011224
1224200
323102
1011221
421400
2240003
2240000
323111
1011242
1044002
1011233
2240012
241202
323120
2240021
241211
1044020
2240030
2240102
2322020
241220
2240111
2240120
1011311
3010124
3010121
2420300
1011302
3010112
2322002
3010142
1011323
1011320
3010133
1011314
3141200
3010220
1011341
3010223
2404001
323201
1011332
3010214
3010211
2404010
323210
3010232
241301
3043001
143003
143000
241310
143012
4321001
143021
4321010
143030
3010202
1421012
1011404
1011401
1421021
1011422
1011413
1421000
1011410
1421003
323300
12002
1044200
1011431
2240201
3010241
3043010
2240210
1421030
12020
12023
241400
143102
1011440
12032
143111
3010340
4321100
2240300
2142002
143120
2404100
1421111
3010313
3010304
3043100
3010331
2322200
1421102
3010322
3420020
3010412
3010400
3010403
12113
3010430
1421120
3420002
3010421
2011004
12131
143201
2142020
12134
2011001
143210
12143
4403000
2011034
1421201
2011031
1421210
2011022
2011013
2011010
2224001
1241012
12200
12203
2224010
1241021
1241003
1241000
2011043
2011040
12224
2011103
2011100
2224100
143300
12230
12233
12242
1241030
2142200
1421300
1110002
2011133
2011130
2011124
4141010
1323002
1110014
2011121
2011112
4141001
1110032
1241111
1110041
4010033
1110044
12302
4010030
4141100
1110020
1110023
12311
1323020
2011142
12314
3420200
1241102
12320
340004
12323
340001
340013
12332
4010000
4010003
340010
1241120
340022
12341
340031
4010111
1110104
2011223
2011220
340040
2011214
2011211
4223000
2011202
1110131
1241201
3240020
1110134
1241210
1110140
1110143
1110113
3240002
422003
2044010
422000
2011241
1110122
422012
12413
2011232
2044001
340100
340103
422021
12422
422030
12431
340112
340121
4010141
3322001
2011322
340130
1110200
3322010
1110203
2011313
2011310
2011304
2011301
4010114
1110224
4043000
1241300
1110230
3322100
1110233
1143002
422102
2011340
3404000
4010222
1323200
1110212
422111
2044100
2011331
1110221
422120
340202
1110242
340211
340220
1143020
4010300
4010303
2011421
2011412
1110302
2011403
2011400
1110320
1012013
1110323
1012010
1012004
1110332
2421002
1012001
1012031
1110311
2421020
2011430
3240200
1012022
1110314
422201
1012043
422210
1012040
340301
1012034
242003
242000
340310
1110341
3142010
3142001
242012
242021
4010330
242030
1110422
1012103
1012100
1110431
1110401
1012124
1110404
3011000
3011003
4010411
1012121
422300
1110410
111002
1110413
1012112
1012142
324002
111014
1012133
111020
1012130
111023
324020
1143200
340400
242102
1110440
111032
242111
111041
111044
2241002
242120
3011042
2241020
3011021
4420001
1012202
4420010
3011012
1012223
3224000
1012220
3011033
2421200
1012214
3011030
3142100
1012211
3011024
111104
3011114
1012232
111113
3011111
3011132
2110001
111122
2110004
111131
2110010
2323001
242201
3011120
2110013
3011123
1012241
111134
242210
111140
111143
3011102
1012301
4420100
1012313
1012310
1012304
111200
2323010
1340021
111203
1012331
2110022
3011141
1340030
324200
1012322
111212
2110031
2110034
1340000
111221
1340003
2110040
1340012
111224
2110043
1012340
242300
111230
2110112
144002
111233
3011240
2110121
111242
2110124
3044000
4322000
2241200
2110130
2110133
144020
2110142
3011213
4240100
1422002
3011210
3011204
3011201
3011231
1012412
2110100
2110103
3011222
1012403
1012400
2323100
1012430
4240001
111302
3011300
3011303
1012421
4240010
13004
1340120
111311
1422020
1340102
111314
3011321
111320
2110202
111323
1340111
3011312
13022
111332
13034
111341
13040
13043
2110241
2143010
2110211
2110214
1340210
111401
2110220
111404
3011330
2110223
111410
111413
2110232
13112
2143001
1340201
111422
2110304
13121
13124
111431
2110310
2110313
144200
13133
111440
2110322
13142
2110331
2143100
2012030
3421010
3011402
1422200
3011420
2012003
3421001
2110301
3011411
2012000
1242002
4142000
13202
1340300
3421100
13211
13214
2012033
2110340
13220
13223
13232
1242020
13241
4011002
2012114
1111004
2012111
2110400
2110403
1111034
2110412
2012141
2110421
1324001
13304
2110430
1111022
1324010
13313
3241010
13322
341000
341003
1111040
341012
1111043
13331
3241001
341021
13340
4011041
2012222
341030
4011032
4011020
4011023
4011014
1111121
1111124
4011131
3323000
1242200
1111133
4011122
1324100
210002
3110012
4011113
1111112
13400
13403
3110003
423002
4011104
3110000
210023
13412
210020
423020
341102
13421
341111
210032
1111142
13430
2340002
341120
2012303
2012300
2340020
3110030
1111220
1111223
3110024
3110021
1111202
2012330
3110042
4011140
1111211
3241100
3110033
1111214
210113
3110123
3110120
3110114
1111232
210131
1144001
3110141
341201
210134
2422001
1111241
3110132
1144010
210143
2422010
341210
4011230
2012411
4011221
3110111
4011212
3110102
4011200
4011203
1111313
1013003
4011320
1013000
1111322
4011311
1013021
3110204
3110201
1111304
210203
4011302
210200
1013012
1013033
423200
1013030
1013024
341300
30002
1111331
210224
210230
1144100
243002
210233
1111340
1013042
30014
210242
30020
30023
2340200
3110240
243020
30032
30041
30044
3110222
1013102
1111412
3110213
1111421
3110210
2422100
1013114
3143000
1013111
1111400
3110231
1111403
210302
112001
1013132
210311
112004
3110312
210314
112010
1013123
112013
3012002
1013120
210323
210320
3110330
1111430
112022
30104
3012020
3012023
1013141
3110321
112031
210332
30113
112034
210341
112040
112043
30122
4011410
3110303
3110300
30131
4011401
30134
30140
30143
4421000
1013213
1013210
1013204
1013201
1013231
112100
112103
1013222
3012032
210413
112112
2242001
210422
1013240
30200
112121
2242010
30203
210431
112124
2324000
243200
112130
112133
30212
2111012
30221
2111021
3012131
112142
2111024
30224
2111030
30230
2242100
2111033
30233
30242
3110411
4241000
3110402
2111000
1013303
2111003
1013300
3110420
3012113
3012200
3012203
1013321
1341020
112202
1013312
112211
112214
1013330
112220
1341002
30302
112223
2111102
2111042
30311
112232
30314
30320
112241
30323
30332
4110014
1210001
2111141
30341
1210004
1210010
4110002
1423001
1210013
1013402
1210034
1013420
2111111
1210043
2111114
1210040
3012230
1013411
112301
14000
2111120
112304
2111123
14003
1210022
1423010
112310
112313
2111132
1210031
2111201
30401
112322
2111204
30404
440003
440000
112331
2111210
30410
3012320
2111213
30413
14030
14033
3340001
112340
2111222
30422
440030
3340010
2111231
30431
3012302
1210103
1210100
4110041
30440
1423100
4110032
4110023
4110020
3012311
1210130
4110140
3422000
1341200
1210133
1210142
4110131
112400
1210112
112403
4110122
1210121
112412
1210124
4110113
14111
2144000
14114
112421
4110104
2111240
440111
112430
14141
2013023
2111330
2013020
4110203
4110200
1210202
2013002
2111300
2111303
1210232
1243001
2111312
1210211
1210214
2013032
3340100
2111321
1030004
1210223
1210220
1030022
2111402
14222
1243010
2111411
1210241
1030043
1030040
2111420
1030034
2013113
4110230
1210301
4110221
4110212
1210322
4012031
1112021
1112024
1210331
4012022
4110320
1112030
1243100
1112000
4012013
1210304
1112003
1210310
2013131
4012010
4110311
4012004
1210313
14300
1112012
4012001
14303
4110302
1030124
1030121
440300
1030112
1030142
1112033
1210340
342002
1030133
14330
1112042
342020
2013203
2013200
3242000
1112114
1210421
1112120
1112123
1210430
2013230
1210403
1210400
1030202
4012040
1112102
211001
1210412
1112111
211004
3111023
1030223
211010
3111020
1030220
211013
424001
1030214
3111014
14411
1030211
424010
211022
1112132
211031
3111032
1030232
211034
1112141
4012130
211043
2013311
211040
4012121
2013302
4012112
1030241
4110410
3111002
4012100
4012103
4110401
4012220
1112210
1112213
1112222
4012211
2013320
4012202
1112201
1112204
211103
211100
1112240
424100
1030313
2341001
211112
3111041
1030304
2341010
211121
1030331
211124
1112231
211130
1030322
342200
211133
211142
1030340
3111140
2210030
2341100
2210033
3111113
1112312
3111104
2210000
1014014
2210003
3111131
2423000
1112300
1014002
3111122
1112303
1440020
211202
1030412
3111212
1014023
211211
1014020
3111203
1030403
211214
3111200
1030400
3111230
1030430
1112321
211223
1014041
1440002
211220
1030421
1112330
3111221
31004
2210111
1014032
244001
211232
244010
211241
4012310
31022
4012301
31034
31040
1112402
31043
1112411
4012400
1014104
4340000
2210114
1014122
211301
113000
113003
211304
211310
1014113
211313
1014140
1112420
113012
211322
2210141
1014131
113021
211331
113024
113030
244100
113033
31112
3013031
2210222
211340
31121
113042
31124
2243000
3013040
31133
3111311
3013004
2030012
3013001
31142
3111302
2030003
2030000
3013022
1014203
3111320
1014200
3013013
3013010
3013100
3013103
1014221
2030042
3111401
211403
211400
1014212
2030033
113102
2030030
3013112
2030024
113111
211412
1014230
113114
2030021
1440200
2210300
3111410
2210303
211421
113120
31202
113123
211430
31211
113132
31214
113141
31220
31223
2112032
31232
2030111
2030102
31241
2112041
1014302
2112002
2030141
1342001
3013130
1014311
2030132
3013121
1342010
2112014
113201
2112020
2030123
113204
2030120
2112023
2210330
113210
2030114
113213
1014320
113222
31304
2112104
3013220
2210411
113231
2112113
31313
113240
31322
2112122
2030204
31331
2030201
1211003
1211000
31340
3013211
3013202
1342100
1211024
1211030
1014410
2030231
4111031
1211033
1014401
2030222
4111022
3013310
1424000
113300
113303
1211012
3013301
2030213
4111013
4111010
2030210
1211021
113312
4111004
2112131
4111001
31400
113321
31403
441002
2112140
1211042
113330
31412
441020
31421
2030240
2030303
4111103
2030300
4111100
2112230
31430
1211102
1211123
1211120
2030330
2112200
2112203
1211132
2030321
310004
2112212
1211111
2030312
1211114
3341000
113402
2112221
4111040
3210032
113411
310022
113420
2112302
3210020
310034
3210023
1211141
2112311
310040
310043
3210002
2014013
4111130
2014010
2014004
4111121
2014001
3013400
4111112
1211222
2014040
4111220
2030420
1211231
2014031
1211201
1031003
2030411
4111211
1211204
1031000
2014022
1211210
4111202
2030402
1211213
2112320
1031021
310112
2440001
310124
1031012
310121
2440010
310133
1244000
1031033
441200
1031030
1211240
310142
1031024
2440100
2014103
2014100
1031042
1211312
3210131
1113014
1211321
1113020
2014130
1113023
3210113
1031102
2112401
1211303
1211300
2014121
1113002
2112410
2014112
310202
1113041
310214
1031114
3210230
310211
1031111
310220
310223
1211330
3030014
1031132
130004
1113032
4013030
3030002
310232
1031123
343001
1031120
4013021
2014202
310241
130022
343010
3210200
4013012
1031141
3210203
4111310
130034
4013000
4013003
130040
130043
4111301
1113104
1211411
1113113
4013111
3210302
1211420
2014220
4013102
4111400
1211402
2014211
212003
1031213
212000
310304
1113140
1031210
3030023
3030020
1031204
310313
1031201
1031231
1113122
310322
3030041
1031222
343100
1113131
212030
3030032
310331
310340
130112
212033
2014301
3030122
3112040
1031240
130121
130124
3030113
3030140
2342000
130133
3030131
130142
3210320
1113200
3112013
1113203
3112010
3112004
1113212
3112001
3112031
3030104
3210311
2014310
3112022
4013120
310400
310403
1031303
310412
3112103
1031300
3112100
212111
212114
310421
3030203
1113221
3030200
3112121
1031321
310430
2211002
130202
1113230
3112112
1031312
130211
130214
4013210
4013201
1031330
130220
130223
212141
130232
130241
2211041
1113302
4013300
1113311
2014400
3030221
1031402
1441010
2211014
3030212
2211020
3112130
2211023
1031420
3030230
1113320
2211032
1031411
1441001
212222
32000
130304
2211104
32003
2211113
130313
3030311
32012
4210001
130322
2211122
4210004
32021
32024
2211131
130331
4210010
4210013
3030320
32030
1310003
32033
1310000
3112202
130340
4210022
1113401
32042
1310012
4210031
3030302
3112220
4210040
3112211
1310033
3112301
1310042
212303
212300
3014012
1113410
114002
1310021
1441100
3112310
1310024
3014000
1310030
3014003
114014
130400
130403
114020
2211140
114023
32102
212330
130412
32111
114032
32114
130421
32120
114041
32123
130430
4210112
2031002
32132
1310102
4210121
1310111
32141
4210130
2211200
2211203
3014030
3030410
2031032
1310132
3014021
2211212
1310141
3030401
1310114
2031023
2031020
3440000
2211221
212411
1310123
114104
1310120
2211230
114113
3014120
2211302
2113001
32201
114122
2113004
32204
2211311
114131
2113010
32210
32213
2113013
2211320
114140
2113022
32222
32231
1310201
1310204
32240
3014111
4210100
4210103
3014102
3112400
4030013
1130000
1130003
1310231
2031131
4030010
4030004
1343000
4030001
1130012
1310210
3014201
1310213
2031113
114200
114203
1310222
1130033
114212
2113031
1130042
32300
114221
32303
2113040
1310240
1130021
114230
32312
1130024
4210301
1130030
2113121
32321
32330
2113130
1310303
1310300
4210202
2031230
1310321
4210211
4030040
1212023
1212020
1130102
2211401
1310330
4210220
2113100
1130111
2113103
3014210
1212002
4030031
2211410
2113112
4030022
1310312
1212014
2031203
2031200
114302
1130132
114311
1130141
4030130
114320
2113202
1212032
32402
1130114
4030121
442001
1130120
1130123
2113211
32411
1212041
442010
4030112
4112030
4210400
32420
4030100
4030103
4112021
3014300
4112012
4112003
4112000
1212113
2031320
4112120
4210310
4030202
1310420
1212122
1130201
3211001
3211004
1130204
4112111
2031311
1310402
1310411
2031302
4112102
1212104
311000
311003
311012
114401
2113220
1130231
311021
114410
1212131
311030
442100
1130210
311024
1130213
311033
1212140
1130222
311042
2441000
3211040
1130240
1212212
3211031
1130300
1130303
1212221
4030220
3211010
3211013
2113301
1212203
1212200
311102
4030211
3211022
2113310
1130321
3211121
311111
3211130
1130330
1032002
311114
2310002
1212230
311120
311123
3211112
1032023
2113400
311132
1130312
1032020
4030310
4030301
311141
3211100
4112210
1032032
3211103
4112201
1114001
1114004
1212311
1114010
1114013
4014002
4112300
1212302
311204
2310023
1130420
311201
2310020
1114040
311213
311210
1212320
311222
2310032
1130402
1114022
131000
1130411
131003
311231
1032113
1114031
3031022
2310113
344000
131012
3031013
1032131
311240
3031010
131021
2310131
131024
131030
131033
3031031
131042
1212401
3211220
1114100
1114103
1212410
3211202
3031004
3031001
4014020
3211211
4030400
