30211
1130002
320002
200203
1202200
200200
2111020
300040
30220
4030000
1011202
2200111
22030
1301020
320020
3220000
4000300
2302000
2110003
221200
2101300
22
1110022
200212
2131000
1301002
1011220
200221
212002
20002
34
3200020
2003002
340000
200230
2120200
3112
43
1031200
3121
113200
3200002
20020
1130020
2012200
212020
20023
211003
2111002
1321000
1022002
1120300
403000
3101200
202300
20032
2300002
2113
232000
40003
1012300
1021003
2023000
2122
1022020
3004000
2002003
2002000
2201200
2003020
2131
300112
211030
2300020
1213000
3110002
300121
40030
22111
111202
2030200
1211002
1021030
200302
2110030
3112000
2002030
230002
200311
111220
1220200
302200
3000400
2212000
1210003
2021020
131200
3202
200320
4003000
400003
1201300
230020
3002020
2000023
2000020
1231000
1103002
3211
220300
20113
122002
2021002
3220
400030
2200
1112200
20122
2203
2000002
3022000
1211020
2020030
23200
4300000
2002111
2320000
20131
1102003
2212
122020
1123000
121003
1110202
3110020
3011200
112300
2221
300202
2230
300211
300220
2011300
1210030
1103020
2020003
2020000
2000032
3002002
2111200
30400
1301200
3000040
2210020
121030
3211000
1130200
202
3020002
320200
4300
2200300
1101022
34000
2230000
2102002
3020020
220
1110220
311002
1102030
223
2000122
311020
20200
232
3000004
212200
20203
1121020
2000113
2210002
20212
1022200
3200200
203002
3000022
1121002
20221
2302
32002
1013002
2101030
20230
2311
2300200
203020
1120030
202003
2320
2020111
1120003
202000
1013020
3000121
1312000
32020
3110200
223000
22300
2000131
3000112
2003200
1310002
4000030
2102020
2101003
1012003
202030
3040000
2122000
304
1012030
30004
230200
4000003
1202002
200002
1011022
322
2000221
30022
3121000
3400
221002
2000212
2021200
20302
1211200
200023
340
2000203
1031002
2000200
200020
1310020
20311
30040
2203000
122200
221020
220003
20320
2002300
2120002
1222000
220000
200032
1031020
3101002
2011003
211300
2012020
113002
40300
1103200
3400000
3101020
2120020
300400
3002200
1202020
2000230
1201003
2311000
1021300
2012002
2110300
202111
220030
113020
112003
1101202
304000
3020200
2011030
2201002
403
1201030
3011002
2102200
2201020
2032000
112030
30112
1121200
4003
311200
1220020
3000202
2000311
30121
400300
2030002
1210300
430
111022
2000302
1220002
3000220
200113
1101220
430000
302002
2210200
200122
131002
3004
3000211
4030
302020
200131
203200
1112020
2113000
32200
220111
1102300
131020
3022
2020300
2002
1112002
322000
121300
2030020
23002
2000320
1013200
3202000
300004
3040
2200000
3011020
2200003
2020
2023
2221000
1310200
23020
22000
2032
1132000
300022
22003
43000
30202
2200030
