4200000
211200
22020
1120020
2002200
2121000
300300
40200
200202
2000400
200211
42000
202002
2110002
1120002
330000
24
4020000
200220
1021200
2112000
33
1201200
2400000
20004
202020
4000020
2101002
42
220200
1012002
303
222000
30003
20022
211002
1012020
2101020
2004000
4000002
2112
2000220
40002
1021002
200004
20040
2121
112200
1210200
330
2002002
2000211
400200
30030
211020
1021020
2000202
40020
3003000
200022
402000
30300
2011200
2400
220002
2110020
2011002
4200
1102200
200040
2022000
1201020
121200
1212000
2020200
220020
1201002
2002020
1210002
240000
112002
400002
2000022
20112
3300000
2011020
400020
402
112020
2211000
20121
2000004
1221000
2202
303000
4002
1102002
2211
420
420000
2200200
2020020
121002
2220
20400
2202000
200112
4020
2000040
1210020
22200
200121
3003
2020002
121020
24000
2220000
3000300
1122000
204
200400
2004
1102020
3030
2110200
1120200
202200
3030000
222
2040000
2200002
204000
3300
2022
2000121
300003
1012200
33000
20202
4002000
3000003
2000112
2101200
240
22002
3000030
20211
2200020
4000200
2040
300030
20220
