311301
1114131
3113004
3
3113001
213003
3211320
311310
213000
311304
12
1114140
1114113
1032222
3113022
3031101
311313
4014120
21
1212420
3211302
24
3113013
1114122
3113010
131103
3211311
30
311322
131100
33
344100
4014111
213030
311331
311340
213033
131112
42
4014102
4112400
3031041
131121
131124
131130
131133
131142
4014201
1114200
3031140
1114203
2130030
2130033
1032303
1032300
102
3031113
1114230
3031110
3113031
311400
2310222
3031104
111
311403
2130000
311412
114
2130003
213111
3031131
1114212
120
213114
311421
2343000
123
3031122
1114221
3113040
131202
3031212
311430
2212002
132
1032330
3113130
131211
2212011
131214
3031203
141
3031200
3113121
2212014
3031230
144
2212020
131223
2212023
213141
131220
2310330
3031221
2130111
3113103
131232
3211410
3113100
131241
1114302
3113112
3211401
2310303
2310300
4014210
1114320
1442001
201
1442010
204
210
1032411
3113211
213
1114311
3113202
222
4014300
2212032
2130114
213222
131301
231
33000
2212041
131304
234
33003
131310
240
131313
243
33012
131322
2130141
33021
33024
131331
4211010
2212131
4211013
33030
33033
1311000
2212140
2130222
4211022
131340
1311003
33042
4211031
4211040
3031311
1311030
1442100
2212101
1311024
2310411
3031302
2212104
3113220
300
1311033
303
2212110
1114401
2212113
1311012
213303
3031320
213300
312
1311021
1114410
2212122
321
324
3031401
2212200
131403
330
2212203
131400
333
33102
213330
2212212
131412
342
1311042
33111
33114
3441000
2130300
3031410
2212221
2130303
131421
33120
33123
131430
1311102
33132
3113310
33141
4211001
3113301
4211004
3310002
1311120
1311123
2032023
1311132
3310011
2032020
3310014
2032014
402
410004
1311111
2032011
3113400
410001
411
410013
410010
2032002
1311114
414
213411
410022
420
2212230
423
410031
432
1311141
33201
33204
410034
2032041
441
2130330
33210
444
33213
410043
410040
2032032
2212320
33222
2114022
2130411
2114031
33231
2114040
33240
4211100
4211103
3310032
1311222
2032122
4211112
1131000
1131003
3310041
1311231
2032113
2212302
1311204
2032110
2114001
4211121
410103
410100
2114004
3310023
1311201
3310020
2212311
2032104
1311213
2032101
2114010
4211130
2114013
1311210
3310131
1131024
410112
1131030
1131033
4031031
410124
3310140
410121
2212401
3310113
2032140
4031022
410133
1344000
33300
2114100
410130
1131012
33303
2114103
3310122
4031013
410142
2212410
2032131
1311240
1131021
4031010
33312
4031004
4031001
4211301
3310101
33321
3310104
3310110
4211310
33330
1131042
1000014
1213011
4031100
2032221
4211202
4031103
4113021
1000011
1213014
1311312
3310203
3310200
4113012
2032212
4211211
1000002
1213023
1311321
1213020
1131102
1311300
1311303
2032203
4211220
4113003
4113000
2032200
1000023
1213002
1000020
410202
2114112
410214
1131120
1131123
1000044
1213041
410211
1000041
2114121
410223
410220
1131132
1000032
2114130
230001
1311330
1131111
230004
2032230
230010
1213032
33402
1131114
4031040
230013
410232
443001
33411
2114211
443010
230022
410241
3130023
4211400
3130020
2114220
230031
33420
230034
1131141
3130041
230043
230040
3130032
1000110
1213104
3310230
1213110
1311411
1000104
4031130
2032311
1311420
1000101
1213113
4031121
2032302
3130014
3130011
1000122
4031112
3310212
4113030
2114202
410301
3130002
1000113
1311402
3310221
1213101
1000143
410310
3310320
1000140
312000
1213140
410304
1131222
3212022
312003
1000134
4031220
1000131
3212031
1131231
410313
3212001
1213122
1131201
3130110
230103
410322
3310311
3212004
1131204
4031211
3130104
230100
1213131
3130101
312030
443100
3212010
1131210
3212013
1131213
2114301
410331
4113120
2032320
4031202
410340
230112
312033
4113111
230121
3310302
230124
4113102
230130
230133
1131240
230142
1213203
1213200
1000203
4113210
2032410
1000200
2032401
1213212
4113201
1000221
1000212
1131312
1033002
3130122
410403
2114310
1000233
410400
1131321
1000230
410412
312111
3130113
1000224
1033023
1033020
3130140
410421
2442000
1131300
1131303
312114
1213221
410430
1033014
3212040
230202
1033011
3130131
1213230
1000242
2311011
2114400
230211
3130221
2311014
230214
1033032
312141
3130212
2311023
230223
2311020
230220
1131330
3212130
3130230
2311032
230232
1033041
1000302
3212112
230241
1213302
3212121
1213311
3310401
4031310
3130203
1000314
3212100
3212103
3130200
3310410
1000311
4031301
2311002
1033101
1131411
3212211
1000332
1000323
3212220
1131420
1000320
3130302
4031400
1033113
1000344
1033110
1000341
1213320
312222
3212202
1131402
2311101
230301
1033104
132003
2311041
132000
230304
1033131
230310
4113300
230313
1033122
4310001
230322
4310004
230331
1033140
4310010
4310013
132030
132033
1410000
1410003
3032040
2311140
230340
1410012
1213401
1000413
1000410
1000404
1000401
1000431
2311104
3032013
1410033
3032010
2311110
3130311
312300
1000422
2311113
3032004
1002
312303
3032001
1410042
1213410
1410021
2311122
214002
3032031
1033212
1011
1000443
1014
1000440
2311131
214011
3032022
1410030
1033203
1020
1000434
214014
1410024
1033200
3130320
1023
2311203
230403
3114030
1033230
2311200
230400
214023
3130410
214020
1032
3032103
1033221
3032100
3114021
132111
3130401
312330
2311212
230412
132114
1041
214032
1044
4310100
2311221
4310103
230421
3032121
2131002
214041
2311230
230430
3032112
4310112
1410102
3212310
4310121
1410111
132141
4310130
3114012
3114003
3212301
3114000
2131041
3212400
1410132
4310022
1410141
1101
4310031
3114111
1033311
1104
214101
1110
1410114
1033302
4310040
1113
3114102
214104
214110
1410120
1410123
312411
214113
1122
2131011
2131014
1033320
214122
1131
2131020
3032130
1134
2131023
214131
1140
1143
2131032
132222
214140
2131104
2000031
4310211
2131110
2213031
2000022
2131113
1410204
1410201
4310220
2213040
2131122
2000013
2000010
2000004
2131131
2000001
1230003
1230000
1410231
3032202
2311302
3114120
2213001
2311311
2213004
1443000
1200
1410213
3032220
1203
2213010
2213013
2000043
1033401
2000040
1410210
214203
2311320
1410222
214200
2000034
1212
2131101
3032211
2213022
1230033
3032301
1221
214212
4130040
1224
2311401
1033410
132303
2213100
3114210
132300
214221
1230
2213103
4130031
2311410
1233
34002
214230
1410240
3032310
4130022
2213112
1242
34011
1230030
34014
2000124
4130013
2131140
34020
4130010
2000121
34023
132330
1410300
1410303
4130004
2000112
4130001
34032
3114201
2000103
34041
2000100
4310202
1312020
1312023
1410321
4130103
4130100
1230111
1410330
2000142
3114300
1312002
1302
1312014
2000133
2000130
214302
1410312
1312011
1311
2131200
2213121
1314
2131203
214311
1320
1323
2213130
2131212
1230141
1230114
214320
1312032
1332
2131221
34101
34104
132411
1312041
1341
2131230
34110
1344
2000223
34113
2000220
2213220
2131302
2000214
34122
2000211
2131311
34131
2000202
2131320
4310301
34140
4212000
2033022
1410420
4212003
1312113
4310310
2033013
2000244
4212012
2033010
4130130
1312122
2000241
1312101
2033004
2213202
4212021
2033001
2000232
4130121
1410402
1401
1312110
2213211
1312104
1404
411003
4212030
1410411
411000
3032400
4130112
214401
1410
411012
3311031
1413
214410
411021
1422
2033040
3311010
411030
4130220
2213301
411024
3311013
1312131
1431
2033031
1312140
34200
1434
34203
1230222
3311022
4130211
411033
2213310
1440
1443
34212
411042
4130202
2000313
2000310
4212201
3311001
34221
3311004
2000304
4212210
2000301
34230
1312212
4310400
4130301
4212102
2033112
2000343
1312221
2000340
1230303
3311103
1230300
3311100
4212111
2033103
2000334
2033100
2000331
4212120
411102
2000322
1312200
1312203
411111
1132020
1132023
1230330
2131401
411114
3311040
2131410
1312230
1132002
2033130
411123
411120
1132011
411132
2033121
34302
1132014
2410020
2000412
2410023
411141
34311
4212300
2000403
2000400
34320
1132032
2410032
1132041
2410041
4032030
3311121
1312311
1214001
1001004
2033211
2000442
1214004
1001001
3311130
1214010
2033202
2000433
1214013
2000430
1001022
2410002
2000424
4130310
2213400
2410014
3311112
1312302
1001013
2000421
4032000
1001010
4032003
2410011
1132113
411204
1001034
3311220
411201
1001031
1214040
1132122
411213
411210
3311202
411222
2410101
4032111
3131004
1312320
1214022
1132101
3131001
231003
1230411
3311211
1132104
411231
4114020
2410110
2033220
231000
2410104
1001043
1214031
4130400
1132110
1001040
34401
4114011
444000
34410
4114002
411240
1132131
231030
231033
1132140
4114110
1001103
2033310
1001100
1214103
1312401
1214100
2033301
4114101
1312410
3131040
1001112
1214130
411303
3131022
411300
1001133
100002
2410113
1132212
1001130
3131013
100011
1001124
1132221
3131010
2410122
313002
1001121
100014
313014
1214112
100020
100023
411312
2410131
313011
2410140
3131031
313020
1132200
1001142
1132203
313023
1214121
411321
2410212
100032
411330
231111
3131112
3000042
100041
2410221
231114
3000033
313032
100044
2230002
2410230
3131130
313041
3213030
1132230
2230011
2230014
3131121
3000012
3213012
231141
2033400
1214202
3213021
3000000
3000003
3131103
1001214
3000030
3131100
1001211
3000024
3311301
3000021
3213000
3213003
3311310
2410200
1001202
2410203
3000111
100101
3213111
1132311
1001223
313101
100104
3000102
1001220
411402
100110
100113
4032300
1214211
313110
1034013
1001244
313104
411411
1034010
3000120
3000123
1001241
3311400
2410302
411420
100122
1034004
313113
1214220
1034001
3000114
1132302
1001232
3213102
1034031
100131
2230023
4114200
2230020
313122
100134
1034022
100140
100143
313131
313140
1132320
2230032
231222
1034040
2230041
2230113
2230122
2312040
1214301
2230131
1001310
1001304
1001301
2230140
3000141
1132401
2312001
2410311
3131211
1001322
2312004
100200
2312010
3000132
100203
1132410
3131202
2312013
1001313
1001343
3213120
1001340
2410320
1214310
313200
2312022
100212
2230101
313203
313212
1034103
1001334
2230104
3131220
1034100
2230110
2312031
100221
1001331
3000144
3131310
313221
100224
231303
2312103
3033003
2410401
3033000
1034121
231300
100230
2312100
3000234
133002
100233
3131301
313230
3000231
2410410
1034112
133011
100242
2312112
3033021
133014
4311000
2230203
4311003
2230200
2312121
3033012
133023
1034130
3000240
133020
3000243
3213201
231330
3000204
3000201
4311012
133032
3213210
4311021
1411002
3000222
133041
1001403
4311030
1001400
3000213
3000210
3000300
3000303
1001421
3213300
1001412
1411032
100302
2001
1214400
313302
1411014
2004
1034202
3000312
1411011
100311
1001433
1411020
1001430
1411023
2010
313311
100314
2013
1001424
100320
2312130
100323
1034220
2230212
2022
3033030
313320
1034211
100332
1001442
2230221
133101
2031
231411
133104
2034
2230230
1411041
133110
100341
2040
100344
133113
2043
133122
2132001
2132004
2230311
4311111
1411101
133131
2132010
2132013
3033120
4311120
2230320
133140
2132022
2132031
3000333
3033102
3000330
1411122
3131400
2312202
3000324
3000321
1411131
2312211
100401
1034301
1411110
2100
1411104
100404
2103
3033111
100410
3000342
2230302
1411113
100413
313401
2312220
2112
313410
100422
1034310
2121
3000420
3000423
3410040
2124
100431
2312301
2214000
1411140
133203
2214003
3410022
133200
2130
100434
3000441
3033210
2312310
2133
100440
100443
3410031
3000432
2214012
133212
2142
3033201
3410004
3410001
133221
2132040
3410013
133230
3410010
3000414
2001003
3000411
2001000
4311102
3000402
3410100
1411221
2132130
3410103
4131003
4131000
1231002
1411230
1411200
1411203
2001033
2001030
1411212
2202
2230401
2211
2132100
2214021
2214
2132103
2230410
1231032
2220
2214030
1034400
2223
2132112
1231011
133302
1231014
2232
2132121
133311
1231023
1231020
2241
2001114
2244
2001111
2214120
133320
2132202
1231041
2132211
2132220
4311201
1313013
3410130
2001144
1313010
1100022
4131030
1313022
2001141
4311210
1411320
1231101
1100031
1100001
4131021
1411302
2312400
3410112
1100004
2214102
1313004
3033300
1411311
1100010
4131012
3410121
1313001
2301
1100013
2214111
3230001
1231122
2304
1313040
3230004
2310
1231131
2313
3230010
3230013
4131120
4000044
1231104
2322
1100034
1313031
4000041
1231110
330000
330003
3410211
4131111
3410220
2214201
1100040
330012
133401
1231113
2331
1100043
4000032
2334
133410
330021
4131102
2340
2343
4000020
4000023
330030
4213101
330024
3410202
4000014
330033
4000011
4213110
1231140
4000002
330042
1100112
4311300
4000122
1411410
3410301
1100121
4213002
4000113
2034003
1313112
1100124
2034000
4000110
4213011
1100100
4000104
1100103
4000101
2001222
1313100
1313103
1411401
4213020
2400
2403
2214210
412002
1231221
412014
3230040
1231230
2412
412011
2132301
2034030
1231203
412023
1231200
412020
1100130
330102
1313121
2421
1100133
2132310
3230022
2424
330111
3230031
1231212
1313130
2430
1100142
2433
3230130
412032
330114
2001303
2001300
2442
330120
330123
412041
4213200
2132400
3230112
330132
330141
3230121
2034111
1100211
3230100
3230103
1313202
1100214
3312021
2001333
3312030
2001330
1100220
1313211
1100223
4000140
3312003
4000143
3312000
3410310
4131210
1100202
4000134
2214300
4000131
4131201
3312012
4033020
1100241
412101
1133010
1133013
1100244
412110
1231320
3312120
3230202
4033011
412104
4000242
1133022
1313220
4000233
3410400
1231302
3312102
4033002
412113
2411004
1133001
1100232
330204
4131300
4000230
412122
330201
4000224
3312111
2411001
1231311
1133004
4000221
330213
1133040
412131
330210
4000212
412140
330222
330231
4000200
4000203
1133031
1100304
1313301
2411040
330240
1100310
4000314
1100313
4000311
1313310
4000302
2001414
1002003
2001411
1100301
1002000
1231410
2411013
1002030
1100340
2411010
1100343
1133112
2411022
412203
412200
3230211
412212
1100322
2411031
330300
330303
1231401
412221
1100331
3230220
1133100
1002033
1133103
1100334
2001441
412230
232002
3132012
232011
2411112
3132003
232014
330312
3132000
1133121
3132030
232023
330321
2411121
3230310
232020
3132021
1133130
2411130
330330
1100400
3312210
2034300
232032
1100403
4000341
232041
4033110
3230301
1313400
1100412
4033101
1002111
4000332
2411100
2411103
3312201
4000320
4000323
1100433
3214002
1133202
4000440
3001002
412302
101001
3214011
1133211
1100442
4033200
1002114
101004
314004
3001020
412311
4000431
1002141
3001023
101010
101013
314001
1100421
1100424
314013
4000422
3001014
3312300
3001011
314010
1100430
101022
4000413
314022
232101
412320
101031
4000410
330402
4000404
232104
314031
101034
4000401
232110
330411
1002144
330420
101040
232113
101043
1133220
4410102
232122
4410111
314040
232131
2231010
2231013
2231022
232140
4410003
4410000
2231031
4410012
3132111
1002222
1133301
3001032
2411202
4410021
3132102
4410030
101100
101103
2411211
1133310
2411220
314100
3230400
314103
3214020
412401
3132120
3001044
101112
2231001
3001041
412410
2231004
2100000
101121
2411301
2100003
3001134
314112
101124
3001131
3132201
2313003
232203
2411310
2313000
232200
101130
101133
314121
3001122
314130
232212
2313012
101142
3001140
3001143
4410201
2231103
3132210
2100030
232221
2231100
2313021
3001101
4410210
2231040
3214101
232230
3214110
4230000
1002303
4230003
1002300
3001113
3001110
3001104
1330002
3214200
1133400
1330014
4410120
1330011
3001212
1002333
101202
1002330
101211
3001200
3001203
314202
101214
2100033
1330032
2313030
101220
101223
314211
314220
2231112
1330041
232302
1330020
101232
1330023
134001
2231121
232311
134004
134010
2231130
101241
101244
134013
2231202
4312002
232320
2313120
134022
2231211
4312011
3034020
2100141
134031
2100144
4312020
2231220
134040
4230111
1330101
1002414
3132300
3001230
1412022
1002411
3001224
3001221
1330110
1412031
1330104
2411400
2313102
2100111
1412004
2100114
2313111
1412001
101301
3034011
3001242
3000
1412013
314301
101304
3003
3034002
3001233
1412010
101310
101313
314310
3012
3001320
1002441
3001323
1330131
1330140
101322
3021
4230030
3001314
3034110
3001341
3024
232401
101331
2313201
1330113
134103
3030
134100
101334
3033
3001332
232410
2313210
3034101
1412040
101340
1330122
2100222
101343
134112
3042
134121
134130
3001311
3001302
4410300
1412112
2133030
3411000
1330200
1412121
3411003
1330203
3001404
1412100
1412103
3001401
101400
101403
3102
1330230
314400
101412
3111
2231301
2133000
3114
2133003
2231310
101421
1330212
3120
101424
3123
2133012
1412130
101430
134202
101433
1330221
3132
2133021
2002014
134211
101442
3141
2002011
3144
2100330
2231400
2002002
2100333
3001440
134220
2133102
2133111
3411030
2002044
3001422
4312101
1412211
2002041
3001413
1412220
1330302
2100300
2002032
2100303
4312110
3001410
3411012
3034200
2313300
2002023
3411021
2002020
3001431
1412202
3201
1330320
1232022
3411120
3204
3210
4132020
1232031
3213
3411111
1330311
1232001
4132011
3222
1232004
1232010
2100411
4132002
2100414
134301
1232013
3231
2002110
2133120
3234
134310
2002104
3240
3411102
2002101
3243
4214001
4214010
1232040
2002143
2002140
1412310
4001022
1314000
1101012
1314003
2002134
4001013
1314012
4312200
2002131
1101021
4001010
4001004
2002122
4001001
1101000
1412301
1101003
4230300
2002113
1232112
1101042
3300
3303
1232121
3312
1101024
2133201
1314021
1330401
1232103
1101030
1232100
2100441
1101033
3321
1314030
2133210
3324
1330410
331002
3330
134400
331014
3333
2002203
2002200
331011
3231030
331020
331023
3342
1232130
2133300
4214100
3231012
3231021
331032
1314102
331041
1412400
2002233
1101111
2002230
3231000
3231003
1101114
1314111
4001040
2002224
4001043
4132110
2002221
3411201
4001034
4132101
2002212
4001031
3411210
1101102
3313011
3100014
1232211
200001
3100011
1101141
200004
1101144
200010
413004
3402
4001142
3100002
3313020
200013
1232220
413001
3231102
3411300
4001133
1101120
3411
413013
1101123
413010
200022
3414
4132200
4001130
3313002
3100023
331101
1232202
413022
4001124
3100020
2002242
200031
1314120
3420
1101132
4001121
3423
2002302
200034
413031
331110
331104
4001112
200043
3432
200040
331113
3441
4001100
4001103
413040
331122
331131
331140
1101201
2002332
4001214
1101204
2330022
4001211
1101210
2330031
2002323
1314201
1101213
2002320
4001202
2002314
2002311
2330040
1134000
3231120
1134003
1101234
3100044
200103
1232310
3100041
200100
1101240
413103
413100
1101243
1134012
3100032
2330001
200112
3231111
1101222
1314210
2330004
2330010
200121
2002341
2330013
413112
200124
1232301
1101231
3100143
200130
3100140
2412000
331200
331203
200133
2412003
413121
2412012
3100134
331212
3100131
413130
200142
331221
3231201
2412021
2330103
1134021
2330100
2412030
331230
3231210
1134030
2002431
3100110
3313110
1101300
4001241
1101303
3100104
4034010
1314300
2002422
3100101
4034001
4001232
2002413
2002410
1003002
3100122
4001220
2002404
4001223
3100113
3313101
2002401
1003023
4001340
3313200
1101330
1232400
1003020
3100203
1101333
3100200
1134102
1003014
200202
4034100
1003011
1134111
4001331
1101342
200211
1101312
3100221
413202
200214
2002440
1003032
4001322
1101321
3100212
200223
4001313
1101324
413211
200220
20001
413220
2330112
331302
4001310
20004
4001304
4001301
2330121
233001
331311
20010
1003044
200232
20013
1003041
233004
2330130
233010
200241
233013
20022
200244
4411002
1134120
233022
331320
20031
2330211
20034
233031
4001400
4001403
20040
1101402
20043
2330220
1003101
233040
2412102
3133002
1003113
3100233
1134201
1101432
1003110
3100230
2412111
200301
1003104
3100224
1003134
102000
102003
3133020
1101411
200304
413301
1003131
3231300
200310
1101414
413310
2330202
200313
3133011
2412120
1101420
1003122
3100242
1101423
200322
3133101
3002031
3100332
20100
20103
1003143
200331
1003140
3002022
3100323
233103
331401
200334
2412201
3100320
233100
102030
102033
20112
1101441
1134210
200343
3002040
3002043
2412210
331410
200340
3133110
20121
3100341
233112
20124
4411101
2330301
3002034
3100302
233121
20130
4411110
20133
233130
4001430
20142
3002013
4001421
3100314
3002010
3100311
3002004
4001412
3002001
4411011
1003212
1003203
1134300
4411020
1003200
200403
1003230
3100413
200400
3100410
1003224
3002100
1003221
3002103
3100404
3100401
102111
413400
200412
2232003
2232000
102114
2330310
1003242
200421
20202
200424
200430
1003233
2232012
233202
200433
20211
20214
2232021
233211
200442
2232030
102141
20220
20223
102144
4411200
2330400
2232102
2314020
233220
2101032
20232
2232111
2101041
20241
2101044
20244
4231002
2232120
1003311
3100431
3002124
4231011
3002121
2412300
1331004
1003302
3100422
2101002
4231020
1331001
3002112
2314002
2101011
3002142
1003323
2101014
1003320
3100440
2314011
3002133
2101020
1003314
3133200
2101023
3002130
3002220
1003341
3002223
1331031
1003332
3002214
2101101
20301
3002211
102222
2101104
20304
1331013
3002232
2314101
2101110
233301
1331010
20310
2101113
20313
1331022
2314110
233310
20322
20331
20334
1331040
20340
20343
3002202
4100031
1413012
1003404
4231110
1003401
1331100
4100022
1413021
1331103
1200030
3002301
1200003
1003422
1200000
4100013
4100010
1003413
4100004
1413000
1003410
102300
1413003
102303
4100001
2101122
4002
1331121
1003431
2101131
4011
2232201
3002241
2101134
1331130
4014
20400
2232210
1413030
1200033
20403
2101140
430002
4020
2101143
4023
430014
233400
102330
1331112
102333
20412
430011
1003440
4032
430023
430020
2101221
20421
2101224
20424
3002340
4041
4044
2232300
2101230
20430
2101233
20433
2134002
430032
3330021
2101242
20442
2134011
3330030
430041
1200114
3330003
3330000
1413111
3002313
4313001
3002310
3002304
3330012
2101200
2101203
4313010
4100043
3002331
4100040
2314200
1413102
2101212
4100034
1200111
4231101
3002322
3412020
1331220
3002412
1200144
3330102
4101
4104
102411
3330111
3002400
3002403
4110
102414
4100142
4113
430101
3002430
1413120
3412002
2101302
1331202
430110
3002421
4122
4100133
4100130
430104
3412011
1200141
2101311
1331211
2003004
4100124
4131
2134020
4134
2003001
430113
4100121
102441
430122
4140
4100112
4143
430131
4100103
430140
4100100
4100223
4100220
2003034
1413201
4100214
2003031
1200222
4313100
4100211
1413210
2003022
4100202
2003013
2003010
4231200
2101314
1233012
2101320
4200
2101323
4203
1020003
1020000
1233021
1020030
1331301
2101332
4212
2134101
1233003
1233000
1331310
3330120
2003043
2101341
430203
4221
2134110
2003040
430200
4224
2003103
2003100
2101410
430212
2101413
4230
4233
430221
1020033
2101422
430230
3330210
4242
1233030
2101431
2134200
1413300
1102002
2003133
2003130
2003124
1102011
3330201
4133010
1102014
2003121
4100241
3412101
2003112
4133001
4100232
2101401
3412110
2101404
1200303
1200300
1020111
1102032
1233111
1102041
4100340
4002033
1102044
3330300
4302
4002030
4133100
1102020
4100331
4311
1102023
1200330
2003142
430302
4314
3412200
1331400
4100322
1233102
1020114
1200333
2101440
4320
430311
332004
1020141
4323
332001
4100313
332013
4100310
4332
4002000
4002003
4100304
332010
1233120
332022
4100301
4341
430320
332031
1020144
4002111
4100412
1102101
1102104
1200411
2003223
2003220
1200414
332040
4100403
1102110
4100400
2003214
2003211
2003202
1102131
1233201
3232020
1102134
201003
1233210
1200441
201000
1102140
1102143
1020222
4401
1102113
3232002
4404
414003
414000
2003241
3232011
4410
1102122
414012
4413
2003232
332100
332103
414021
3101034
201030
4422
430401
414030
3101031
201033
430410
4431
3232101
332112
2331003
4440
2331000
3101043
332121
3232110
3101040
4002141
3314001
3101004
2003322
3101001
332130
3314010
1102200
1102203
2003313
2003310
4100430
3101022
2003304
3101013
2003301
4100421
3101010
4002114
1020303
3101103
1102224
1020300
3101100
1233300
3314100
1102230
1102233
414102
2003340
4002222
201111
1102212
3101112
414111
201114
2003331
1102221
1020333
1020330
2331012
414120
2331021
332202
1102242
2331030
201141
332211
332220
201144
4002300
2200032
4002303
2003421
2331111
2200041
2003412
2200044
1102302
2331120
2003403
2003400
1102320
1430004
3101133
1004013
2200002
1102323
1430001
3101130
1004010
1430013
2200011
3101124
1004004
1102332
2413002
3101121
1004001
2200014
1430010
1004031
1020414
1020411
2200020
2200023
2413011
1102311
2413020
2003430
3232200
3101142
1004022
1102314
2331102
414201
2200101
414210
1004043
201222
1004040
3101223
21000
332301
2413101
2200104
3101220
21003
1430040
1004034
2200110
2200113
234003
2413110
234000
1430022
332310
3134010
1102341
1020441
3101241
1430031
2200122
3134001
3101232
4412001
21030
4002330
4412010
21033
234030
3101214
3101211
4330101
4330110
3101202
1430100
1430103
1102422
1004103
1004100
1102431
4330002
3101310
1102401
1004124
201303
1102404
3003000
4002411
3003003
1004121
3101304
201300
4330011
414300
3101301
1102410
103002
1102413
1004112
1004142
2200131
103011
2331201
4330020
2200134
103014
1430130
2331210
1004133
2200140
103020
1004130
2200143
103023
201330
1430112
332400
201333
21111
1102440
103032
21114
234111
1430121
103041
2200224
103044
2331300
2200230
4412100
2233002
2200233
3003042
2233011
2200242
21141
21144
4330200
2233020
3003021
3101322
1004202
2200200
2020023
3003012
2200203
2020020
3101313
1430202
2020014
1004223
3101340
1004220
3003033
2413200
2200212
2020011
1004214
3003030
3134100
2200221
2020002
3101331
103101
1004211
3003024
201411
103104
3101421
201414
3003114
103110
1004232
103113
3003111
3101412
2200302
3003132
2102001
2020044
103122
2102004
2200311
1430211
2020041
3101430
1430220
103131
2102010
2200314
3003120
2102013
2020032
3003123
1004241
103134
201441
103140
103143
21222
3003102
3101403
3101400
4232001
1004301
2020122
1430301
4232010
2020113
2020110
2020104
1004313
1004310
2020101
1004304
2200320
103200
1332021
2200323
103203
1004331
2102022
3003141
1332030
2200332
103212
1004322
2233101
2102031
2020143
2020140
2102034
1430310
1332000
2233110
2200341
103221
21300
1332003
21303
2020134
2102040
1332012
103224
1004340
2102043
2020131
234300
103230
103233
2102112
3003240
2200422
2102121
103242
2102124
2200431
2233200
21330
2102130
21333
2102133
2200440
2102142
3003213
1201011
2020221
1201014
1414002
3003210
3003204
2020212
3003201
1201023
1414011
1201020
2200401
3003231
1004412
2102100
2200404
2020203
2020200
2102103
1201002
3003222
2200410
2200413
1004403
1004400
1004430
1201041
1201044
103302
3331002
3003300
3003303
1004421
2020242
1332120
4101042
103311
1414020
1332102
103314
3003321
1430400
4101033
2020233
4101030
2020230
103320
103323
1201032
431004
2102202
1332111
3003312
2020224
4101024
431001
431013
21411
4101021
431010
103332
21414
431022
4101012
103341
431031
4101003
4101000
1414101
21441
2102241
1201104
4101114
2020314
1201110
431040
4101111
2020311
1414110
1201113
2020302
4101102
4314000
1201101
2102211
300000
4232100
1201143
1201140
1332210
2102214
300003
103401
300012
2020341
2102220
103404
3003330
2102223
1201122
3331011
300021
2020332
103410
103413
2102232
1201131
431103
300030
431100
1201134
300024
2020323
1332201
3331020
2020320
103422
2102304
300033
103431
2102310
2102313
431112
300042
103440
3200034
2102322
3331110
2430000
2430003
431121
3200040
3200043
2102331
431130
2004030
1201203
1201200
2020413
2020410
3413010
3200022
3003402
2020404
4101141
1414200
1201212
3331101
2020401
3200031
3200001
3003420
4101132
3200004
3200010
3413001
2004003
3200013
4101123
2102301
3003411
2004000
4101120
3200112
1234002
300102
1201233
1021002
2020440
4101240
1201242
3200121
1234011
300111
3200124
4134000
1021023
2020431
4101231
1021020
3200100
300114
3200103
1201221
4101222
1332300
3413100
2020422
1021014
1201224
1201230
1021011
300120
2004033
300123
300132
4101213
431202
4101210
2102340
1021032
300141
4101204
2430030
431211
4101201
431220
300144
1234020
1021044
1021041
1201302
4003002
4101303
1103001
4101300
2004114
1103004
1201311
2004111
2102400
1021101
2102403
1201332
1234101
1103031
300204
1103034
1234110
2102412
300201
1201341
1201314
300213
3331200
3200130
1103010
2004141
3200133
1103013
2102421
1021113
300210
1201323
1021110
2430111
300222
1201320
3200142
1103022
2102430
1021104
3200241
120000
1021134
120003
3233010
3020013
431301
300231
3020010
1021131
431310
3020004
333000
1021122
333003
300234
3020001
1103040
3020031
333012
1103043
300240
300243
3233001
3200232
3020022
1021143
333021
1021140
4003041
120030
2004222
120033
333030
3200211
4003032
3200214
1201401
4101330
3200220
1103100
1201404
3200223
1103103
4003020
4003023
4101321
3200202
4003014
4003011
4101312
3200304
1103121
1103124
1201431
4003131
3200310
300300
3200313
1234200
1103130
300303
1103133
4003122
1201410
202002
4101420
1021212
4003113
1201413
202011
1103112
4003110
3102003
1201422
1021203
300312
4003104
4101411
3200301
202014
3102000
1021200
4003101
300324
1021230
202023
4101402
3020043
300321
3020040
202020
1021224
300333
1021221
333102
3020034
300330
120111
431400
333111
1201440
300342
120114
202032
1021242
1103142
202041
1021233
202044
3020142
2332002
333120
2332011
3020133
120141
3020130
2004303
120144
2004300
2332020
3102030
3200340
1103220
1103223
3020103
3020100
1021311
3200322
3020124
1103202
2004330
202101
300402
3020121
4003140
2430300
1021302
300414
3200331
202104
1103211
3233100
202110
3102033
3020112
1103214
300411
300420
202113
300423
3020202
1021323
1021320
2201001
202122
3102114
1021314
2201004
202131
1103232
3020223
3102141
3020220
1021341
2201010
333201
300432
2201013
2414001
3200421
202134
3020214
1103241
1021332
202143
300441
3020211
2414010
3200430
120222
202140
333210
2201022
3200400
4003230
3200403
2004411
4003221
3200412
3102111
4003212
4331001
4003200
4003203
1103313
4003320
1103322
1431000
1431003
4003311
1021404
1103301
1021401
202203
1103304
4003302
202200
1103310
1021422
1431030
2332101
3020232
2201031
202212
1021413
2201034
2332110
120300
1021410
120303
202221
333300
1431012
2201040
22002
2201043
202224
1103331
202230
1021431
1431021
202233
22011
1103340
22014
3020241
4200000
2201121
202242
4200003
22020
3020331
2201124
22023
4413000
2332200
120330
2201130
120333
3020322
2201133
1021440
22032
2201142
22041
3020340
22044
4200030
4331100
4200033
3102222
3020301
1300023
1103412
1300020
1431102
1103421
2201100
2201103
2414100
1300002
3020313
1300011
3020310
1103400
2201112
1103403
1300014
202302
3020304
4331010
104001
3004014
202311
1431120
104004
3430002
3004011
202314
104010
104013
3430011
3004002
202323
1431111
3020412
1300032
202320
2201202
3102330
22101
1103430
104022
22104
3004020
1300041
3004023
120411
2201211
3020403
3020400
22110
104031
1300044
120414
202332
2201214
22113
104034
202341
104040
22122
104043
4003410
3102303
3102300
22131
4003401
22134
120441
22140
22143
2021022
1300113
1300122
2021013
2021010
4200141
2021004
1300101
2021001
1300104
1300110
3020430
202401
3004041
104100
2201220
104103
2201223
202404
202410
3020421
3004032
2021043
202413
2021040
3430020
1300131
2201232
104112
2234001
1431201
2021034
1300134
202422
22200
2234010
2201241
104121
2021031
22203
1300143
202431
104124
1300140
1431210
2201313
3004140
104130
22212
104133
202440
2201322
22221
3004131
104142
22224
2201331
2103030
22230
2234100
2103033
22233
2201340
3430101
22242
3004110
3102411
3004104
2021112
1300212
3004101
3430110
1300221
4200111
2021103
4200114
2021100
2201301
3004122
2103000
1300203
2201304
2103003
1300200
3004113
2201310
1300242
4020030
3004200
1120020
3004203
1120023
1333011
1333020
2021142
104202
3430200
3004221
1431300
104211
1300224
1120002
2021133
2021130
1300230
104214
3004212
2201400
1300233
1120011
2201403
2021124
4020000
104220
4020003
1333002
22302
104223
1120014
2021121
22311
104232
22314
4200300
4200303
22320
104241
1120032
22323
1120041
22332
1120044
4102014
2021214
1202001
1300311
2103141
4102011
22341
2021211
1202004
1202010
1300314
4102002
2021202
1202013
1300302
4200222
1120113
1202034
1333110
2201412
1300341
2103111
2021241
4233000
1202043
2103114
1202040
3004230
1120122
104301
2201421
2021232
1300323
104304
1300320
1120101
1202022
104310
2201430
104313
1333101
1120104
2021223
2021220
4020033
1202031
1300332
1120110
22401
104322
22404
432003
432000
22410
104331
3004320
22413
4020141
1120131
3332001
104340
2103222
22422
1120134
3332010
432030
4200411
1120140
1120143
22431
2021310
1300401
3004302
1202103
2021304
1202100
1300404
4102041
22440
1300410
2021301
1300413
4102032
4020114
4020111
4102023
3004311
4102020
1202130
4102140
2021340
4020222
3414000
1333200
1120212
1202133
4200330
1300440
1120221
1202142
4102131
2021331
301002
104400
301014
104403
1202112
4102122
2021322
1300422
3004410
301011
3201000
301020
1120200
1120203
3201003
301023
1202121
1300431
3004401
104412
1202124
4102113
2021313
4102110
1120242
104421
4102104
432111
4102101
301032
104430
301044
1120224
301041
1120230
1120233
2103330
4102203
2021403
2431011
4102200
2021400
1202202
2431020
2103300
1120311
2103303
2021430
301101
1202232
1120314
1202211
301110
1022013
2021421
301104
1202214
1022010
3201030
3332100
3201033
2021412
1022004
301113
1202223
1202220
1022001
2431002
1120302
1022031
2300001
1120341
3201141
301122
2300004
2300010
1022022
301134
2300013
301131
301140
1120320
1120323
2103411
301143
1202241
1022043
2300022
4020330
1022040
2431101
2300031
1120332
1022034
3201111
4102230
3201114
1202301
4020300
4020303
4102221
4102212
1120401
1202322
4004031
1120404
1104021
4020411
1104024
1202331
1120410
4004022
1120413
1104030
4102320
1104000
4004013
1202304
1104003
301200
1202310
301203
4004010
301212
1022103
4102311
4004004
1202313
1022100
1104012
4004001
4102302
2300034
301221
2431110
1022124
1022121
2300043
1120440
432300
301230
2300040
121002
301224
1022112
1104033
1022142
121011
301233
1202340
334002
1120422
121014
1022133
1104042
121020
1022130
334011
301242
1120431
121023
2300130
334020
2431200
2300133
3021033
3021030
121032
2300142
121041
121044
3234000
1104114
2300103
3021003
3021000
2300100
1202421
1104120
1104123
1202430
1202403
301302
4430001
1202400
2300112
1022202
4004040
3201222
1104102
4430010
2300121
203001
301311
1202412
2300124
1104111
203004
3103023
1022223
203010
3201330
3103020
1022220
203013
301314
2300202
3103014
1022214
3103011
301320
121101
1022211
203022
301323
2300211
334101
301332
121104
3021114
203031
1104132
2300214
3103032
121110
1022232
121113
3021111
203034
301341
334110
2300223
1104141
2300220
4004130
203043
203040
121122
3201300
4004121
3201303
121131
4004112
1022241
121134
4102410
3103002
121140
121143
4004100
4004103
4102401
4004220
1104210
2120034
1104213
2120040
2120043
1104222
4004211
3103101
1022301
4430100
4004202
301404
1104201
203103
1104204
301401
203100
1104240
301413
2120001
2120004
301410
1022313
1022310
2333001
301422
2120010
2300232
203112
2120013
3103041
1022304
2333010
121200
2300241
203121
121203
301431
1022331
2120022
203124
1104231
203130
3021141
334200
121212
1022322
203133
2120031
2300322
301440
121221
2120100
2202021
203142
2120103
2300331
3021222
121224
2202024
3103140
1022340
2333100
2202030
121230
2202033
121233
2120112
2300340
2120121
121242
2202042
2120124
4332000
3103113
1104312
3103110
2300301
3103104
2202000
2202003
2300304
3201411
3103131
2300310
2300313
1104300
3103122
2202012
1104303
1432020
203202
3103212
1022412
203211
3103203
1022403
203214
3103200
1022400
2300403
3103230
1104321
1022430
2300400
203223
1432002
203220
121302
2202102
3021303
23001
3021300
1104330
3103221
1022421
23004
2202111
1432011
121311
2300412
23010
2120130
203232
121314
23013
2120133
121320
203241
121323
4004310
23022
2120142
4004301
121332
23031
23034
121341
23040
1301010
1104402
23043
1301013
4201032
2120232
1104411
1301022
4004400
4201041
2120241
1301001
1301004
1301043
2202114
1301040
2300421
203301
2202120
2202123
2120202
203304
2300430
203310
1432101
203313
2120211
1301031
1104420
2202132
2120214
121401
203322
1301034
1432110
2202141
3021330
23100
2120220
121404
23103
2120223
203331
121410
2202210
121413
2202213
23112
3021411
2120301
2202222
203340
121422
2120304
23121
23124
3431010
121431
2202231
2120310
2120313
23130
23133
3103311
121440
2022012
23142
3103302
4201002
1301112
3431001
2022003
2022000
4201011
4201014
3103320
2202201
4201020
1301103
2202204
4201023
1301100
400002
2022042
1301142
3103401
3300021
3431100
400014
203403
3300024
203400
3300030
400011
2022033
2022030
3300003
400023
3300000
400020
1301121
2022024
203412
1301124
1301130
2022021
2202300
3103410
1432200
2202303
203421
1301133
3300012
2202240
23202
2120322
203430
400032
400044
23211
2120331
23214
400041
4201200
4201203
23220
2120340
23223
4201212
2104032
23232
2022111
1301202
2120421
1301211
2022102
2104041
23241
4201101
1301214
2120430
4201104
4201110
4201113
2104002
4201122
2022141
400101
1301232
1121010
1121013
1334001
400110
2202312
1301241
2022132
2104011
4201131
2104014
400104
1334010
1121022
2120400
2202321
3300033
2120403
2104020
4201140
1301223
2022123
2022120
2104023
400113
1301220
1121001
3300042
2202330
2022114
400122
2120412
1121004
400134
1121040
1121043
2202402
2104101
400131
23301
2104104
23304
400143
2202411
400140
4021041
2104110
23310
2104113
23313
4021032
2202420
4201302
1121031
3300132
2104122
23322
1121034
3300141
4201311
3300114
4021020
4021023
2022204
23331
1301301
2022201
4201320
1203003
3300123
1203000
3300120
4021014
1301304
23340
1301310
4021011
3300102
4021002
3300111
1334100
1301331
3300210
1203030
4021113
4201221
3300213
1121112
4103031
2022231
1203033
4021110
3300222
4021104
400203
4201230
400200
1301340
2022222
4021101
4103022
400212
1301313
1301322
400221
4103013
3300201
2022213
4103010
2022210
1121100
1121103
3300204
400230
220002
4103004
2104131
400224
1121142
4103001
220011
23400
23403
2104140
433002
220014
400233
1121121
400242
220023
23412
433011
1121124
220020
433020
1121130
1121133
23421
2022240
2022303
4103103
2022300
4201410
4103100
220032
2104230
23430
1301403
220041
1301400
3120033
220044
3300240
1121202
2022330
1301430
2104200
400302
4021140
1121211
2104203
3120003
3120000
1121214
2022321
302004
3120030
400311
2104212
1203111
302001
3300231
4021131
2022312
1301412
1203114
302013
3333000
400314
2104221
1301421
4103040
302010
4021122
3120111
3202032
1121232
302022
400323
400320
220101
1121241
3202041
400332
433101
220104
302031
220110
2104302
433110
220113
4021230
400341
3300321
3202020
1121220
1121223
302034
1203141
2104311
3202023
3300330
4021221
220122
302040
3120114
302043
220131
4021212
3202002
4103130
220134
3300312
3202011
220143
4021200
4021203
3202014
220140
4103121
4103112
4201401
3300303
3300300
3300402
4021311
1203222
1121301
3202101
3202104
3300411
1121304
4103220
2022420
4021302
3202110
1121310
302100
400404
302103
1023003
2022411
4103211
1023000
400401
400413
400410
4103202
2022402
2104320
400422
3120141
1121331
2432001
302112
220203
302124
400431
220200
1121340
302121
2432010
1121313
302133
1023033
433200
302130
220212
1023030
302142
1121322
400440
220221
2432100
40002
220224
2301030
220230
2301033
220233
40011
40014
220242
40020
40023
40032
3202131
2301003
40041
1121400
1121403
2301000
3202140
40044
3120222
2104401
3202113
1203303
4021320
1203300
3300420
2104410
3202122
302202
3120303
302214
3120300
1023114
3202230
1121430
302211
1023111
302220
302223
220302
1203330
3022014
122001
2301111
3202212
220311
3022011
1121412
122004
2301114
220314
122010
3022002
1121421
302232
122013
3202221
4021410
220323
4300002
220320
4021401
40101
302241
122022
3202200
40104
4300011
1023141
3202203
40110
122031
4300014
220332
4103310
40113
122034
4300020
4300023
220341
122040
40122
122043
4103301
1203411
40131
1400022
40134
1400031
40140
3202302
40143
1400004
1400001
4103400
1400013
302301
4431000
1400010
204003
302310
204000
302304
3120330
3022023
3022020
302313
220401
122100
2301141
302322
122103
3022041
220404
1400034
1023222
220410
204030
1400040
3022032
220413
1400043
302331
302340
122112
204033
4300101
3022122
2301222
220422
3104040
2121000
40200
122121
4300104
2121003
40203
220431
122124
4300110
3022113
4300113
3022140
2334000
122130
40212
122133
2121012
4300122
220440
3022131
40221
2121021
122142
3202320
40224
4300131
3104013
3104010
1400112
40230
40233
1400124
3104004
1400121
4300140
3104001
3104031
3022110
1400100
40242
1400103
3120411
3022104
3202311
3104022
3022101
4300032
302400
302403
4300041
1023303
3104103
302412
1023300
3104100
204111
1400133
3202401
204114
302421
2301303
3022203
3104121
3022200
2301300
1400130
3202410
302430
2203002
122202
1400142
3104112
2121024
122211
2121030
122214
2121033
1023330
122220
204141
40302
122223
2121042
40311
122232
40314
2203041
40320
2121120
122241
40323
1400214
2121123
1400211
4300230
1400220
1400223
40332
2121132
2121141
40341
1400202
2203011
3022221
1400241
1220022
2203014
1433010
3022212
2203020
3104130
1220031
2203023
2121102
2301330
1220001
1220004
2121111
3022230
1220010
2203032
2121114
1023411
1433001
122301
204222
1400232
1220013
2301411
24000
2203104
122304
24003
2203110
122310
2203113
122313
3022311
1220034
40401
2121201
2203122
122322
40404
2121204
4120041
1220043
2203131
40410
2121210
122331
1220040
40413
2121213
3022320
4120032
24030
1302003
24033
1302000
1400310
3104202
1400304
122340
40422
4300200
4120023
4300203
4120020
1400313
40431
3022302
4120014
3104220
4300212
4120011
40440
1400301
4300221
2203101
3104211
4120002
1400340
1302033
3104301
1220112
4120122
1220121
204303
1220124
4120113
204300
4120110
1220103
4120104
1220100
1400322
3104310
1433100
4120101
1302030
1400331
122400
122403
2203140
2121222
204330
122412
24111
2121231
4300401
1220130
24114
4202100
122421
4202103
1220133
2121240
4300410
1220142
122430
2121312
2023002
1400400
1400403
1400412
2121321
1302111
24141
4300302
4202001
2121330
4202004
4300311
4202010
4202013
4300320
2203200
1220211
2203203
3022410
1220214
2023032
4202022
401004
2203212
1220223
1302141
1220220
3022401
4202031
401001
1400421
1302114
2023023
2023020
4120140
401013
3432000
2203221
2121300
401010
2121303
2023014
4202040
204411
1220202
401022
1400430
2023011
4120131
2203230
401031
1040013
3301041
1220241
1040010
2203302
1040004
401034
2203311
1040001
1040031
401043
401040
4120230
2203320
1040022
3301032
4202202
2121402
1220232
24222
2023041
3301011
2023101
4202211
4120221
3301014
1040043
1040040
4120212
4202220
3301023
1040034
3301020
4120203
4120200
3301002
3104400
4022013
4202112
1122000
3301104
1122003
1220304
3301110
1220310
2023131
4022010
4120311
4202121
4022004
401103
401100
3301113
1220313
2023122
4022001
1122012
4120302
4202130
2023113
2023110
1302222
2023104
401112
3301101
1220301
1122033
401124
2121411
1220340
401121
1040103
401133
1040100
1122042
24300
401130
2121420
24303
1220322
401142
1040124
1122021
1040121
1220331
1122024
2023140
1122030
1040112
1040142
2400033
4202310
24330
1040133
1302303
1040130
1302300
2023230
1220403
1220400
2400000
4022040
1204023
3301140
1204020
2400003
1122102
2203401
1302330
2023221
1122111
1220412
3301122
1204002
2023212
4022031
2203410
401202
401214
3301131
1204011
2400030
4022022
1204014
2023203
401211
2023200
4120320
401223
401220
3121002
1040202
1122132
221001
2400111
1122141
4022130
221004
3121023
1040223
221010
1204032
3121020
1122114
1040220
4022121
2400114
401232
221013
3301221
434001
1220421
3121014
1040214
1122120
1122123
1204041
24411
3301230
3121011
434010
1040211
1220430
4022112
221022
401241
4104030
3301203
3301200
4120410
221031
1040232
4022100
221034
4022103
4104021
3301212
4120401
221043
4104012
221040
4104003
4202301
4104000
1040241
1204113
3301302
2023320
4104120
4022202
1204122
1122201
3203001
3203004
3301311
1122204
4104111
2023311
401301
1204101
1302411
2023302
4104102
401310
1204104
303000
1204110
401304
303003
303012
1040301
1122231
3121032
401313
2400141
303021
401322
221103
221100
1204131
303030
434100
1122210
1122213
303024
401331
1040313
1040310
401340
221112
303033
3121041
1204140
1122222
1040304
2220000
2220003
221121
3121131
1040331
303042
221124
221130
2433000
3121122
1040322
2220012
221133
3203040
1122240
2220021
221142
2220024
3121140
1040340
2220030
4202400
3121101
1204212
3203031
2023410
1122300
1122303
1204221
4022220
3203010
3203013
3121113
2023401
3121110
1204203
2400222
3301320
1204200
303102
401403
4022211
3203022
401400
3121104
1122321
3203121
1024014
401412
303111
1024011
2400300
3203130
2400303
1122330
401421
1024002
303114
3301410
401430
2302002
221202
3121212
1040412
1204230
303120
303123
2302011
3203112
1024023
303132
221211
1122312
4022310
1024020
3121203
1040403
2302014
221214
3121200
1040400
2220033
4022301
303141
1040430
221223
1024041
221220
41001
1040421
3301401
2220042
3203100
4104210
41004
3203103
1024032
41010
221232
41013
4104201
221241
41022
1204311
2220132
41031
41034
2220141
41040
4104300
41043
1204302
303204
3121230
1024110
2302023
303201
1122420
2302020
1024104
2220102
303213
3121221
1024101
2400330
2220111
303210
303222
1204320
2220114
2302032
1122402
1024122
221301
123000
2220120
2302041
1122411
123003
2220123
303231
221304
221310
1024113
3023022
2302113
221313
1024140
3121320
4301001
2220201
2302122
221322
3023013
3023010
1024131
303240
41100
4301004
2220204
41103
2302131
221331
4301010
2220210
4301013
2220213
123030
123033
41112
3023031
2220222
2302140
4301022
221340
1401012
41121
1204401
3203220
41124
4301031
1204410
1401021
41130
41133
3121311
4301040
3203202
3023004
2302101
41142
3023001
3121302
2302104
3203211
2302110
1401000
4022400
1401003
2400411
303300
2040030
303303
1024203
1024200
1401042
3023103
3023100
1024221
1401030
303312
3203301
1401024
3121401
2302203
221403
2302200
1024212
221400
1401033
2040003
303321
3203310
2040000
303330
123111
2220231
221412
1024230
123114
3023040
221421
2220240
41202
221430
41211
2040033
41214
4301121
2220321
1401111
2122020
123141
41220
2122023
41223
2220330
4301130
1401114
2122032
41232
2122041
41241
1401102
1401141
1024302
3023112
2302212
2220300
2040114
3121410
2220303
2302221
303402
2040111
2122002
3023130
2302230
1401120
1401123
303411
1024311
303420
1401132
2220312
2122011
2122014
3023121
2204001
2302311
3023211
2204004
2204010
3023202
2204013
1024320
2040141
2302320
3400032
2220402
2122101
41301
123222
2204022
2122104
41304
2220411
3400041
3023220
2122110
2204031
41310
1401204
41313
3400023
1401201
3400020
1401213
41322
4301100
4301103
1401210
3400002
41331
3400011
3203400
4301112
41340
2302302
3400014
4121022
2040222
3400113
1434000
1221012
3400122
4121013
4121010
1401240
1221021
4121004
1401222
1024410
3400101
4121001
1221003
1221000
1401231
3400104
3400110
1024401
1221042
2122113
123300
2220420
123303
2204040
2122122
1221024
2122131
1221030
4301301
4203000
41400
4203003
1221033
41403
2122140
4301310
1401300
1401303
123330
2204130
2122212
41412
1303002
2122221
41421
4301202
2122230
41430
4301211
3023310
2302401
1221111
4301220
2204100
2204103
1401330
1221114
2302410
1303032
3023301
4121040
1303011
3400131
2040303
2204112
2040300
1303014
1401312
2122200
2204121
4121031
2122203
1303023
1401321
1221102
1303020
3400140
320004
3220020
320001
3220023
3023400
1221141
320013
2204202
320010
1221123
1303041
123411
320022
2204211
1221120
3220002
4121130
3400230
2040330
4301400
3220011
320031
2204220
2122302
1221132
4121121
3220014
4121112
320034
4203111
3400212
320040
1303101
3400221
320043
1401402
4121103
4121100
3400203
3400200
1303122
2024031
3302001
1221201
3400311
2040411
4121211
3302004
1221204
1303131
3302010
2024022
1221210
4121202
3302013
1221213
1303104
2024013
2024010
1303110
402003
4203030
1401411
402000
1401420
1303113
2024004
3400302
2024001
320100
320103
1041003
1041000
2122311
402030
1221240
2122320
3220032
1041021
1221222
320112
2024040
1303140
402033
3220041
320124
1041012
320121
1221231
2122401
320133
1041033
320130
1041030
2122410
320142
1041024
3220131
3220140
1041042
3220113
1221303
1303221
1221300
2024121
3302040
3220122
1123002
2204301
1303230
2024112
1303203
1303200
3400320
3220101
3302022
2204310
3220104
402111
2024103
4121220
2024100
3302031
1303212
3220110
1221330
3302130
1041102
402114
3220212
1123032
4023030
3220221
2401002
320202
2204400
2401014
320214
1123011
3302112
1221312
1041114
2401011
320211
1123014
2401020
1041111
320220
3220200
3220203
2401023
402141
320223
3302121
1221321
2024130
1123020
1123023
4121310
3400401
1041132
140001
4023000
3302103
4023003
3302100
140004
140010
3400410
4121301
320232
1041123
1041120
140013
1123041
140022
320241
1041141
140031
140034
2024220
4121400
3040041
3302202
1221402
140043
140040
1303320
1123101
2024211
3040032
2024202
1303302
1303311
3040014
1123122
3040011
402222
320301
1123131
2401032
3040002
222003
1221411
1123104
320310
1041213
222000
320304
2401041
1041210
3220230
1123110
1123113
3040023
3040020
1041204
320313
1041201
1221420
222012
3040110
3122031
1041231
140103
2401122
3040104
320322
140100
222021
1041222
3122022
3040101
222024
222030
2401131
320331
2401140
320340
3220320
222033
140112
3040122
1123140
3122040
1041240
222042
140121
140124
3040113
140130
1303410
4203300
3220311
140133
2024310
2401101
140142
3302211
2401110
3122013
2024301
2401104
3122010
402303
4023111
1303401
402300
3122004
2401113
3122001
3302220
3220302
3220401
1123221
304002
304014
3220410
3204030
304011
1123230
3204000
304020
1123200
1123203
3204003
304023
2401200
320400
3302310
222102
2401203
320403
2401212
1041303
3122103
320412
1041300
3122100
222111
402330
1123212
222114
320421
3040140
304032
4400103
1041321
4400100
140202
222123
320430
222120
3040131
304041
3302301
1041312
140211
4400112
140214
222132
4400121
1041330
140223
222141
140220
4400001
4400004
3040230
2221032
4400010
140232
2024400
4400013
2221041
140241
4400022
4400031
2401221
304101
3040203
3040200
3122121
1123320
2401230
304110
2221002
4400040
304104
402411
3122112
2221011
3040221
304113
1041402
2221014
1123302
3040212
222201
3122130
2221020
2221023
304122
1123311
222204
3040302
2303010
222210
3122220
1041420
2303013
222213
304131
304140
4400202
2401320
1041411
3122211
2221101
2303022
222222
140301
42000
4400211
2221104
140304
42003
2303031
140310
222231
2221110
2221113
3040311
140313
4400220
140322
4220001
222240
4220004
140331
4220010
4220013
42030
42033
2401302
3302400
3122202
4220022
140340
4023300
2303001
2401311
2303004
3204111
4220031
4400130
1123410
1320030
304200
304203
304212
3122301
1320000
1320003
1123401
304221
2303103
222303
2401401
2303100
222300
304230
2303040
2221122
124002
2221131
124011
222312
3040320
124014
140403
140400
222321
1320033
2221140
124020
124023
222330
140412
42111
124032
42114
4220100
2221221
4220103
1402002
140421
124041
1402014
140430
1402011
4302030
2221230
4220112
4220121
42141
2041023
4220130
2041020
1402032
1320114
2401410
2041014
3122310
304302
2303112
2041011
1402041
3024003
3024000
3024030
2221200
1402020
2303121
2221203
1402023
304311
3040410
2041002
2303130
1320111
2221212
3040401
2303202
3024111
222402
304320
124101
2303211
222411
4220040
124104
2041041
3122400
124110
124113
2303220
2041032
2221302
222420
1320141
2123001
124122
2123004
2221311
1402101
124131
1402110
1402104
124140
42222
4400301
4302000
4302003
4400310
3204300
2123040
3401010
3401013
2041113
1402131
2041110
1402140
1320222
3401022
2041104
2041101
1402113
304401
3401001
304410
3401004
1402122
2123010
1140021
2123013
2221320
124200
1140024
124203
2041140
2123022
1140030
1140000
1140003
2041131
124212
2123031
42300
124221
2041122
1140012
42303
2221410
124230
2123112
1402200
1402203
1140033
2123121
4400400
4040040
42330
2123130
1140042
4302111
1222002
4040031
3401040
2041212
1402230
2303301
1222011
4220202
4040022
2041203
1222014
2303310
2041200
4040013
1402212
4220211
3401031
4040010
1320300
2221401
1402221
4040004
1320303
4220220
2123100
4040001
2123103
3024300
1222032
1140114
4040121
1140120
1140123
2303400
1222041
4040112
124302
4122030
2041230
3401121
1222023
1222020
124311
1140102
3401130
4040100
2041221
4040103
4122021
4302300
1320330
1140111
124320
4204002
4122012
3401112
4204011
1402302
42411
4122003
4122000
4220400
4204020
1140132
3401103
1140141
3401100
2041311
4122111
3401202
1304022
1402320
1222101
3401211
4122102
2041302
1222104
1222110
1304031
4220301
1320411
1304001
1402311
4220310
1304004
1304010
1304013
1222131
2123202
1140210
1140213
2123211
321000
1222140
1140222
321003
124401
1222113
2123220
2041320
1222122
1140201
1304040
124410
1140204
4040130
3221040
1140240
321030
4204101
2123301
321033
4204110
2123310
3221031
1140231
4040220
3221010
1304112
3221013
2041401
1222203
1222200
1304121
4040211
3221022
1304103
1402401
4122120
3401220
1304100
4040202
3221001
403002
3221004
1402410
403014
3303030
1222230
403011
3221112
403023
1140312
403020
4040310
4040301
1304130
1042014
321111
1042011
1222212
3303012
4122210
1140300
2041410
3221100
1042002
1140303
3221103
403032
321114
1222221
3303021
3401301
403041
4122201
1042023
3303003
3303000
1042020
3401310
1140321
321141
1042041
1140330
1042032
1304211
4122300
2320032
2320041
3401400
1222302
3303102
1304220
1304202
403101
403110
2320002
1222320
1140402
403104
1124022
2320011
2123400
1140411
2320014
1124031
403113
3221121
1124001
1042110
2320023
403122
1222311
1124004
2320020
1042104
1042101
3221130
1124010
1124013
403131
3041004
403140
321222
2402022
1042122
2320101
3041001
141003
141000
2320104
2402031
2320110
1042113
3041022
2320113
1042140
3221220
1140420
141012
2320122
1124040
3041013
3041010
2402040
1042131
141021
3303120
141024
3221202
141030
1304310
4204200
4024020
3221211
141033
4040400
2402004
141042
3303111
2402001
4024011
2402013
1304301
2402010
4024002
1124112
3221301
403203
403200
1124121
403212
3221310
321300
2402100
10002
4024110
1222401
403221
321303
2402103
3303201
3123003
1042203
1124100
1124103
3123000
1042200
4024101
1222410
403230
3303210
223002
10011
10014
2320131
223011
1042221
10020
223014
10023
4401003
3041031
4401000
1042212
223023
141102
2320140
223020
10032
1124130
141111
321330
4401012
141114
1042230
10041
223032
10044
3041040
4401021
141123
2140002
223041
141120
1304400
3041130
2320230
2140011
2140014
141132
3041121
2140020
2140023
141141
403302
3041103
3041100
1124211
3123021
2402112
2320203
403311
2320200
3123012
2402121
1124220
1042302
10101
3041112
2402130
2320212
10104
3123030
1124202
2320221
403320
223101
10110
10113
223104
223110
321411
2402211
3123111
2402220
1042311
223113
10122
2320302
4401102
2222001
223122
10131
141201
4401111
2320311
3041211
2222004
10134
141204
223131
141210
2222010
3041202
2222013
10140
1042320
10143
141213
3123120
2140032
4401120
141222
223140
2140041
3221400
141231
3123102
4024200
3303300
141240
2402202
2140131
4401030
1124310
2140140
403401
403410
10200
2402301
10203
1124301
223203
2320320
223200
10212
2140101
1042410
2222022
2140104
3041220
10221
2140110
2222031
1042401
223212
10224
2140113
141303
141300
223221
10230
2222040
10233
2140122
43002
223230
2222112
10242
141312
43011
43014
4221000
2140200
2222121
4221003
2140203
141321
43020
43023
141330
2222130
2140212
4221012
43032
2140221
4221021
2304003
43041
1124400
1321014
2402310
2304000
3123210
4221030
1321011
1321020
1321023
3123201
3041310
2320401
2222100
2222103
2320410
3041301
2304030
1321002
10302
2402400
223302
1321041
10311
10314
3123300
2304111
223311
10320
10323
3041400
141402
2222202
223320
1321032
10332
43101
43104
141411
10341
2140230
43110
10344
43113
1403004
1403001
141420
43122
4401201
4401210
43131
2140320
4221120
1321110
2042013
1403031
1321104
43140
2042010
2042004
1321113
2042001
1403013
1403010
1321101
1403022
1321140
10401
2222211
10404
420003
420000
2042040
223401
10410
2222220
10413
2140302
2042031
223410
1403040
1321122
10422
2140311
420030
2042022
4303101
1321131
10431
2124000
43200
10434
2124003
43203
2222310
420033
10440
1403100
1403103
10443
43212
2124012
2140401
43221
2124021
4401300
2140410
3320040
4303002
2124030
43230
4303011
1321200
3320022
1403121
1321203
1321212
2042103
2042100
4303020
3320031
4221102
1403130
3320001
3320004
4221111
3320010
2222301
1403112
3320013
4041021
1141011
3320112
1141014
420111
4041012
3320121
1141020
2042130
1141023
2304300
1321221
420114
4041000
3320103
4041003
3320100
2042121
1321230
1141002
3402030
2042112
3402003
1141041
4303200
3402000
43302
420141
43311
4221300
43320
1141032
1403220
1321302
4123002
2042202
4303110
1321311
1223001
3402111
1223004
4221201
1010013
1010010
1403202
4221210
1010004
1403211
1010001
1010031
1141104
2222400
1223031
2124102
1141110
1141113
1010022
2124111
3320130
1223010
2042220
1010043
1223013
1010040
420222
2124120
4041030
1141101
1321320
2042211
1223022
1010034
240003
3140013
240000
3140010
1141140
43401
2124201
3140004
3140001
3140031
43410
1223040
2124210
1141122
3140022
1141131
240030
4041120
3320211
240033
2042301
4041111
1321401
1223103
3320220
1223100
1403301
4123020
4041102
3320202
1010103
1403310
1010100
4123011
3222000
1141200
3222003
1141203
1223121
1010124
3320310
1010121
4041210
1223130
420303
420300
4041201
1141212
3222012
1010112
1010142
1321410
322002
4123110
2042310
322014
1223112
1010133
1010130
322011
3320301
322020
4123101
322023
3140040
420330
240111
240114
1141221
322032
322041
1141230
3140130
240141
3402300
1010202
1403400
1010223
404004
1010220
1223220
1141302
404001
3140103
1010214
3140100
404013
2124300
1010211
404010
1141311
1223202
404022
322101
1043004
3222021
3140121
1043001
1010232
1223211
404031
322110
322104
420411
3222030
3140112
2042400
1043022
3140202
322113
2321001
1043013
1010244
1043010
322122
1010241
404040
2321004
2321010
3140220
2321013
322131
322140
1043031
1141320
3222120
3140211
240222
2321022
3320400
3304020
3222102
4041300
3222111
1043040
3304002
1010301
3304011
4123200
404103
404100
1010313
1141401
3222201
1010310
1010304
1043103
1010334
1043100
1010331
404112
3304101
1223301
2403000
3304110
322200
1223310
1010322
2403003
322203
404121
322212
2321031
404130
1043112
1010343
322221
1010340
240303
240300
142002
322230
1141410
2321040
1043130
142011
142014
1043121
3042030
2321121
142023
142020
240330
2321130
142032
142041
1420020
3140301
1420023
1010412
2321103
404202
1010403
2321100
1010400
1010430
2403030
3222210
404211
1420002
1010424
3140310
11001
322302
1223400
404220
1010421
1420014
2321112
11004
3042003
3042000
1420011
224001
11010
2403111
322311
3124011
1043211
1010442
11013
224004
224010
3124002
1043202
224013
1010433
11022
4402002
3042111
2321202
322320
1420032
224022
142101
11031
4402011
240411
2321211
142104
11034
3124020
1043220
1420041
142110
224031
3140400
11040
142113
11043
4402020
142122
224040
3222300
4320111
142131
3304200
142140
4320000
4320003
1420113
2141031
404301
1420122
2141040
1420101
404310
1420110
11100
1420104
4320030
11103
1043310
224103
322401
2321220
224100
11112
2141001
1043301
2141004
322410
11121
2141010
224112
11124
2141013
1420131
1420140
142203
142200
224121
11130
11133
2141022
224130
2223012
142212
11142
2141100
2223021
2010003
2010000
2141103
142221
142230
2223030
2141112
3124110
1420212
1420221
3124101
2010033
2010030
2321301
404400
2223000
2223003
2321310
1420200
1420203
2403300
4140030
11202
1240023
1240020
3124200
1043400
224202
4140021
11211
11214
1240002
224211
3042300
1420230
4140012
11220
11223
1240011
2321400
4140003
1240014
142302
4140000
224220
2223102
11232
2141121
2010111
44001
44004
142311
11241
2141130
44010
11244
44013
1240032
142320
4402101
44022
1240041
4402110
44031
1322004
1420311
2010141
4222020
2141220
1322001
44040
1322013
1322010
1420302
2010114
1240113
11301
2223111
1240122
11304
1322040
224301
11310
2223120
11313
2141202
1322022
1420320
224310
1240101
1240104
11322
2141211
1322031
1240110
2010144
2223201
142401
11331
44100
11334
44103
142410
2223210
11340
11343
44112
1240131
2141301
44121
4402200
2141310
1240140
1322100
1404021
44130
1322103
2043003
1420401
2043000
4140120
1404030
4320300
1420410
4140111
2010222
4222002
1404000
1404003
4140102
1404012
4222011
1240212
1322130
3321012
11400
2043030
11403
421002
4140210
1240221
3321021
421014
224400
1322112
11412
421011
4140201
3321003
1240203
421023
3321000
1240200
421020
1322121
11421
11424
2010303
2010300
4304100
11430
11433
44202
421032
11442
44211
1240230
421041
4222200
44220
4304001
2010333
2010330
3403002
4304010
1404120
1322202
1404102
4222101
1404111
4222110
1142001
2223300
1240311
1142004
421101
1142010
1142013
421110
3321030
421104
1322211
2043111
2141400
1322220
1240302
421113
2420004
421122
2420001
2420013
1142040
421131
44301
2420010
1240320
2420022
421140
3321120
44310
1142022
4042020
2420031
1142031
3321111
4042011
1404210
1322301
4042002
3403011
2010414
4140300
1011003
2010411
1011000
1404201
3321102
3403020
1011021
4042110
1240401
3321201
1142100
1142103
1224021
4042101
1240410
3321210
1011012
1224030
1224003
1224000
1322310
4124010
3403110
421203
1011033
421200
2010441
1011030
421212
1224012
4124001
1011024
421221
1142130
421230
241002
2420040
1011042
3403101
241011
44400
1142112
241014
1142121
241023
241020
2420130
3141030
241032
1011102
241041
1404300
2420100
2420103
3141003
1011114
3141000
1011111
1224120
1142202
421302
110001
3141021
1011132
1322400
2420112
1224102
110004
323004
421311
2043300
3141012
110010
1011123
110013
1224111
2420121
323001
1011120
323013
3141102
323010
1011144
110022
3010020
3010023
1011141
323022
241101
421320
2420202
110031
3010044
3223011
1142211
241104
323031
110034
3010041
241110
2420211
3141111
2420220
110040
241113
110043
3223020
3010032
1142220
241122
323040
4042200
3321300
241131
3223002
3403200
3010014
3010011
241140
4124100
3010002
1224210
1011213
1011210
2240040
1011204
3223101
1142301
1011201
1011231
3010110
3010104
110100
110103
3010101
323100
1011222
323103
1224201
421401
110112
2240001
1044012
421410
1011243
2240004
1011240
2240010
110121
1044003
323112
1011234
110124
1044000
2240013
3141120
241203
1044030
241200
110130
2240022
110133
323121
1142310
1044021
2240031
323130
241212
110142
2240103
241221
2240100
2322021
2322030
241230
2240112
2240121
3010122
1011303
2420301
1011300
3010113
2322003
3010140
3010143
2420310
2322000
1011324
3141210
1011321
3223110
3010134
110202
1224300
3010131
3141201
1011312
2322012
1044111
3010221
1011342
110211
2404002
323202
110214
3010212
1044102
1011333
1011330
110220
110223
2404011
323211
2404020
323220
3223200
1142400
3043002
3010233
2420400
241302
2322102
1044120
110232
3141300
3010230
143001
2322111
241311
3010224
143004
2240130
143010
110241
110244
143013
4321002
241320
143022
4321011
3010200
143031
3010203
4321020
1421013
143040
1011402
1421010
1421022
1011423
3010302
1011420
1011414
1421004
1011411
1421001
110301
12000
323301
110304
3043020
12003
1421040
1044201
1011432
110310
2240202
110313
323310
2322120
3043011
3010242
2240211
1421031
110322
241401
110331
143103
1044210
1011441
12030
2240220
143100
110334
241410
12033
4403010
2322210
110340
110343
3043110
3010341
143112
4321101
2240301
2142000
2142003
143121
2240310
4321110
143130
2142012
2404101
3010314
2404110
3010311
1421112
3010332
3043101
1421100
1421103
2322201
3010320
3010323
3010413
110400
110403
1044300
3010410
3010404
3420030
2404200
3010401
323400
110412
12111
3010431
12114
3420000
1421121
110421
3420003
110424
3010422
2322300
1421130
110430
143202
110433
2011002
2142021
143211
110442
12141
2142030
12144
143220
4403001
2011032
1421202
2142120
1421211
2011023
2011020
2011014
2011011
1241010
2224002
3010440
1241013
2224011
1241022
3043200
1421220
2240400
2224020
2142102
2011044
1241001
1241004
12222
2142111
2011041
1241040
2011101
2224101
143301
143310
2224110
1241031
2142201
4403100
2011134
1110000
1421301
4141020
1110003
2011131
1421310
4141011
1323000
2011122
1110012
1323003
4321200
4141002
2011113
2011110
3420111
2011104
1110033
1323030
4010040
4010043
4141110
1241112
1110042
12300
12303
4010034
1323012
4141101
4010031
1110021
1110024
2011143
1323021
2011140
4010022
1241103
1110030
1241100
4010013
2142210
340002
4010010
4010004
12330
143400
340014
4010001
12333
340011
340020
340023
1241121
1241130
4223100
2011230
340032
2011224
1110102
4010100
4010103
1323102
2011221
340041
1421400
1110111
2011212
4223001
2011203
2011200
1241202
4223010
1110132
1323120
2224200
1241211
2044020
1110141
3240030
3240000
3240003
1110114
422004
1323111
2044011
2011242
422001
1110120
422013
12411
1110123
2142300
422010
2044002
12414
2011233
340101
422022
422031
340110
340104
1110144
340113
3322020
1241220
12441
3240111
422040
340122
3322002
4010142
2011323
2011320
340131
4010133
3322011
340140
1110201
2011314
1110204
4141200
4010130
2011311
4010124
4010121
3420300
2011302
4010112
4043001
4010232
3322101
1241301
1110231
1143000
1143003
1110234
3322110
1241310
2044110
422103
4010220
3404001
422100
4010223
1110210
2011341
1110213
1323201
3404010
2044101
2011332
4010214
1110222
4010211
1323210
422112
1143030
4010202
340200
340203
422121
1110240
340212
1110243
422130
1143012
340221
1143021
2011422
4010301
2421030
340230
2011413
1110300
2011410
1110303
2011404
2011401
1012014
1110321
1012011
1110324
1110330
1241400
2421000
1110333
1012002
2011440
2421003
1143102
1323300
2421012
2044200
1012023
1110312
2011431
2421021
1012020
422202
4010241
4043010
1143120
1012044
422211
1012041
422220
2421102
340302
1012032
340311
242001
2421111
3142011
1143111
1110342
242004
242010
4010340
3240300
3142002
242013
4043100
340320
242022
4010331
3322200
242031
4010322
4010313
3404100
242040
4010310
4010304
1012110
4010430
1110420
1012104
1110423
4010421
1012101
3011004
4010412
1110402
3011001
1012122
111000
111003
1110411
422301
4010400
1110414
1012113
4010403
422310
1012143
1012140
324000
2421120
111012
324003
1012134
3142020
1012131
111021
1143201
1110432
111024
340401
242103
111030
242100
111033
1110441
324030
1143210
340410
242112
111042
2241003
2241000
242121
3011040
3011043
242130
2241012
2241021
4420002
3011022
1012203
1012200
4420011
3011013
3011010
3224001
3142110
1012221
2421201
4420020
3011034
3142101
3011031
3224010
1012212
2421210
111102
3011112
111111
422400
1012233
1012230
111114
324111
1012224
2421300
3011133
111120
2110002
111123
1143300
3224100
3142200
3011130
2323002
3011124
242202
2110011
3011121
1012242
111132
2110014
242211
2241030
111141
111144
4420200
242220
3011100
3011103
1012302
2241120
4420101
4420110
1012314
1012311
2323011
111201
1340022
1012332
2110020
111204
2110023
3011142
1340031
111210
1012323
2241102
111213
2323020
1012320
2110032
1340004
2241111
1340001
111222
2110041
1340013
1012341
2110044
1340010
242301
111231
144003
2110113
144000
111234
3044010
3011241
2323110
242310
111240
2110122
111243
3011232
144012
3044001
4322001
2110131
2241201
2110134
144021
2241210
4322010
144030
2110140
1340040
2110143
3011214
1422000
4240101
1422003
3011211
1422012
4240110
3011202
1012413
2110101
1012410
2110104
3011220
3011223
1012404
2323101
2110110
1012401
1012431
4240002
3011310
1340112
3011304
111300
111303
3011301
324300
1012422
13002
4240011
1340121
1340100
1422021
111312
1340103
13011
4240020
13014
3011322
1012440
2110200
111321
1422030
2110203
3011313
13020
111324
13023
111330
242400
111333
144102
13032
144111
111342
13041
13044
1340130
144120
2110242
2143011
1422102
4240200
1422111
2143020
3011340
2323200
2110212
1340211
1340220
3044100
111402
2110221
13101
3011331
2110224
13104
111411
2241300
2110230
13110
111414
2110233
13113
2143002
1422120
111420
1340202
111423
13122
2110311
111432
2110314
3011430
13131
144201
13134
2110320
111441
144210
2110323
13140
13143
2110332
2143101
2012031
4404000
3011400
3011403
3421011
3421020
2012022
1422201
3011421
2012013
2012010
4322100
3011412
2012004
3421002
2110302
2012001
1242003
3421110
1242000
1340310
4142010
4142001
1242012
13200
13203
2012043
2012040
1422210
3421101
1340301
13212
2012034
2110341
13221
2143110
13224
144300
13230
13233
1242021
13242
1242030
2143200
2012124
4011000
4011003
2012121
2110440
1422300
1111002
2012112
2012103
2012100
1324020
2110401
2110404
1340400
1242102
1111032
2110410
1242111
2110413
2012142
1111011
2110422
1111014
1324002
13302
2012133
1111020
2012130
2110431
1111023
1324011
13311
3241011
13314
13320
341004
13323
341001
3241020
341013
1111041
1111044
13332
341010
1242120
3241002
341022
13341
4011042
2012223
341031
2012220
4011033
3421200
2012214
4011030
4142100
1111101
2012211
4011024
4011021
2012202
341040
4011012
4224000
4011132
1111122
1111131
3323001
1242201
4011120
1111134
4011123
2012241
1111104
210003
1324101
3110013
210000
3110010
1111110
2012232
4011114
1111113
13401
4011111
1324110
3110004
13404
423003
3110001
423000
13410
4011102
13413
341100
341103
210030
13422
423030
1242210
210033
1111140
1111143
13431
341112
2340003
13440
2340000
341121
2012313
2012310
2012304
341130
2012301
2340030
3110031
1111221
3241110
1111224
3110022
2012340
1242300
1111230
1111200
3323010
1111203
3110043
2012331
3110040
4011141
3241101
1111212
1324200
210111
2012322
3110034
3241200
423111
210114
3110124
1144020
3110121
3110112
1111233
3110142
1144002
4011240
2422002
341202
1144011
3110133
1111242
4044000
3110130
341211
210141
2422011
341220
4011231
2012412
210144
4011222
2012403
3323100
2012400
4011213
4011210
3110103
4011204
3110100
4011201
1111314
1013004
4011321
1013001
1111320
1111323
4011312
2012430
1013022
3110202
1111302
4011300
4011303
1013013
2012421
1013010
1111311
2422020
1013034
1013031
2340111
210222
30000
341301
30003
1144101
1111332
243003
243000
341310
1013043
30012
1111341
1144110
1013040
30021
30024
3143010
30030
3110241
30033
243030
30042
3110223
1013103
1111410
3110220
1013100
1111413
3110214
3110211
1111422
2422101
3143001
3110232
1013112
1111401
2422110
1111404
210303
4011330
210300
1111440
423300
1013133
112002
1013130
3110313
3110310
112011
1013124
3012000
3012003
1013121
3110304
112014
3143100
3012030
3110331
112020
112023
30102
1111431
1144200
210330
1013142
2422200
3110322
341400
210333
30111
112032
4011420
30114
243111
112041
30120
30123
112044
4011411
4421100
3110301
30132
4011402
30141
30144
2242020
4421001
4421010
1013214
1013211
1013202
112101
210411
1013223
112104
3110340
1013220
3012033
210414
2340300
112110
2242002
112113
1013241
2242011
30201
112122
30204
1013232
3012141
2111010
2324001
112131
30210
2111013
30213
112134
2324010
210441
112140
30222
2111022
112143
2242101
2111031
30231
2111034
30234
2242110
30240
3012111
3110412
30243
4241001
3110403
3110400
3110430
1013310
4241010
1013304
2111001
3110421
1013301
2111004
3012114
1341012
1013322
112200
1341021
112203
1013313
3012222
1013340
112212
1341000
30300
2111100
1013331
112221
1341003
30303
2111103
2111040
112224
2111043
243300
112230
112233
30312
30321
1341030
112242
30324
30330
30333
1210002
4110012
2111142
30342
1210011
4241100
1210014
4110003
4110000
1423002
1013403
1013400
1210032
1013421
1341111
2324100
2111112
1210041
1013412
1210044
112302
2111121
14001
2111124
14004
1210023
1423011
1210020
112311
1423020
1013430
2242200
2111130
1341102
14010
112314
2111133
14013
112320
2111202
112323
30402
440004
3340020
14022
3012330
440001
30411
2111211
440013
440010
112332
30414
2111214
14031
3340002
440022
14034
2111220
112341
1341120
30420
2111223
30423
14040
3340011
440031
14043
30432
3012300
3012303
4110042
1210101
1423101
30441
1210104
1210110
440040
4110033
4110030
4110024
4323000
4110021
1210131
4110141
1210134
3422001
1341201
4110132
1210143
3422010
1210140
1341210
112401
1423110
1210113
14100
112404
4110123
3012411
4110120
14103
1210122
112410
4110114
112413
2111232
14112
4110111
2144001
440103
440100
112422
4110102
2111241
14121
2144010
14124
112431
14130
14133
440112
112440
14142
440121
4110204
2111331
2144100
440130
4110201
1210203
1210200
2111340
2013003
2013000
1341300
1210224
1210230
2111301
2111304
1243002
1210233
2111310
1030014
2111313
1030011
1423200
1210212
3340101
2013033
2013030
2111322
14202
3340110
1030002
1210221
14211
14214
1030023
2111400
1030020
2111403
440202
14220
14223
1210242
1243011
1030044
2111412
440211
1030041
14232
3340200
440220
2111421
1243020
4110240
1030032
3422100
14241
2013114
4143000
2013111
4110231
1210302
4110222
4110213
4110210
1210323
1210320
4110330
1112022
4012020
4012023
2013141
1210332
1243101
1112031
4110321
1030110
1112001
4012014
1112004
1210311
4012011
4110312
1030104
1210314
1030101
1112010
1112013
14301
4012002
14304
4110303
4110300
1030122
2111430
14310
14313
440301
1030113
1030143
440310
1112034
14322
1030140
1243110
342000
342003
1210341
1112040
1030134
1112043
14331
1030131
14340
342030
3242001
1112112
1210422
1112121
3242010
1112124
1210431
1210401
1030203
4012041
1112100
1210404
1030200
1112103
2013222
1210410
211002
4012032
1210413
211011
14400
1030221
3111021
14403
424002
3242100
211014
1030212
3111012
211023
14412
424011
211020
4012140
3324000
1243200
424020
1112130
1112133
14421
3111033
1030233
440400
3111030
1030230
342111
1210440
211032
4012131
1112142
14430
1030224
3111024
211041
4012122
211044
2013303
2013300
4110420
4012113
1030242
4012110
3111003
4110411
4012104
3111000
4012101
4110402
4012221
1112211
1112214
4012212
2013330
1112220
1112223
1030302
3111102
4012200
4012203
1112202
211101
1112241
424101
211104
1030314
211110
1030311
424110
2341002
211113
3111042
2341011
211122
1030332
211131
1112232
1030323
211134
2341020
1030320
211143
2423010
211140
2210022
3111141
1030341
2341101
2210031
2210034
2341110
2210040
2210043
1112304
3111114
1112310
3111111
1112313
2210001
3111132
1014012
2210004
4012230
2210010
1014003
3111123
2210013
2013411
2423001
1112301
1014000
3111120
211203
1440021
1014030
1030413
3111213
211200
1112340
1030410
3111210
1014024
1014021
1440030
1030404
3111204
1030401
424200
3111201
211212
1030431
3111231
1112322
1440000
2210100
1014042
1440003
211221
2210103
2423100
3111222
1030422
342300
1440012
31002
211224
1112331
4012320
211230
1014033
244002
211233
31011
31014
1030440
244011
211242
4012311
31020
31023
4422000
4012302
244020
31032
1112400
31041
1112403
31044
4012410
4012401
1112412
1014111
1014102
2210112
4340001
1014123
211302
3111240
1014120
4340010
113001
2210121
211311
1014114
113004
1440120
2210124
3144000
211314
1014141
2341200
113010
1440102
2210130
113013
2210133
1112421
211323
1440111
211320
1014132
31101
1112430
113022
2210142
31104
2210211
3013032
244101
31110
113031
211332
2210214
31113
113034
3111330
244110
2210220
211341
2210223
113040
31122
113043
2210232
2243001
31131
3013041
31134
2030013
2030010
31140
3013002
31143
3111303
2030004
3111300
2030001
3013020
3013023
1014204
3111321
1014201
3013014
2210202
3013011
3111312
3013101
1014222
2030043
3111402
2030040
4340100
1440210
211401
1014213
2030034
113100
1014210
113103
211404
2030031
211410
3111420
3013113
211413
2030022
1014231
113112
3013110
3111411
1440201
2210301
3013104
211422
2243010
31200
113121
2210241
31203
211431
113124
244200
113130
31212
113133
1014240
211440
31221
113142
31224
31230
2112033
31233
2210340
2030103
2030100
31242
2112042
4242000
1014303
1014300
2030142
2112000
2210304
2112003
3013131
1342002
1014312
2210310
2210313
2030133
2030130
2112012
3013122
1342011
2030124
113202
2210322
1014330
2112021
2030121
2112024
1440300
3013140
113211
2210331
2030112
2112030
2243100
1014321
113214
2210400
2210403
3013230
113220
31302
113223
2112102
3013221
2210412
2112111
31311
1342020
113232
2112114
31314
2210421
31320
113241
2112120
31323
2112123
2210430
2030202
31332
1211001
31341
1211004
3013212
3013200
3013203
1342101
1014411
1211031
4111032
2030232
1211034
1342110
1014402
1211010
4111023
2030223
4111020
2030220
3013311
1424001
113301
1211013
4111014
2030214
113304
3013302
1014420
1211022
4111011
2030211
1424010
113310
113313
4111002
2112132
31401
113322
31404
441003
2112141
441000
1211043
1211040
31410
113331
441012
31413
441021
113340
31422
2030241
441030
4111101
2030301
31431
2112231
1211103
1211100
31440
2112240
3341010
1211121
2030331
3013320
1211124
1211130
2112201
2030322
1342200
2112204
1211133
1424100
2112210
2112213
310002
2030313
2030310
113400
310014
1211112
113403
3341001
2030304
2112222
4111041
310011
310020
3210033
310023
113412
441102
2112300
113421
2112303
3013410
441111
310032
1211142
113430
310044
2112312
4111140
2030340
310041
3341100
3210030
3210000
2014014
3210003
4111131
2014011
441120
4111122
3423000
2014002
3013401
4111113
4111110
4111104
4111230
2030430
1211223
1211220
2014041
4111221
2030421
2014032
3210111
1211202
310101
4111212
2030412
1031004
1031001
2014023
1211211
2014020
310110
1211214
310104
4111203
2030403
4111200
2030400
1031022
2112321
310113
2440002
2112330
1031013
1031010
2440011
310122
2440020
1211232
310134
1244001
1031034
310131
441201
1244010
310140
1031031
1211241
310143
441210
2440101
2014110
2112420
2014104
2440110
2014101
1031043
1031040
2014140
1211313
1113012
1211322
3210141
2014131
1113021
1031103
3210114
2112402
1031100
2014122
1211301
1113000
1211304
2112411
1113003
1211310
310200
2014113
310203
310212
1113042
1031112
3243000
310221
4013040
1113024
1211331
441300
310230
1031133
3030012
130002
310224
1031130
1113030
1244100
1113033
130011
4013031
1031124
3030003
310233
3030000
3210222
1211340
1031121
343002
130014
4013022
2014203
130020
4111320
2014200
343011
130023
310242
4013013
343020
1031142
4013010
4111311
130032
4013004
4013001
4111302
130041
130044
4013112
1211412
1113111
2014230
1113114
4111410
3210300
3210303
1211421
4013100
4013103
2014221
4111401
1211403
2014212
1211400
310302
1113102
3030030
1031214
212001
310311
1031211
1113141
3030024
212004
212010
3030021
2440200
1031202
310314
212013
1113120
1113123
130101
1211430
310320
3030042
212022
310323
343101
310332
1031223
130104
1031220
1113132
212031
3030033
130110
2014302
130113
310341
212034
343110
3030123
3112041
1031241
3030120
212043
130122
212040
3030114
3112032
1031232
130131
2342001
3030141
130134
2342010
3030132
130140
130143
3112014
1113201
3112011
1113204
3210330
1113210
3112002
1113213
2014320
3030111
4013130
3112023
3030102
2014311
3112020
4013121
310404
3112110
1031310
212103
310401
3112104
1031304
212100
1113240
310413
3112101
1031301
310410
310422
3030204
212112
3112122
1031322
1113222
3030201
2211000
130200
4013220
2211003
130203
212121
3210411
310431
3112113
1031313
1113231
212124
212130
1031340
343200
130212
4013211
212133
130221
310440
1031331
212142
4013202
130224
130230
130233
130242
4013310
2211042
1113300
1113303
4013301
3030240
2014410
2014401
3030222
1113330
3112140
2424000
1031403
2211012
1441011
1031400
1441020
212202
3030213
3112131
3030210
2211021
1113312
212211
2211024
1031421
212214
2211030
2342100
2211033
3030231
1113321
1031412
212223
1441002
130302
212220
32001
32004
2211111
130311
3030312
3112230
1031430
32010
2211114
130314
212232
32013
130320
2211120
4210002
130323
2211123
212241
3030330
32022
4210011
130332
2211132
4210014
32031
3030321
1310001
32034
3112203
4210020
130341
3112200
4210023
1310004
32040
1310010
1113402
32043
1310013
4210032
3030303
3030300
3112221
4210041
3112212
2211102
3112302
1310034
1441110
1310043
4341000
1310040
212301
3014013
114000
114003
1113411
212304
1310022
212310
3014010
1441101
3112311
3014004
212313
3014001
1310031
1113420
114012
130401
212322
2211141
32100
114021
130404
4013400
32103
212331
114024
130410
130413
114030
114033
32112
130422
212340
32121
114042
32124
130431
4210113
2244000
32130
1310103
2031003
32133
2031000
1310100
130440
2211240
4210122
32142
4210131
4210140
2211201
1310130
3014031
3030411
1441200
2211204
1310133
2031033
2031030
3014022
2211210
3030402
2211213
1310142
3112320
212403
1310112
212400
3440001
3014040
2211222
114102
1310121
3030420
3440010
114111
2211231
1310124
212412
114114
3014121
2211300
2211303
212421
114120
2113002
32202
114123
3014112
212430
3440100
2211312
2113011
32211
114132
2113014
32214
2211321
2113020
114141
32220
3014130
2113023
32223
32232
1310202
32241
3112410
4210101
4210104
3014100
3014103
3112401
4210110
1130001
4030014
1130004
4030011
1310232
1130010
1130013
1343001
4030002
1310211
2031114
1310214
3014202
114201
2031111
1310223
114204
1310220
2211330
1130034
114210
114213
2113032
1130040
1130043
32301
114222
32304
2113041
1310241
1343010
32310
114231
1130022
32313
2031141
4210302
1130031
114240
2113122
32322
2113131
32331
1310301
2113140
32340
4210200
4210203
3014220
1310322
4030041
4210212
1130100
1130103
1212021
2031222
1343100
1310331
1212024
2211402
1212030
4030032
2113101
4210221
3014211
2113104
1212003
2211411
1212000
1310304
1310310
2113110
4210230
4030020
2113113
4030023
1310313
114300
2211420
114303
1212012
4030140
3342000
1130130
1130133
114312
3014310
4030131
1130142
2113200
32400
114321
1130112
2113203
1212033
32403
442002
4112040
4030122
1310340
1130121
1212042
114330
4030113
2113212
32412
442011
1130124
4210401
4112031
442020
4030110
4030104
32421
4030101
4112022
4210410
32430
3014301
4112013
4112010
4112004
4112001
1212114
4030200
4030203
1310421
4210311
4112121
1212123
3211002
1212120
1130202
1310430
4112112
4210320
1310403
1310400
1212102
311004
2031303
4112103
2031300
4112100
1212111
311001
1310412
311013
114402
2113221
311010
1130232
114411
311022
2113230
1130211
442101
311031
114420
1212132
1130214
442110
2031330
1130220
311034
1130223
1212141
311040
311043
2113320
2441001
1130241
3211041
2441010
1212210
1212213
3211032
4030230
1212222
1130301
2031411
3014400
4030221
3211011
3211014
2113302
311100
4030212
311103
1212201
3211020
4112130
1212204
3211023
2113311
3211122
1212240
1130322
1130331
3211131
1032003
311112
4030320
1032000
2310003
3211104
311124
1032030
1130304
2310000
311121
1212231
3211110
1130310
1130313
3211113
2113401
311133
4030311
442200
311130
4112220
311142
4030302
3211101
4112211
1032033
4112202
1130340
4014012
1114002
4440000
4112310
1212312
1114011
4014000
4014003
1114014
4112301
1212303
1212300
1032111
1114032
2113410
1130421
311202
2441100
1114041
311214
2310030
311211
1130430
311220
1130400
2310033
1130403
311223
1212321
3211140
1114020
1114023
1212330
131001
1032114
1130412
131004
2310114
3031023
1032141
3031020
131010
344001
311232
131013
3031014
3031011
311241
344010
131022
3031032
131031
131034
2310141
1212402
131040
131043
3211221
1114101
1114104
1212411
3211230
1114110
3211200
4014030
3211203
3031002
4030410
4014021
4030401
2310111
3211212
