1
311302
1024012
3113002
1032202
2400301
10
213001
311311
1024003
303112
13
1024000
213004
2302003
221203
3031102
1024030
213010
2400310
2302000
3113020
1032220
221200
3211300
303121
3121210
213013
22
1122310
2310202
1114120
1024021
1032211
311320
213022
303130
3121201
2302012
31
131104
34
213031
2220040
41002
131113
43
221230
131122
213040
131131
41020
41023
2220130
2130022
131140
41032
1114201
2130031
2130040
1204300
2310211
1024111
1032301
100
2220100
303202
2220103
2302021
103
3031111
1024102
213103
2302030
311401
2310220
303211
213100
303220
112
2220112
1122400
2130001
1114210
2130004
221302
311410
1024120
2220121
123001
121
1032310
2130010
213112
221311
124
123004
2130013
3031120
2212000
131203
3023020
2212003
131200
213121
130
123010
3031210
123013
133
2310310
213130
4301002
2220202
221320
2302120
2212012
131212
142
123022
3031201
2220211
2130100
2212021
123031
131221
2130103
41113
131230
4301020
2220220
2212030
1401013
123040
1401022
41131
1114300
3203200
3023002
2400400
2302102
1401004
3121300
2302111
2310301
2040031
303301
1401040
1024201
2040022
202
303310
213202
2040013
1401031
211
2040010
214
213211
2302201
2040004
220
123100
1024210
123103
2040001
3113200
1032400
223
2130112
131302
213220
232
2130121
123112
33001
33004
131311
123121
41200
241
2130130
33010
41203
244
33013
2040040
131320
123130
33022
2130211
2122021
33031
1311004
4211020
2130220
1401112
1311001
2122030
41230
33040
1401103
2302210
2310400
1024300
1311031
2040121
2212102
3031300
303400
2220301
301
2212111
2040112
2122000
304
1311013
2122003
1401121
1311010
310
213301
2220310
2040103
2212120
313
1311022
2130202
2040100
2122012
213310
1401130
322
2204002
123202
2212201
123211
331
131401
33100
3023200
334
33103
131410
2220400
2212210
1311040
340
2204020
123220
41302
2122102
343
33112
2040130
2130301
2122111
41311
33121
3400021
1401202
41320
1311100
33130
1311103
3400030
1401211
3400003
3400000
4211002
2302300
3400012
1221010
3310003
2032030
3310000
4121020
2040220
1311121
1221013
2032021
3400120
2040211
1221022
1311130
3310012
1401220
403
2032012
4121002
410002
2040202
3400102
213400
1221001
3400111
2032003
1311112
412
1221004
2032000
410023
1221040
410020
123301
421
2130310
2122120
424
430
123310
433
33202
1221031
410032
4203001
442
33211
2130400
1401301
2122210
2114020
33220
1303003
1303000
1401310
4301200
1311220
1303030
2032120
1131001
2040310
1221112
2212300
1131004
2032111
2114002
2040301
1311202
1303012
3310021
2032102
2122201
3310030
1221103
1221100
1303021
1311211
3220021
320002
1131031
410113
2204200
123400
320014
3220030
320020
3220000
4031020
3220003
1221121
320023
1131010
1131013
410131
33301
1221130
3310120
2122300
4203100
3220012
33310
1131022
3400210
320032
3310102
4031002
3310111
1401400
1303102
320041
1131040
3400201
3302002
4211200
1221202
4203010
1303120
1213012
1221211
2024020
3310201
1000003
4113010
1131100
2032210
4121200
1131103
1000000
2040400
1213021
1000030
1311301
402004
1303111
2032201
1000024
4113001
402001
1213003
1213000
1311310
402013
2024002
402010
410203
410200
3400300
1131121
402022
1041004
1000042
402031
1131130
320104
1000033
410230
1041022
230002
1213030
320113
1221220
33400
1131112
1041013
230014
402040
320122
3130030
230023
230020
320131
320140
1041031
3130021
230032
230041
1041040
1000111
1213111
1221301
1123000
3220120
1123003
1221310
3310210
402103
402100
1303201
2032300
3130012
1000123
3302020
3220102
2114200
410302
1303210
3130003
1311400
1213102
1000114
3220111
3130000
312004
1041103
410311
1000141
3220210
3212020
1131220
312001
402112
1123030
312013
1000132
2401000
320200
312010
2401003
320203
402121
3130111
320212
2401012
312022
1213120
3212002
1131202
402130
1123012
410320
1041112
3220201
320221
3130102
2401021
1131211
230104
312031
1123021
4031200
1000144
4023010
140002
320230
230113
4023001
1041130
230122
312040
3310300
1041121
230131
4113100
140023
140020
230140
4023100
140032
1000204
1213201
1213210
3302200
1221400
1123102
1000222
2024200
1303300
1000213
402202
312100
1123120
2401030
3040012
312103
1033003
1000234
402211
1033000
3130120
1000231
320302
402220
3040003
3040000
3040030
222001
1033021
320311
1041211
312112
1131301
1123111
222004
230203
222010
230200
1033012
3040021
1000243
1041202
312121
222013
1000240
1131310
3040111
320320
2401120
222022
312130
230212
2311012
3040102
1033030
3122020
1041220
222031
3130210
230221
2311021
140113
2311030
230230
3040120
222040
1000303
140131
1000300
1213300
2401102
2401111
3130201
1000312
2311003
2311000
402301
3220300
3122002
402310
1033102
1000333
304000
1000330
304003
304012
1000324
1000321
312202
1123201
1041310
3204001
304021
3130300
222103
2401201
320401
312211
222100
1033111
312220
3212200
1131400
1000342
304030
3204010
1041301
1123210
230302
2311102
2401210
320410
222112
132001
230311
132004
132010
140203
140200
222121
1033120
132013
222130
4310002
230320
132022
132031
4400002
1410004
140230
2221030
1410013
132040
1000414
1000411
4400020
1000402
304102
2311111
402400
3040201
1000423
1000
2221000
312301
2221003
1000420
304111
1003
3032002
1410040
214003
312310
1410022
214000
2311120
1123300
2221012
1033210
1000441
1041400
222202
3032020
1410031
304120
3040210
2221021
1033201
1000432
214012
222211
1024
3040300
2311201
230401
132103
1030
132100
214021
1033
2311210
230410
4400200
140302
214030
2303020
222220
2221102
42001
132112
1042
42004
140311
2221111
2131000
42010
2131003
132121
42013
132130
4220002
140320
1410103
42022
42031
2401300
4220020
3204100
3114010
3122200
42040
2303002
3114001
1320022
4310020
1410130
1320031
304201
1320004
312400
1410112
214102
1320001
304210
1111
1320013
1114
1033300
3114100
1410121
214111
1320010
222301
124000
2221120
124003
1123
2131012
222310
132202
214120
1132
124012
2131021
132211
42100
124021
1141
2131030
42103
1144
1320040
132220
124030
42112
1402000
1402003
2131111
2000023
42121
1402012
2000020
1410202
2131120
2000014
42130
2000002
2041021
1230001
1320112
3024010
3032200
1230004
2311300
304300
1230010
2213002
2041012
1320121
1230013
3024001
1320100
2221201
1402021
2000044
1320103
2041003
1204
1410211
2041000
2000041
1410220
214201
1402030
2221210
2213020
1213
2000032
2131102
214210
2303200
222400
1222
124102
1230040
3024100
124111
1231
132301
34000
1234
34003
1230022
132310
2221300
1320130
1240
2041030
124120
2123002
42202
4130020
1243
34012
1230031
42211
1402102
2000122
34021
1410301
1402111
42220
4130002
34030
2000113
4302001
2000104
4310200
4302010
1312021
1230103
1230100
1320211
2041111
1320220
1312030
3401020
2000143
2041102
2000140
1410310
1312000
1300
1312003
1303
2000134
1312012
3401002
2000131
1402120
1320202
214300
1312
1230130
2131201
1140022
124201
1321
2131210
2123020
1324
1140031
1230112
132400
1330
124210
1140004
1333
34102
1230121
1140013
42301
1342
34111
2041120
2000221
2131300
42310
34120
2000212
1402201
2000203
4302100
2000200
1140040
1222003
4212001
1222000
1320310
2033020
2041210
4220200
1230202
4040020
4212010
2000242
1312120
1222012
2041201
2213200
1312102
2033002
1410400
2000233
1402210
2000230
1320301
411004
1402
1312111
2000224
4040002
1140112
1411
411013
1414
1140121
411022
1420
124300
1423
1230211
411031
1140103
1222021
1432
34201
1222030
3311020
1230220
4204000
42400
1441
34210
2000314
4122010
411040
4130200
3311002
2000311
1402300
4122001
2000302
1140130
3401200
1320400
4212100
1222102
1312210
1304020
4122100
2041300
2000341
1222111
1230301
1304002
2000332
411103
2000323
1312201
2000320
2123200
1140211
1132021
321004
1140220
321001
411112
1132030
1132000
321013
1132003
1230310
321010
411121
321022
1222120
1140202
34300
411130
1132012
2410021
2000413
321031
2000410
2410030
2000404
2000401
321040
1214002
2000440
1222201
3221020
2033200
2000431
2410000
4040200
2410003
4032010
2000422
1312300
2410012
3221002
4032001
403003
403000
403012
411202
1140310
321100
1132120
321103
403021
411211
403030
3303010
1222210
3311200
1230400
411220
2410102
1042012
3131002
1214020
1132102
4032100
231001
2410111
1042003
321112
1140301
1132111
1042000
231004
1042030
231010
321121
231013
1042021
3303001
231022
4114000
321130
231031
231040
1222300
3303100
403102
1304200
2320003
1140400
100000
403111
100003
2320000
3131020
1132210
411301
1124020
411310
313000
2410120
313003
2320012
1042111
313012
1124002
321202
403120
2320021
1132201
100024
1042102
313021
231103
2320030
100030
321211
231100
2402020
100033
321220
313030
3041002
3000040
2320102
3000043
2410210
1042120
231112
100042
2320111
141004
3000034
2230003
2230000
3041020
231121
141013
231130
2320120
141022
2230012
3000013
3221200
3213010
141031
3000010
3000004
1214200
3000001
141040
3000031
2402002
3213001
3000022
4024000
2410201
403201
3000100
3000103
313102
403210
411400
100111
10000
3000124
321301
313111
100114
10003
3000121
3123001
1042201
2410300
223003
100123
321310
223000
3000112
1034002
1132300
3213100
231202
313120
100132
223012
2230021
231211
10024
1034020
2230030
100141
141103
1042210
10030
223021
100144
10033
223030
231220
141112
10042
2140000
2140003
141121
141130
2230120
2140012
2140021
2140030
2312002
403300
3000142
3000133
2320201
100204
3123010
3131200
3000130
2320210
1042300
100213
2230102
313201
2312020
1124200
321400
2230111
223102
313210
100222
10111
10114
223111
3000232
100231
231301
3033001
133003
133000
100234
10123
231310
2320300
141202
100240
100243
2222002
223120
10132
133012
4311001
141211
2230201
3000241
3033010
10141
3041200
133021
10144
4311010
133030
141220
3000202
1411000
1411003
3000220
3000223
3123100
3000214
2402200
3000211
3000301
1411030
100300
100303
313300
1411012
2002
3000313
1034200
1411021
100312
3000310
10204
3000304
2014
100321
2230210
223201
2020
2222020
100324
10213
2140102
2023
223210
100330
231400
100333
133102
10222
2140111
2032
133111
100342
10231
141301
43000
2140120
2041
10234
43003
2044
141310
10240
2132002
133120
10243
43012
4221001
2140201
1411102
43021
4221010
2140210
2132020
43030
1321012
3033100
2304001
1411120
3000331
2304010
1321021
2312200
3000322
1411111
100402
2104
3000340
100411
1321000
10300
2230300
1321003
100414
10303
2113
3000430
100420
100423
223300
2304100
3000421
10312
2122
3410020
2214001
100432
10321
1321030
2131
133201
10324
2134
100441
133210
2222200
141400
10330
2214010
2140
10333
43102
2143
2001022
3410002
10342
43111
1403002
43120
3000412
2001004
3000400
4311100
3000403
1321111
4131001
1231003
1231000
2042002
2001043
2001040
2001034
1411201
2200
1403020
1321102
2203
1411210
420004
10402
1231030
2212
420001
10411
420013
2140300
420010
2221
10414
420022
2224
10420
1321120
133300
2230
1231012
10423
2233
420031
2042020
1231021
10432
2124001
43201
2242
2001112
2132200
10441
2124010
43210
420040
4303000
1321201
3320020
1313020
2001142
4221100
1231102
1321210
3320002
1411300
2001133
2214100
2001124
4131010
1313002
2302
2001121
420103
420100
1231120
3230002
1141012
2311
2314
1141021
2320
330004
2323
330001
1231111
420112
4000042
330013
1141000
1141003
4000033
2332
420121
330010
2001214
3402001
4000030
330022
4131100
43300
420130
4000024
2001211
2341
4000021
3402010
330031
3410200
2001202
4000012
1141030
330040
4000003
1321300
4000120
2034010
4123000
4000123
2042200
2001241
3402100
4213000
1223002
2001232
2034001
4000114
4000111
1403200
2001223
2001220
4000102
2401
2404
2124100
412003
1141111
412000
412012
2410
420202
2413
330100
330103
1231201
412021
3230020
420211
2422
412030
1231210
420220
1223020
2431
1141102
240001
330112
2001304
240004
2440
240010
330121
3140002
240013
1141120
240022
330130
3140020
240031
2001340
1313200
240040
2034100
2001331
4000141
3312001
2001322
3312010
4000132
3320200
2001313
412102
3222001
1141201
3230200
412111
3222010
1141210
420301
4000240
1133020
420310
322000
4033000
1231300
3312100
322003
322012
4000231
1133002
2411002
412120
330202
322021
4000222
240103
2001403
330211
2001400
240100
4000213
330220
322030
4000210
4000204
240112
4000201
240121
240130
4000312
2001430
4000300
4000303
2001421
2001412
1002004
404002
1141300
2411020
1002022
412201
1223200
404020
322102
1002043
412210
1043002
420400
1002040
330301
322111
1002034
232003
1043020
232000
330310
3132010
3140200
2321002
240202
322120
3132001
232012
240211
232021
232030
2321020
240220
3222100
3304000
4000330
4000321
3214000
1133200
1002124
3001000
1002121
3001003
412300
1002112
1002142
314002
4000420
1002133
2403001
322201
314020
330400
232102
4000411
322210
232111
240301
4000402
142003
142000
240310
232120
142012
142021
142030
2231020
1002202
1002223
1420021
1002220
2411200
3001033
2403010
1002214
1420030
3001030
3132100
1002211
3001024
404200
3042010
1420000
1420003
1002232
2231002
322300
1420012
3001042
3042001
224002
3001132
2100004
2313001
232201
1002241
3001123
3124000
1043200
2313010
232210
4402000
2321200
240400
142102
2100022
224020
3001141
3042100
142111
4320100
142120
4230001
3001114
2403100
3001111
4230010
4320001
1330000
1002313
1330003
1330012
4320010
1420120
1002304
3001213
1420102
1002331
3001204
1420111
314200
1002322
2100034
2100040
2141002
1002340
2100043
232300
134002
1330021
1330030
142201
2141020
142210
4312000
2231200
2223010
2100133
134020
2010004
2100142
4230100
1412020
3001231
1330102
1002412
2010043
2010040
1420210
1330111
3001222
1002403
2010034
1002400
2313100
2100112
1002430
3001240
1412002
2010022
2223001
2100121
3001
1002421
2100124
3004
1420201
3034000
3010
3001321
3013
1240021
2100202
224200
1240030
3001312
3022
1240003
1240000
2100211
2100214
3031
3034
2100220
1330120
2223100
142300
1240012
2100223
3001330
3040
44002
3043
44020
3001300
3001303
2010142
1322002
2010133
3411001
1330201
2010124
2010121
3001402
1420300
3100
2010112
3103
2100232
3112
2133001
1240120
2141200
1322020
2100241
3121
2133010
3124
1240102
1330210
134200
3130
1240111
3133
2100322
2002012
2010202
3142
2100331
2133100
2002003
2002000
2100340
3001420
2002042
2010232
2043001
1330300
3001411
2002033
4222000
2002030
2100304
2010223
2010220
2002024
3411010
2010214
2100313
2002021
1412200
2010211
3321010
1240210
3202
1232020
3211
421003
421000
3214
1232002
2100400
421012
2100403
3220
3223
3321001
1240201
421021
2100412
2043010
4132000
2010241
421030
3232
2002111
44200
3411100
2002102
3241
4001020
4001023
2002141
2043100
2010331
1101013
1314001
2002132
3403000
1322200
2010322
1101022
1314010
2002123
2002120
2010313
4001002
2002114
1101004
2010304
1101040
1142002
1101043
2100421
3301
3304
421102
2100430
3310
421111
3313
1101031
1101034
2010340
3322
331000
1240300
331003
331012
2002204
3331
2420002
421120
2002201
331021
3340
2420020
331030
3231010
1142020
2010430
1314100
1101112
3231001
2002231
2010421
4042000
2002222
2010412
1011004
4001032
2002213
2002210
2010403
2010400
3321100
1101103
1011022
200002
1101142
3400
1011013
3403
3100003
413002
3231100
200014
3100000
1101121
3100030
1224001
1101124
200023
3412
1011034
4001131
3100024
200020
421201
1224010
1011031
3313000
1232200
413020
1101130
331102
421210
1101133
3421
2002240
2002303
2002300
331111
200032
4001113
3430
241003
200041
241000
1011043
1011040
200044
331120
241012
241021
1101202
2002330
241030
2330020
1101211
4001200
1101214
4001203
2002321
1011103
2002312
1101232
1134001
3100042
3141001
1011112
1142200
1101241
200104
1134010
3100033
2330002
1011133
421300
200113
1101220
1011130
1224100
1101223
200122
1011124
3141010
1011121
323002
200131
3100141
3010030
3141100
331201
200134
3010024
2412001
323020
1011142
3100132
2420200
200143
241102
2412010
200140
331210
241111
3010042
3010033
3100111
241120
1101301
1101304
3223000
2002420
1101310
4001230
1003003
3100123
2002411
1003000
2002402
3100114
3010000
3010003
1011214
1101331
3100204
1011211
1134100
200203
200200
1101340
1011202
1101313
3100222
3010111
4001320
1003033
413200
200212
1011223
1003030
1101322
3100213
1011220
200221
1003024
2240002
331300
20002
4001311
200224
200230
1011241
233002
200233
4001302
1003042
20014
1011232
200242
241201
20020
2240020
20023
241210
4411000
233020
20032
1101400
20041
1101403
20044
2412100
1011310
1003114
1101430
3010123
3133000
1011304
1003111
3100231
1011301
200302
3010114
3010141
2322001
1003132
1101412
200311
1011322
102004
200314
3010132
2322010
2330200
1003123
1101421
1011313
3100240
200323
1011340
200320
3010222
2404000
323200
3100330
102022
3010213
20104
3002020
3002023
1003141
1011331
3100321
200332
20113
102034
3002041
3043000
200341
241300
2322100
143002
102040
102043
3010231
20122
3002032
3100303
3100300
20131
20134
4321000
20140
143020
20143
3010204
3002014
3100312
3002002
1003213
1011403
1011400
1421020
1003204
1003231
3010300
1011421
3010303
200401
3100411
3002104
200404
1003222
200410
1011412
3100402
200413
1421002
102112
2232001
12004
200422
1003240
102121
20200
2232010
1011430
2240200
20203
200431
102124
3010240
233200
102133
20212
12022
200440
20221
102142
2101024
20224
12034
2101030
20230
2232100
12040
2101033
20233
12043
2142001
2101042
20242
4231000
2142010
3010312
3002122
1003303
2101000
1003300
2101003
3100420
3002113
1331002
3002140
2314000
2101012
1003321
3010330
102202
3010321
2101021
3002131
1003312
3002221
102211
3010411
102214
3002212
1003330
102220
102223
20302
2101102
3010402
12112
3420001
2101111
20311
1331020
102232
3010420
12121
2101114
20314
3002230
12124
3420010
102241
20320
143200
20323
2011003
12133
2011000
20332
12142
3002200
20341
3002203
1200022
1421200
1003402
2011033
1413010
2011030
4100023
4100020
2011024
3002302
1003420
2011021
1200004
2011012
1003411
4100002
1413001
2101120
2224000
102304
2101123
4003
102313
12202
2101132
4012
1241020
1200034
20401
102322
12211
20404
2142100
2101141
430003
4021
430000
12214
1241002
4024
1200043
1200040
102331
430012
20410
2011042
12220
20413
4030
12223
2011102
4033
430021
102340
2101222
20422
430030
12232
4042
2101231
20431
2134000
12241
2101240
20440
1200112
2011132
3330001
1110004
3330010
3002311
1200121
2011123
1110013
1323001
1200124
2011120
3420100
2101201
2011114
2101204
4141000
2011111
1413100
2101210
3002320
2101213
4100032
102400
1110034
102403
3330100
4102
3002410
1110040
1110043
3002401
102412
4010032
4111
12304
430102
4114
3412000
2101300
1331200
102421
1110022
1323010
2101303
1200133
4120
430111
4010020
12313
4010023
2011141
4123
1200142
4100131
102430
1110031
12322
2003002
4132
340000
340003
340012
12331
4141
430120
4100113
4010002
340021
12340
340030
1200211
2011231
1200214
2003032
1110103
2011222
1323100
1200223
1200220
2003023
2003020
2011213
2011210
4100203
4100200
1200202
2003014
2011204
2011201
2101312
1233010
1241200
1110130
1200241
1110133
2101321
4201
1020004
4204
1110142
1110112
12400
3240001
2101330
4210
12403
422002
4213
2011240
1020022
1110121
1200232
3240010
1233001
1110124
12412
4222
2044000
2003041
430201
422020
2101411
340102
1020043
430210
12421
1020040
4231
340111
2101420
1020034
12430
4240
3240100
340120
1102000
3322000
1200304
1102003
2003131
2011321
1110202
1200313
2003122
1102012
2011312
4010131
2003113
4100230
2011303
2011300
2101402
4010113
2003104
1102033
4002040
1200340
1110232
1143001
1102042
4010230
4300
4303
1200322
4002031
1020124
1110211
1102021
1020121
1110214
4312
1102024
1200331
430300
2003140
4002022
2011330
1110220
1102030
4100320
1233100
1020112
1110223
4002013
1020142
4321
4010200
4010203
332002
4002010
4002004
4100311
1020133
4330
4002001
340201
4100302
1110241
332020
1143010
340210
2003230
1200403
1200400
2011420
4010302
1102102
4002100
4002103
2003221
2011411
1110301
1200412
1102111
2003212
2011402
2003203
2003200
1110322
1012012
1102132
1020202
1110331
1012003
1102141
1143100
2421001
1012000
201004
1020223
1110304
3232000
1012030
1102114
4402
1020220
2421010
1110310
1200421
1012024
1102120
1020214
1110313
1012021
1102123
4411
1200430
1020211
201022
422200
4420
1012042
3101032
1020232
2421100
340300
201034
1012033
201043
242002
201040
1110340
2331001
1020241
3101041
3142000
3101002
2003320
242020
1102201
1102204
4010320
4002130
3101023
2003311
3101020
4002121
2003302
3101014
4010311
4002112
1012111
1110421
1102231
1012102
1110430
1110400
4002220
1102210
1110403
1012123
1102213
3101113
1020313
3011002
1012120
201112
1110412
1012114
111004
4002211
1102222
1020304
3101104
2331010
1012141
201121
1020331
111013
324001
4002202
201124
1012132
1020322
332200
201133
324010
111022
1102240
201142
111031
1020340
111034
2200033
4002301
111040
111043
2200042
2241001
1102300
2003410
3011041
1102303
2241010
2003401
2200000
3011020
1102321
2200003
3011023
4420000
1012204
3101131
1012201
1430002
1102330
3011014
2413000
1004002
3101122
2200012
1012222
201202
1020412
2200021
3011032
1004023
201211
1102312
2200024
1012213
1004020
3101140
1020403
201214
1012210
111103
2200030
1020400
2331100
324100
3101230
1020430
3011113
201223
201220
2200102
1012231
111112
1020421
3101221
21004
3011104
2200111
1004032
2110000
111121
1430020
234001
2200114
2110003
201232
111124
3011131
2200120
234010
2200123
201241
2323000
242200
111130
111133
2110012
21022
3011122
1012240
111142
21034
21040
3101212
21043
4002310
3101203
3101200
1012303
1012300
1102420
3101311
3003004
4330000
1102402
3003001
1012312
3101302
103000
103003
1102411
201304
4002400
1004113
1340020
201313
111202
2200132
1012330
2110021
2110024
201322
3011140
111211
2200141
1004131
2110030
1012321
2241100
111214
201331
2110033
103024
111220
1340002
111223
103030
234100
103033
21112
2110042
201340
111232
21121
2110114
103042
21124
2200231
111241
2110120
2233000
2110123
3003040
21133
2200240
2110132
21142
2110141
2020030
3011212
3003022
1004203
1422001
2020024
3101320
1004200
3003013
2200201
2020021
3011200
1430200
2200204
3011203
3003010
1422010
2020012
3011230
2200210
2200213
1012411
2110102
3011221
201403
3003031
201400
2020003
1012402
2020000
2200222
2110111
4240000
3011311
111301
3003112
103111
201412
13000
1004230
111304
3011302
103114
13003
1012420
2200300
3101410
2200303
201421
111310
111313
2102002
103123
21202
2020042
3011320
201430
3003130
2200312
2110201
111322
21211
3003121
2110204
103132
21214
2020033
13024
111331
103141
21220
13030
21223
13033
111340
21232
3003100
13042
3003103
3101401
21241
2110240
1004302
1422100
2020123
2020120
2020114
2020111
1004311
2020102
2200321
2110210
2102020
2110213
103204
2102023
111400
111403
2200330
103213
2110222
1004320
2102032
2020141
111412
1332001
2110231
103222
13111
2143000
21304
2020132
13114
1340200
111421
103231
1332010
2102113
21313
13123
2200420
111430
2110312
103240
21322
13132
2110321
2102131
21331
13141
2110330
21340
2020222
3011401
1414000
3003211
1201012
2012023
2012020
2020213
2020210
3003202
1201021
2020204
2200402
2020201
3003220
1201003
2200411
1201000
3421000
2110300
2012002
2110303
3011410
1201042
3003310
1242001
103300
103303
1242010
3003301
3331000
4101040
2020240
1332100
103312
1201024
1201030
13204
2102200
103321
21400
2020231
4101031
1201033
2102203
21403
431002
13213
2012032
4101022
103330
21412
13222
431020
4101013
21421
13231
4101004
21430
13240
4011004
1201111
4101112
2020312
1111000
1201114
1111003
2012113
2020303
4101103
2020300
1201102
1111024
300004
2110402
300001
1111030
1242100
1201141
1111033
300013
2110411
103402
300010
1201123
103411
300022
1201120
2020330
1324000
2110420
13300
2102230
13303
300031
2012131
103420
1201132
2020321
13312
300034
2102311
13321
300040
341002
300043
3200032
2102320
1111042
13330
2430001
3241000
341020
3200041
4011040
2430010
2004031
1201201
3200020
2020411
3003400
1201204
3200023
2004022
1201210
4011031
2020402
1201213
3200002
4011022
2004013
4101130
2004010
2012203
2012200
4011013
2004004
2102302
3200014
4101121
2004001
300100
3200113
1234000
1111123
300103
1021003
1021000
4011130
3200122
1201240
4011121
1111132
3110014
1021021
1201222
300112
4011112
2004040
1111111
210004
2012230
300124
3200104
4101220
1111114
2020420
13402
1021012
3110002
300121
1201231
423001
300133
4011103
13411
423010
4101211
210022
1021033
431200
300130
1021030
300142
4101202
13420
1021024
210034
1111141
210043
210040
1021042
4101310
2340001
4003000
1201303
4003003
1201300
2004121
2012311
2340010
1103002
4101301
2004112
2012302
2004103
2004100
1201330
1021102
1111222
3110023
1103032
3110020
300202
1111231
2430100
300214
1201312
3200131
1111204
1021114
1103014
3110041
300211
1021111
300220
423100
300223
1201321
1103020
3200140
2004130
1111213
2012320
3110032
1103023
3020014
210112
1021132
3110122
120004
210121
3020002
300232
1021123
333001
3110113
210124
1021120
1144000
1103041
3110140
2422000
341200
300241
3200230
210133
120022
333010
1111240
3020023
3020020
1021141
3110131
210142
2004220
120034
3200212
1201402
4011220
120040
120043
4003030
2004211
3200221
4003021
2004202
4011211
3110104
3200200
4003012
3200203
4011202
1111312
1103122
1013002
3200311
1111321
300301
1103131
4003120
1013023
202003
1103104
1201411
1021213
3102013
300310
1013020
202000
4011310
3110203
1111300
300304
3102010
1021210
1111303
3110200
4011301
1103113
210202
1013014
4003111
3102004
1021204
300313
3200302
1201420
3102001
1021201
202012
210211
1021231
4003102
210214
4101400
300322
202021
1013032
2340100
3020041
1021222
333100
202024
210223
202030
3020032
300331
210220
300340
120112
30001
1111330
202033
30004
1103140
1021240
120121
202042
30010
243001
210232
120124
30013
1013041
243010
210241
3020140
2332000
120133
30022
2004310
3020131
120142
30031
30034
2004301
30040
30043
3102031
3110221
1111411
1103221
3020104
3102022
3110212
1111420
1103230
3200320
1103200
1103203
300400
3020122
202102
1013113
3102040
300403
1021303
300412
3110230
1111402
1021300
202111
1103212
3020113
1013104
3012013
202114
300421
112000
112003
210304
1013131
3020203
3020200
3102121
1021321
3012010
3110311
202123
3012004
300430
210313
2201002
120202
202120
3012001
1013122
112012
3102112
1021312
210322
120211
3012031
3020221
30100
112021
120214
202132
30103
210331
112024
3020212
3012022
1013140
2201020
1021330
120220
3102130
2201023
202141
120223
3110320
112030
243100
112033
30112
3200401
210340
120232
30121
3200410
112042
30124
2004400
120241
3110302
30130
4011400
30133
4003210
3102103
3102100
4003201
30142
1103320
1431001
1013212
3102202
1021402
1103302
4003300
202201
1013203
1103311
1013200
202204
210403
1013230
202210
210400
1021420
3012040
202213
112102
3020230
2201032
1013221
1021411
202222
112111
210412
22000
120304
2242000
112114
22003
202231
210421
1431010
120313
112120
30202
112123
22012
210430
4200001
120322
202240
30211
4200004
112132
22021
30214
2111014
22024
2201131
120331
4200010
2111020
112141
30220
4200013
3020320
22030
2111023
30223
3012130
22033
120340
4200022
2111032
30232
22042
4200031
3020302
30241
1103410
3102220
3110410
4200040
3012100
1431100
3012103
1300024
3102211
1300030
3110401
1300003
1013311
1300000
3012121
2201113
3020311
1013302
1103401
2111002
202303
3012112
202300
3004012
104002
3430000
1341010
1013320
3012202
112201
3102310
202312
3004000
112204
3004003
2201200
3012220
120400
1300033
2201203
120403
202321
3004030
112210
112213
3020410
104020
104023
22102
3004021
1300042
202330
120412
1341001
30301
3012211
112222
22111
3020401
30304
104032
2111041
22114
120421
112231
30310
22120
30313
22123
120430
112240
30322
3102301
22132
30331
22141
1300114
1210003
2021023
1210000
2021020
4200130
4110013
30340
2111140
1300123
4110004
1423000
1210012
2021002
1013401
1300111
2111104
202402
1210033
202411
1210042
2111113
112300
1013410
112303
2201230
104113
2111122
14002
2021032
1300132
202420
1210021
1341100
112312
22201
1210024
2111131
1210030
22204
1300141
2111200
30400
112321
104131
2103010
22210
2111203
30403
440002
14020
22213
2103013
14023
2201320
112330
2111212
30412
2103022
22222
14032
3340000
440020
2111221
30421
22231
2103031
2111230
30430
22240
3012301
3004111
4200100
1210102
4110040
1300213
2021113
4200103
3004102
1300222
1210111
3102400
4200112
4110031
3004120
2201302
4110022
4200121
2103001
3012310
2103004
2201311
1300204
4020031
1300240
3004201
1120021
1210132
104200
1120024
104203
4020022
4110130
1210141
1120030
1210114
4020013
1120000
1120003
112402
1300231
2021131
4110121
4020010
4020004
1210123
112411
1210120
1333000
22300
2103100
4020001
3012400
1120012
4110112
22303
2103103
3004210
2103040
14113
112420
104230
22312
4110103
4200301
1120033
22321
14131
4200310
22330
1120042
1202002
2013022
4102012
4110202
4200202
1300312
2013013
1210201
2013010
4102003
2021203
4102000
2021200
1210204
2013004
4200211
2013001
4200220
1300303
1300300
1202032
1120114
1210231
2111302
2103112
1120120
1243000
1120123
2013040
2111311
104302
2021230
1210210
2103121
1300321
4020040
1202023
1202020
104311
1210213
1120102
2111320
14200
1300330
2013031
2103130
14203
1030003
1210222
1120111
1030000
1030030
104320
2103202
22402
1030024
432001
2111401
2103211
22411
432010
440200
4200400
1210240
2111410
2103220
22420
1030042
1120132
14230
1120141
1030033
4020130
3004300
1300402
2021311
4020121
2013112
1300411
2021302
4020112
1210303
1210300
4102030
2013103
4110220
2013100
4020100
4020103
4102021
4110211
4020220
1202131
3201010
4012030
1210321
1120210
1112020
1120213
3201013
1112023
1210330
4012021
301000
4020211
3201022
1120222
301003
1030111
4012012
1112002
1202113
2013130
2021320
4102120
4020202
1300420
4110310
1120201
3201001
1210312
3201004
4012000
1120204
4012003
14302
1112014
2013121
4102111
1120240
301030
432100
4110301
1030123
301024
14311
4102102
1030114
301033
1112032
14320
1030141
342001
1120231
301042
1112041
1030132
342010
2013211
4102201
1202203
1202200
2013202
3201040
1112113
1202230
2103301
1210420
1120312
1112122
2103310
1210402
1030204
301111
3201031
211003
1112104
1210411
2013220
211000
2431000
1022002
1120300
1120303
301114
2300002
1030222
3111022
424000
301123
211012
1022023
2103400
301132
1030213
3111013
1022020
3111010
2300014
211021
1120321
3201121
301141
342100
1112131
211024
2300023
211030
2300020
1030231
3111031
211033
3201130
1120330
1112140
1022032
2013310
211042
4012120
3201112
4020310
2013301
1202302
1030240
4020301
4012111
3111004
3111001
4012102
3201100
4102210
4110400
3201103
1202320
3201202
1120402
1112212
1104022
4004020
1120411
3201211
4020400
1112221
4012210
1104031
1030303
301204
3111103
1030300
3111100
1104004
4012201
1202311
1112200
301213
1112203
211102
1104013
4004002
4102300
301222
2300032
211111
1030312
211114
121000
121003
2300041
2341000
301231
1022113
3111040
211123
211120
1030330
334000
1120420
121012
1112230
1104040
1022131
301240
121021
1030321
211132
2300131
121024
2210020
2210023
2013400
211141
121030
121033
3021031
2300140
2210032
121042
3021040
1104112
3021004
3111112
1112311
3021001
1104121
2300104
3021022
301300
2300113
1014013
2210002
301303
3201220
1022203
3111130
1022200
1104103
2300122
203002
1014004
3021013
3021010
3111121
1112302
1014031
3021103
3021100
3103021
211201
1030411
3111211
301312
203014
211204
2300203
1014022
211210
2300200
3103012
203023
3111202
1030402
301321
211213
203020
121102
1112320
1104130
211222
3021112
121111
301330
2300212
1014040
31000
3103030
1022230
3111220
1030420
203032
121114
31003
211231
2300221
121120
121123
203041
244000
3201301
211240
121132
3201310
31024
4012300
3103003
121141
31030
3103000
31033
2120032
1112401
31042
1104211
3201400
1112410
1104220
1022302
3103102
4004200
1014103
1104202
301402
2210113
2120002
203104
211303
3021130
2300230
1014121
211300
301411
1022311
301420
203113
113002
3021121
1014112
121201
203122
2210131
211312
2120020
121204
2120023
113014
203131
211321
121210
121213
113020
1014130
113023
1022320
211330
2300320
2202022
121222
31111
203140
113032
3021220
31114
3013030
121231
2202031
113041
2120113
31123
2210230
2202040
121240
31132
2030014
3111310
3013000
31141
3013003
1104310
3103111
3111301
2030002
2300302
2202001
3013021
2300311
2202004
3021211
1014202
2210200
3013012
2210203
2202010
3021202
2202013
1104301
3103120
203203
1014220
203200
3013102
3103210
3111400
2030041
211402
1014211
2030032
3103201
203212
211411
3021310
113104
2300401
1432000
121300
2202100
121303
203221
2202103
113113
2030023
2300410
2030020
3013111
23002
3021301
203230
2210302
211420
121312
2120131
113122
31204
23014
121321
113131
23020
31213
23023
121330
113140
31222
23032
31231
1104400
23041
1301014
4201030
2120230
2030104
2112040
31240
1301023
1301020
1014301
1301002
2202112
2112001
2030140
1301041
1342000
2112004
203302
2210311
2202121
2120200
1014310
2112010
2120203
203311
2030131
3013120
2112013
2210320
113200
113203
2202130
2030122
2112022
1301032
203320
121402
113212
2030113
2112031
23104
2202211
121411
31300
113221
2112100
31303
2112103
23113
2202220
121420
2120302
113230
2112112
31312
23122
2120311
2112121
31321
23131
31330
1301104
2022013
23140
2022010
2030203
2030200
4201000
1211002
1301113
2022004
4201003
3103300
2022001
4201012
3021400
3013210
2202202
3013201
4201021
3300022
400003
2022040
1301140
2030230
4111030
1211032
400012
203401
3300031
1014400
1301122
203410
2022031
2030221
3300001
4111021
400021
1211014
3300004
113302
1301131
2022022
400030
3300010
3013300
2030212
4111012
2202301
1211023
1211020
400024
113311
3300013
2120320
23200
2112130
23203
4111003
400033
113320
31402
400042
23212
4201201
31411
1211041
23221
4201210
31420
23230
2030302
1301203
4111102
1301200
2022103
2022100
4201102
1301212
4201111
2104000
1211122
4201120
400102
2104003
2202310
1121014
1211131
400111
2112202
2022130
2104012
1121020
2030320
1121023
1211104
2112211
310000
400114
2104021
1301221
2022121
310003
113401
2030311
3300040
1211113
1121002
2112220
1301230
400123
2104030
2022112
400120
1121041
2202400
400132
113410
23302
2104102
3210040
310030
400141
310024
2112301
2104111
23311
3300130
4201300
310033
3210022
1211140
2112310
23320
2104120
1121032
4021030
310042
3210031
4021021
3210001
3300112
2014012
3210004
2022202
1301302
4021012
3210010
3300121
1203001
1301311
2014003
3210013
2014000
1203004
4111120
4021000
3300103
4021003
3300100
4111111
3300211
1121104
3210100
1203031
1211221
3210103
1121113
4021111
400204
1211230
3300220
400201
2014030
1203010
1211203
4103020
1211200
2022220
400213
4021102
4111210
2030410
400210
1031002
1203013
3300202
400222
1301320
310111
2014021
1203022
2022211
1211212
4111201
2030401
1031023
220003
400231
1031020
220000
4103002
2440000
1121140
310114
1031014
23401
433000
310123
220012
310132
1203040
23410
1121122
400240
220021
1031032
310141
1121131
220024
220030
2014111
220033
2022301
3120040
2014102
220042
1301401
1203103
1203100
1031041
1121200
1121203
3210130
3120013
1113010
1203121
3120010
1113013
1203130
400303
2104201
1211320
400300
3120004
1121212
1113022
3120001
3210112
2112400
3120031
1301410
2104210
1211302
302002
2014120
310204
2022310
3210121
3120022
1113001
1203112
302014
1113004
1211311
4021120
400312
1113040
302020
310213
302023
220102
1031113
400321
3120103
310222
3120100
2104300
220111
400330
1031104
130000
220114
130003
3210211
310231
3030013
1031131
302032
1121221
3030010
3202021
3120121
1113031
220123
3030004
220120
3210220
343000
1031122
302041
3202030
1121230
3120112
3030001
3202000
4013020
3202003
310240
3300310
220132
4021210
2014201
130024
3210202
1031140
3202012
4021201
220141
130030
130033
4013002
4111300
130042
3300301
1211410
3300400
1203220
3202102
1121302
1113112
4021300
3210301
1121311
3202111
1203202
1023004
400402
1023001
310300
1203211
310303
1211401
302104
1113100
2014210
400411
4103200
2022400
1113103
1023022
212002
3030031
400420
1031212
302113
3030022
1023013
220201
1031203
310312
3120130
1023010
302122
1031200
220204
1031230
1113121
220210
212023
310321
3030040
220213
302131
212020
302140
1023031
1121320
1031221
1113130
220222
130111
310330
2014300
130114
212032
40003
220231
2301031
3030121
130123
40012
3030112
1023040
2301040
220240
130132
40021
40024
130141
3030130
40030
40033
1113202
3112012
3120202
1121401
40042
2301001
1113211
3112003
3112000
2301004
1023103
3112030
2301010
3120220
1023100
3210310
2301013
1203301
3202120
3030103
3030100
3112021
3120211
302200
1203310
2301022
302203
3112111
1031311
302212
3120301
310402
1023112
1031302
302221
3112102
220303
2301103
220300
310411
2301100
3210400
310420
302230
212113
3202210
3022012
122002
1121410
3030202
1113220
1023130
1031320
3112120
2211001
3120310
2301112
220312
3022003
2211004
130204
3022000
1023121
212131
4300000
4300003
220321
130213
122020
122023
40102
220330
3202201
4013200
4300012
130222
40111
122032
40114
4300021
130231
40120
40123
4300030
1400020
2211040
130240
1400023
40132
1113301
3202300
40141
1113310
1400002
1203400
302302
3022030
3030220
2301121
204001
302311
2211010
1023211
2211013
1031401
204004
212203
2301130
204010
212200
3022021
3030211
1023202
204013
2211022
220402
302320
1400032
204022
2211031
220411
1023220
204031
1441000
130300
1031410
130303
122113
32002
212230
3022120
2301220
220420
4300102
3030310
2211112
130312
2121001
40201
204040
2121004
40204
4300111
32014
4210000
2211121
130321
122131
2121010
40210
4210003
32020
40213
2121013
32023
4300120
130330
2211130
4210012
2121022
40222
32032
1310002
1400113
4210021
3112201
40231
1113400
32041
3104002
1310014
4210030
40240
3022111
2301202
3030301
2301211
3022102
3104020
2211100
3112210
2211103
3120400
1023310
3112300
1310032
204103
302401
204100
1310041
1023301
212302
302410
204112
1310023
212311
114004
1400131
2301301
1310020
3022201
2203000
122200
2203003
122203
204121
114013
2301310
3014002
204130
130402
212320
114022
2121031
32104
130411
40300
114031
40303
2121040
32113
130420
122230
40312
114040
32122
2121121
40321
2031004
32131
2031001
4210120
40330
2121130
1310104
32140
1400200
1400203
1310131
2211202
1220023
2203012
1220020
1023400
3014020
204202
2031031
2211211
2121100
3022210
2203021
3030400
2121103
1310140
1220002
2031022
204211
1310113
1400230
2211220
114103
2203030
2121112
1310122
2031013
2031010
122302
204220
114112
24001
24004
2211301
2203111
122311
2113000
114121
32200
24010
2113003
32203
24013
2211310
122320
2203120
1220032
2121202
40402
114130
32212
2113012
24022
2121211
40411
32221
2113021
2031040
24031
4120030
2031103
1400311
2031100
1302001
40420
32230
3104200
1302004
1310203
24040
4300201
1302010
1310200
4120021
1302013
3022300
4120012
4300210
4210102
1400302
2301400
4120003
4120000
4210111
2203102
4030012
1220113
1130002
2031130
1310230
4120120
1302040
4030000
4030003
204301
2031121
1130014
4120111
3014200
1400320
1302022
204310
2031112
1310212
4120102
114202
1302031
1310221
1130032
114211
2121220
24100
2113030
24103
1130041
114220
32302
24112
1220131
1130020
1130023
32311
24121
4210300
32320
2113120
24130
1302103
2023003
2023000
1302100
4300300
1310302
4202002
4210201
2203201
1302130
4210210
1310320
4202020
1212022
2023030
2211400
1130104
2031220
2203210
401002
1212031
2113102
4030030
1302112
204400
2023021
1212001
1310311
2031211
2121301
1212004
2113111
1212010
4030021
1220203
401023
1220200
1302121
401020
2023012
2031202
114301
2121310
1212013
1130131
2203300
114310
24202
1040002
1130140
401032
1130113
2113201
32401
24211
3301030
1220230
4030120
442000
4202200
1040023
2121400
1212040
2113210
32410
1040020
1130122
24220
2023102
4030111
3301012
1302202
4112020
4030102
4120210
1040032
3301021
4120201
3301003
3301000
4112002
1122001
1212112
4030201
3301111
1220311
1122004
3211000
1130200
1130203
3211003
1212121
1122010
1122013
2023120
4022002
1302211
2031310
4120300
1310401
1212103
1212100
2023111
1310410
2031301
1220302
3301102
311002
1302220
401113
114400
311014
1130230
311020
1122040
311023
401131
24301
1212130
1220320
1130212
24310
1122022
311032
1130221
1040113
1122031
311041
2400040
1040131
1302301
2400004
1212211
1122100
2400001
3211030
1122103
1204021
2400013
1204030
1212220
2400010
1130302
1204003
2400022
1204000
3301120
2113300
3211012
2023210
401203
1302310
2031400
401200
1212202
4022020
2400031
3211021
1204012
4030210
2023201
2400100
3211120
1130320
1032013
2400103
1122130
3121003
1040203
311104
1032010
3121000
1040200
401230
221002
1032004
311113
1032001
24400
1032031
1122112
2310001
3121021
2400112
1130311
311122
3211111
2310004
1122121
1032022
2310010
3121012
221023
2400121
2310013
311131
221020
311140
4030300
3301201
1032040
3301210
1040230
221032
3211102
4112200
1114000
1114003
1212310
4022200
3301300
3203002
1204120
1122202
1114012
401302
1302400
1204102
303004
401311
2023300
1204111
303001
1212301
1040302
303013
311200
2310022
2400130
303010
311203
311212
1032103
3121030
303022
1032100
2310031
401320
1130401
311221
1122211
303031
1114021
1032121
1040311
311230
221113
2310040
131002
1130410
1122220
1114030
1032112
2220001
2310112
3031021
303040
2220004
131014
221131
2310121
3031012
2220010
2220013
131020
1032130
131023
1040320
3121120
2310130
2220022
3031030
131032
2220031
1204210
131041
3121102
1212400
1114102
1122301
2400202
1114111
3211201
2310103
3031003
3031000
2400211
2310100
3121111
2400220
303100
3211210
303103
1204201
3203020
