1
311302
4
3113002
10
311311
1114141
13
4014130
3113023
3113020
1114114
4014121
3211300
3211303
311314
22
1212421
311320
1212430
4014112
311323
31
311332
34
40
311341
4014100
4014103
131113
43
131131
131134
2343010
131143
4014202
3031141
3031114
100
3113032
4440100
103
3031111
112
311413
3211330
121
311422
2343001
124
1114222
2212000
131203
2212003
131200
130
311431
3113131
133
344200
142
3031222
131224
131230
2212030
2343100
3211411
131233
131242
1114300
1114303
4014220
4342000
3113113
4014211
1442002
202
1114330
211
214
4014310
3113203
220
3113200
223
2212033
4014301
131302
232
33001
33004
131311
131314
241
1442020
33010
244
33013
131323
131320
33022
131332
33031
1311004
33034
3031330
4211020
2212141
1311001
4211023
131341
33040
33043
4211032
3113230
1311031
3031303
3031300
301
2212111
1311034
304
1311013
2212114
1311010
310
313
1114411
1311022
322
3441010
3113320
331
33100
334
33103
1311040
340
131413
343
1311043
33112
131422
3031411
3441001
2212222
33121
33124
131431
1311100
33130
1311103
33133
3113311
33142
3113302
4211002
4014400
1311124
3310003
2032030
3310000
1311121
1311133
1442200
1311130
400
403
2032003
1311112
412
2032000
421
424
430
433
33202
1311142
442
33211
2032033
33214
2114020
33220
2114023
33223
2212330
2114032
33232
33241
1311220
3310033
1311223
1131001
4211113
2032114
2212300
1131004
2212303
2032111
2114002
1311202
3441100
1311214
4211131
3310030
1311211
4031032
1131031
1131034
3310141
3310114
4031020
2032141
4031023
1131010
1311232
1131013
1344001
33301
33304
2212411
1311241
1344010
33310
1131022
33313
4211302
4031002
33322
3310111
4211311
1131040
1131043
33331
4211320
33340
4211200
4113022
2032222
4211203
1311313
4113013
1000003
4113010
1131100
1311322
1131103
1000000
1000030
1311301
4113004
4113001
1213003
1213000
1311310
1311304
4211230
1131121
2114113
1131124
1131130
1131133
1000033
1344100
230002
2114131
1213030
1311331
33400
1311340
1131112
1213033
33403
443002
3130030
230023
33412
230020
443020
33421
230032
2114230
33430
1131142
3130033
1000111
1311412
1213111
4031131
1213114
1311421
3343000
4113040
2032303
2032300
4031113
2114200
4113031
2114203
3310222
3130003
1311400
1000114
3130000
1311403
1000141
4031230
3212020
1131220
3212023
1131223
1213141
3310330
3130111
1311430
3212002
1131202
4113130
2032330
1131211
4031200
2114302
4031203
1000144
1131214
4113121
230113
4113112
3310303
3310300
230131
4113103
1131232
4113100
230134
1131241
230143
2032411
4113211
4113202
1000222
1131313
1033003
1033000
2114311
1131322
3130114
2114320
3212032
3130141
1213222
2442001
1131301
230203
1131304
230200
2442010
1131310
3130222
1033033
443200
1033030
2442100
3212131
1131331
230224
2311030
230230
2311033
230233
1131340
1000303
3212113
230242
1000300
1213303
4031320
1213300
4031311
2311003
3310411
4113220
2311000
4031302
1213330
1000333
1000330
1131412
1131421
3130303
3130300
1033114
1033111
3212200
1131400
3212203
1131403
230302
4113310
230311
230314
4113301
230323
4310002
230320
1131430
1033141
230332
1410004
1410001
2311141
230341
4113400
1410013
3032032
1410010
1000414
1000411
2311111
1410034
1000
2311114
4441000
1003
3032002
1410040
1410043
214003
1213411
1000444
214000
1410022
3130330
1000441
3212230
3032023
3032020
1410031
3114031
3130411
1030
1033222
1033
3114022
214030
230413
3212320
214033
2311222
230422
3114040
2131000
2131003
230431
3032113
4310113
1410100
1410103
3212311
4310131
3114013
3114010
3114004
3114001
3212302
1410133
4310020
4310023
1410130
1410142
4310032
1410112
1111
1033303
3114103
1410124
1114
1033300
3114100
214111
1410121
214114
2344000
3032131
1141
2131030
1144
2131033
1033330
214141
2311330
2131111
3032230
2000023
2213032
2131114
2000020
1410202
4310230
2000002
2311303
3032203
3032200
3114121
2311300
2213002
1410232
3114112
1443001
1410214
1410211
1410220
1410223
2213020
3114130
2000032
2213023
3032302
3114220
1222
1033411
3114211
214222
4130032
2311411
34000
34003
1410241
1443010
4130023
2213113
3032311
4130020
2131141
1410301
4130002
34030
2000113
34033
3114202
4310200
4310203
1410322
4212040
1312030
1443100
1410331
2000143
3114301
1410310
1312000
1300
1410304
1312003
1303
2000134
214303
1410313
2000131
214300
2213131
3032320
1410340
1330
1312033
1333
2131222
214330
34111
34114
2131300
2131303
2213230
2000203
2000200
34141
4310302
2033023
1410421
4212001
2033020
3442000
4212004
4310311
1312114
3114310
4212010
1410430
2000242
4130131
4212013
4310320
2213200
2213203
2033002
1410400
1410403
4212022
2000233
2000230
1410412
411004
1312111
2000224
4130113
4212031
411001
1411
411013
411010
1414
214411
411022
4130230
3311032
3114400
411031
2033032
2213302
1312141
411034
3311023
3311020
2213311
1441
2131330
2000314
4130203
1444
411043
411040
4130200
3311002
2000311
4212202
34222
2000302
4212211
4212220
4130302
4212100
2033113
2000344
4212103
1312222
2000341
4212112
2000332
411103
4212121
411100
2000323
2000320
4212130
2213320
411112
1132030
1132000
1132003
411124
2131411
2033131
411121
411133
34300
411130
34303
411142
2000413
2410030
4212301
1132033
2410033
4212310
34330
1214002
2000443
3311131
2033203
2000434
2033200
4130320
2000431
2410000
2410003
2000422
1312300
4130311
3311113
1312303
1214032
1132114
411202
411214
3311230
411211
4114030
3311203
2033230
411223
3311200
411220
3131002
1214023
1214020
2410111
1312330
1132111
411232
444001
34411
444010
4114003
4114000
411241
1132141
2033311
4114111
2033302
1312411
3131023
100000
1214131
100003
3131020
411301
2410114
411310
313000
411304
313003
1132222
1214113
2033320
3131032
411313
2410141
411322
100030
100033
3213040
313030
444100
411331
3000040
3131113
3000043
2410222
411340
313033
3000034
2230003
2230000
3131131
3213031
2443000
3000013
3213010
3213013
3000010
1214203
3000004
3311320
1214200
3000001
3213022
4212400
3000031
3311302
3213001
3000022
3311311
3213004
1214230
3000100
3213112
3000103
411403
100111
411400
3000124
411412
313111
100114
3000121
2410300
2410303
411421
1132300
1034002
3213100
3000112
313114
1132303
3213103
411430
1034023
1034020
2230030
100141
313141
100144
2230033
1132330
1034032
2230114
4114300
2312032
1214302
2230141
2312002
1214320
3000142
3000133
1132411
3131203
3131200
3000130
3213121
3131230
2312023
1214311
2312020
3213130
2230111
2410330
100222
3131311
313222
3033004
3000232
3033001
3131302
133003
133000
1034113
2410411
3033022
2312113
3213220
3131320
4311001
3000244
3033013
1034131
3000241
3033010
4311004
3213202
4311010
133030
4311013
3000202
3213211
133033
1411000
1411003
4311022
3000220
3000223
4311031
3000214
3000211
3000301
1411030
3213301
1411033
100300
100303
3213310
313300
2002
313303
1034203
3000313
1034200
3000310
3000304
2312131
2020
2023
3033031
100330
2230222
100333
2032
133111
313330
133114
1034230
3033040
2132002
3033130
2312230
4311112
3033121
4311121
2132020
133141
2132023
2230330
4311130
3033103
3033100
3000334
3000331
2312203
2312200
3000322
1034302
1411111
3033112
3000340
100411
3000343
2230303
2230300
1411114
100414
2113
4311040
3000430
3410032
3000424
313411
1034311
3000421
2312302
3410020
1411141
2214001
3410023
2131
2312311
3033211
2214004
2134
3000442
100441
2214010
3033202
3000433
2214013
100444
1034320
2143
2132032
133222
3410002
3213400
3000412
4311100
3000400
4311103
3000403
1411222
2132131
4131004
4131001
1231003
1231000
2200
2203
2312320
1231030
2214022
2230411
3033220
1231033
2214031
2224
2132113
133303
1444000
133300
2230
2233
2214040
2214112
2242
2132200
2214121
2132203
133330
2214130
4131040
4311202
3410131
1313020
4131031
4311211
1313023
3033310
1411300
4131022
1411303
3410113
4311220
2214100
2214103
4131013
3033301
4131010
1313002
2302
3410230
3230002
4131130
2311
2314
4131121
2320
330004
2323
330001
1231111
3033400
1411330
4131112
1231114
330013
2214202
4000033
1313032
2332
330010
4131103
133411
4000030
4131100
330022
2341
2132230
2344
4311400
330031
3410200
3410203
4213111
1231141
330034
4000000
330040
4000003
330043
2132320
4311301
1411411
4213000
3410302
4213003
1313113
4000114
4311310
4000111
3230032
2214211
1231222
412003
4213030
412000
2413
2214220
2132302
330100
330103
3230020
3230023
2422
2132311
412030
1313131
2431
3230131
2434
330112
412033
2214310
330124
2443
330121
3230113
330133
330130
3312040
330142
3410320
1313200
3312022
1313203
4131220
4000144
3312031
4000141
3410311
3312001
4131211
3312004
3312010
2214301
4131202
3312013
3312112
3230200
412111
3230203
3312121
1133020
1133023
4131310
412114
4033000
1231303
3312103
4033003
1231300
3312100
1313230
4131301
1133002
2411002
330202
4000222
330214
330211
330220
330223
412141
1231330
1133032
330232
1313302
330241
1313311
4000300
4000303
1231411
2214400
3230230
2411020
1133113
2411023
3312130
412222
330301
4033030
2411032
1313320
232003
3230320
3132013
232000
330310
3132010
330304
3132004
330313
2411113
3132001
3132031
3230311
330322
3132022
1133131
232030
330331
2411131
3312211
330340
232033
4033111
3312220
3230302
4000333
4213300
4000330
4131400
3312202
3214000
1133200
3214003
1133203
4000441
3312310
3001000
3001003
412303
412300
314002
3312301
314020
4000414
314023
330400
4000411
330403
3132040
330412
232111
412330
330421
232114
314032
4410103
4410100
330430
1133230
2231023
3132130
232141
2231020
4410001
4410004
4410010
2231032
4410013
2411200
3001033
4410022
2411203
1133302
3132103
3001030
3132100
4410031
1133311
3132121
2231002
2411230
4410040
412411
3214030
3132112
2411302
314113
3132202
2313001
2411311
2313004
2313010
3132220
3001144
2313013
314131
3001141
1133320
4410202
2411320
3132211
232222
2313022
4410211
3312400
4033300
3214111
4410220
3001114
3001111
4410112
1330000
1330003
4410121
4410130
314200
314203
2313031
1330033
2231113
232303
232300
134002
314230
2313040
2231131
1330030
3034030
4312000
2231203
4312003
2231200
2313121
134023
4410310
134020
232330
2313130
134032
2231230
4312030
1412020
1412023
3132301
1330111
3001222
2313103
2313100
1412002
3132310
3001
314302
2313112
3004
3034003
3034000
3010
314311
3013
1330141
3022
3034111
2313202
314320
1412032
1330114
3031
232411
3001333
2313211
3034
3001330
3132400
3040
134113
3043
3214300
134131
3001300
3001303
4410301
1412113
2133031
3411004
3411001
2133040
3100
3103
2231302
2313220
3112
2133001
2133004
2231311
3121
2133010
3124
2133013
1412131
134203
1330222
134200
2231320
3130
3133
2133022
3142
3001441
2133100
2002003
2002000
2133103
134230
3411040
2133112
4410400
3411031
1330300
1330303
3001414
4312111
3001411
2002033
2002030
3411013
3411010
2313301
3411022
1412200
2313310
1412203
4132030
3202
1232023
3411121
1232020
3211
1330330
3411130
3214
1232002
3034300
1412230
3220
3223
2313400
4132003
134302
3411112
4132000
3232
2002111
2133121
134311
3411100
3241
2133130
3411103
3244
4312300
4214002
134320
1232032
1314004
1412311
1101010
2002141
2133220
1101013
1314001
1314013
1314010
1101022
1101001
1412302
2002114
1101004
1101040
1232113
1101043
3301
3304
1314040
3310
3313
2133202
1314022
1412320
1101031
3322
1101034
2133211
1314031
331000
2002144
331003
1330411
3331
3334
3231031
3340
3343
1232131
331030
3231010
3231013
2133301
331033
2133310
3231022
3411220
1314100
1314103
3231001
1101112
3231004
4132111
2002222
3411202
1101100
3411211
1101103
200002
4214020
1314130
1101142
3400
3403
3100003
413002
3231100
3231103
3100000
3100030
1101121
3411301
200023
1101124
1314112
3412
200020
3313003
1232203
413023
3313000
1232200
413020
1101130
3411310
1101133
1314121
3421
3424
2002303
2002300
331111
200032
3430
3433
413032
331114
3231040
3442
1232230
331141
1101202
2002333
2330023
2002330
2330020
1101211
1314202
1101214
2330032
1101232
3231121
1134001
1232311
1134004
1101241
3231130
1134010
1101244
1134013
3100033
2330002
200113
3313030
1101220
1314211
1101223
1314220
2133400
3231112
1232302
413113
200131
2412004
3100141
200134
3231220
2412001
2412013
1134040
200143
413131
2412010
1232320
2412022
331222
3231202
1134022
4034020
3231211
2412031
1134031
3100144
3100111
3313111
1101301
1101304
1314301
1101310
4034002
2002414
4132300
1003003
2002411
1003000
4214200
3411400
3100114
1101331
1134100
1134103
1101334
200203
200200
1101340
1101343
3100222
1101313
1314310
413203
1003033
413200
2002441
1003030
1101322
331300
2330113
331303
20002
200224
1134130
200230
413230
233002
200233
2412040
2330131
200242
1134112
20020
20023
4411003
1134121
4411000
233023
233020
20032
2412130
331330
1101400
3133030
233032
1101403
2330230
2412100
1101424
2412103
3133003
1003114
1101430
3133000
1003111
1101433
1134202
200302
413302
200311
1314400
2412112
3231301
1101412
2330203
200314
413311
2330200
2412121
1101421
3231310
200323
3100333
200320
3100330
1003144
3002020
1003141
3002023
413320
2412202
200332
20113
1134211
1101442
331411
200341
2412211
3133111
2412220
3231400
233113
200344
2330302
3002032
1134220
3100303
3100300
20131
4411111
4034200
3313300
20134
233131
20143
3002002
2232040
1134301
3100414
3100411
4411030
1003222
200413
2232001
2330311
200422
2232004
20200
2232010
20203
200431
2232013
233203
200434
2330320
233200
2232022
1134310
200443
2232031
20224
2232103
2101030
20230
2232100
2101033
20233
2314030
233230
20242
2232112
4231000
4231003
2232121
1003303
2101000
2412301
1003300
2101003
3002113
1331002
2314003
3002143
2412310
2314000
4231030
3100441
3002134
3002131
1003333
1331032
1003330
20302
1134400
3002233
2412400
233302
2101111
20311
1331020
2101114
20314
3133300
1331023
3002230
2314111
233311
3002224
20320
2232130
20323
233320
20332
20341
3002200
3002203
20344
1413013
4231111
1413010
1413022
3002302
1003414
1413004
1003411
1413001
4000
4003
1413040
2232202
1331131
3002242
2232211
1413031
2101141
430003
430000
2101144
1331113
20413
1003441
4030
2232220
4033
2101222
20422
430030
3002341
3330040
20431
2232301
2134000
20434
2134003
3330022
2232310
430033
20443
3330031
3330001
3330004
4411300
3002314
3330010
3002311
4313002
1413112
3330013
3002332
1413100
1413103
4313020
3002320
3002323
3002413
3330103
3330100
3412030
1331230
4111
3002431
4114
3412000
2101300
1331200
1413121
3412003
2101303
1331203
430111
3002422
2314300
1413130
2003002
430114
4141
2134030
4144
4313200
430141
2003032
1413202
1413211
2003023
2003020
3330130
1233010
1233013
1331320
1233022
1413220
2101330
1331302
2232400
3330112
2101333
1331311
3330121
1233001
4222
1233004
2134111
1233040
2101411
2101414
430222
3330211
1233031
3330220
2003134
1102000
1413301
4133020
1102003
2003131
3330202
1413310
4133002
2003113
3412111
1102033
4231300
1233112
4300
4303
3330301
2003143
430303
430300
1233103
1102030
1233100
2101441
332002
4330
4333
332020
332023
1233121
1233130
430330
2003230
332032
2003224
1413400
1102111
2003203
2003200
1233202
1233211
1102141
3232030
3232000
3232003
1102114
414004
2003242
3330310
414001
4411
414013
2134300
414010
4414
2003233
414022
3101032
414031
430411
1102144
3330400
332113
3314020
1233220
4441
2331001
3232111
414040
2331004
3314002
2003323
3101002
2003320
332131
2003314
4133200
3101023
2003311
3101020
3412300
2003302
2331040
1233301
1233310
414103
414100
2003341
3101113
2003332
1102222
2331010
2331013
414112
332200
2331022
332203
414121
414130
2331031
2200033
2003422
2413030
332230
2003413
2331112
1102300
1102303
2331121
2331130
2200000
3101134
2200003
3101131
1430002
1102330
1233400
2413000
1102333
2413003
3101143
2003431
414202
2331103
2200030
2331100
3101230
1430032
414211
3101224
414220
332302
2200111
1430020
1430023
332311
2413111
2200114
3101242
3134002
3232300
3101233
4412002
332320
3314200
4412020
3101203
4330111
3101200
3101311
4330003
3003004
4330000
3003001
3101302
103000
103003
1102411
414301
1102414
414310
2331202
1430131
2331211
3134020
4330030
2200141
2200144
1430113
103030
2331220
103033
1102441
2331301
2233003
2233000
3003040
2331310
3003043
2020030
3003022
3101323
3101320
3003013
3101314
1430200
1430203
3003010
3101341
3003034
3003031
3101332
2020003
2020000
2200222
3101422
1430230
3003112
103111
414400
3101413
103114
2200300
2200303
2413300
3003133
3134200
3003130
3101431
3003124
3003121
2020033
2233030
103141
103144
3003100
3003103
4232002
1430302
2020114
2020111
4232020
1332022
1430320
2200330
2331400
3003142
1332031
2200333
2020144
1332004
1430311
2020141
2233111
1332001
103222
1332013
1332010
3003241
3003232
2200441
1332040
2020222
3003214
1414000
1414003
3003211
4412200
3003202
1201003
3003220
2200411
1201000
3003223
4330300
2200414
3003310
1332112
103300
3003304
103303
3003301
3331003
3331000
4101043
1332121
4101040
1332100
1332103
1201030
4101034
3003322
4101031
1414030
1201033
431002
3003313
4101022
103330
103333
431023
431020
4101013
4101010
4101004
4314100
1332130
4101001
431032
1201111
4101112
1201114
1414111
4314001
2020303
4101103
2020300
4101100
4314010
300004
3003340
3331030
300001
1201141
1332211
1332220
300013
1201144
3003331
300010
103411
300022
2020333
2020330
2233300
103414
300031
1332202
300034
3003430
300040
431113
300043
3200032
103441
3331111
431131
2020414
3200020
2020411
3003400
3003403
3200023
3413020
4101142
3003421
3200002
4101133
4101130
3003412
4101124
3413002
4101121
300100
3200113
1234003
1234000
1332310
300103
1021003
4134010
2020441
1021000
4101241
4232200
4101232
4134001
1201222
300112
300124
4101223
1332301
4101220
300121
4101214
300133
431203
4101211
431200
1021033
300130
1021030
300142
4101202
431230
1234030
4101310
4003000
1201303
4003003
1201300
4101304
1414300
1103002
4101301
1201330
1332400
1201333
1103032
1234111
300202
300214
3200131
1021114
3200134
300211
1021111
300220
300223
1103020
3200143
1103023
431302
3200242
431311
333004
3020002
300232
333001
3233020
3200224
300244
333013
300241
3331300
3200230
1021144
333010
3200233
3020023
3020020
1021141
3233002
333022
431320
4101340
333031
4003033
3413200
4003030
4134100
4101331
4101322
333040
3200200
3200203
4101313
3200311
4101430
300301
3200314
1103131
1103134
202003
1201411
300310
202000
4101421
1201414
300304
4003114
1103113
4003111
4101412
300313
3200302
4101403
4101400
300322
1021222
333100
333103
300334
202030
3020032
300331
300340
202033
1201441
300343
1103143
333112
2332003
3020143
2332000
333121
3020134
3020131
333130
2332030
3200341
1103224
1234300
1103230
3200320
1103200
3200323
1103203
300400
300403
4003141
1021303
300412
1021300
3200332
202111
3020113
3233200
202114
300421
3020203
3020200
300430
300424
1103233
300433
2414002
3200422
333202
1021333
1103242
1021330
202141
333211
300442
3200431
333220
202144
4003222
3200413
4331002
1103314
1103320
1431004
1103323
1431001
1103302
4003300
4003303
1103311
2414020
1431031
3020233
3020230
1021414
2332111
1021411
202222
3020224
22000
1431013
333301
22003
1103332
1431010
333310
1431022
3020242
1103341
3020332
4413001
3020323
3020320
22030
1021441
22033
4413010
1431040
3020341
3020302
1103413
1431100
1431103
1300030
1103422
1300003
1300000
3020314
3020311
202303
4003330
202300
3430000
1431121
3430003
3004000
4331020
3004003
1431130
1300033
3020413
3004030
1103431
202330
2414200
333400
1431112
202333
22111
22114
4003411
22141
22144
1300114
4331200
2234020
1300111
3020431
1431220
1300144
202411
3020422
3004033
202414
2332300
2234002
1431202
3430030
1300141
1431211
3004141
202441
22222
3004111
3430111
1300222
4413100
3004114
1120030
1431301
1120000
1120003
3004222
1431310
1333000
22300
1333003
22303
1120033
1333030
22330
22333
4102003
4102000
1300303
1300300
1333111
1120114
4233001
4233010
1300330
2234200
1431400
1300333
1120111
1120144
3332020
3004330
22411
22414
3332002
1120141
3004300
3004303
3430300
1300411
22441
1300414
4102033
4102030
4102141
3414001
1300441
301000
4233100
3414010
1120222
301003
3004411
4102114
4102111
301030
301033
2431030
1333300
301111
2431000
1120300
2431003
1120303
301114
2300002
301141
2300023
2300020
3332200
1120330
1120333
301144
3414100
4102222
4102330
1104022
4430020
1120411
1120414
1104031
1104001
1104004
1104010
1104013
4102303
2431111
4102300
301222
2300032
1120441
121000
121003
1104034
334000
334003
1104040
1104043
2300131
2300134
121030
121033
334030
2300143
3234001
1104112
1104121
3234010
1104124
301300
4430002
2300113
301303
1104100
1104103
203002
3234100
2300203
2300200
203023
203020
301333
1104130
1104133
3103033
121111
301330
3103030
334111
203032
121114
1104142
3103003
121141
4102411
3103000
121144
4430200
1104211
1104214
1104220
1104223
1104202
2431300
1104241
301414
2300224
2300230
301411
2333002
2300233
203113
2300242
203131
1104232
203134
2333020
2300323
2300320
203143
301441
121222
2202022
3103141
2202031
2300332
2202034
2300341
2202040
2202043
1104304
4332001
3103114
1104310
3103111
4332010
1104313
2300302
2202001
2300311
2202004
2300314
2202010
2202013
1104301
203203
203200
1104340
1432030
1104322
1432000
121300
2202100
1432003
121303
2202103
3103222
334300
23002
203224
1104331
203230
2300413
203233
203242
23020
23023
121330
121333
23032
1104400
1104403
4201030
4332100
4201033
1301023
1104412
1301020
1301002
2202112
2300422
203302
2202121
2300431
203311
2202124
203314
2333200
2202130
2202133
1104421
203323
1432111
203320
1301032
1104430
2202142
121411
2202211
203332
121414
2202214
23113
3103330
2202220
203341
2202223
3431020
2202232
23131
23134
121441
2022013
2022010
23143
3103303
4201000
1301113
2022004
3103300
4201003
3431002
2022001
4414000
2202202
1301143
3300022
400003
2022043
400000
2022040
2022034
3300031
2022031
3300001
203413
3300004
400030
1301131
3300010
2022022
3103411
2202301
203422
1301134
3300013
23200
2202241
23203
203431
400033
23224
23230
1301203
2104033
23233
1301200
2202340
2022103
23242
2022100
4201111
4201114
2104000
2022142
2202304
1301233
2104003
1334002
2202310
2202313
400111
1301242
2022133
2022130
1121020
1121023
3300034
2022124
2202322
400114
4201141
2022121
1432300
3300043
2202331
3300040
1301224
1121002
1301230
2104030
2022112
2202400
2202403
23302
400141
2202412
2104111
23311
1334020
3300130
2104114
23314
3431200
4201300
4021033
2202421
400144
4201303
3300133
23320
1121032
4021030
23323
3300142
2202430
3300112
23332
2022202
1301302
3300121
1301311
23341
3300124
4201330
4021000
3300103
4021003
3300100
3300211
3300214
4201222
4103032
2022232
1301332
4021114
1121113
4021111
3300223
1301341
3300220
4234000
1301314
4103023
2022223
4103020
2022220
400222
1301323
3300202
2022214
1301320
2022211
220003
220000
4103002
1121143
2104141
433003
433000
23413
1121131
220030
23422
1121134
2022241
433030
220033
4201411
2022301
23431
3333010
1121200
1121203
3300241
1301431
2022331
4021141
400303
400300
1334200
2022322
1301413
302002
2022313
2022310
3300232
3333001
1301422
2104222
2022304
1121233
302020
3202033
302023
3300340
400333
1121242
2104300
400330
220111
2104303
3300322
433111
220114
302032
1121224
3300331
2022340
4021222
3202030
3333100
1121230
3202000
3300304
3202003
3300310
4103131
3300313
220141
220144
4103113
3300301
4103230
2022430
3300403
3300400
1121302
4021300
4021303
2022421
1121311
3300412
3202111
2022412
400414
400411
4103203
2022403
4103200
2022400
1121332
302113
2432002
2104330
1121341
2432020
302134
1121314
302131
1121320
1121323
302143
220222
400441
40000
40003
40030
40033
3202141
4021330
3202114
3300421
2104411
302200
3300430
302203
1121431
220303
220300
433300
302230
1121413
302224
3022003
302233
3202222
3022000
4021411
1121422
4300000
4300003
4103320
302242
220330
220333
40111
4103311
40114
4103302
4300030
4431100
3202300
40141
3202303
40144
302302
4431001
3022030
4431010
302311
2432200
302314
302320
302323
220411
302332
220414
3022033
302341
2121001
3022114
2121004
4300111
3104032
2121010
2334001
4300114
3022141
2121013
2334010
220441
40222
2121022
3202330
4300141
3104002
3022111
3104023
3104020
4300033
302413
302422
2203000
2203003
3202411
302431
3104113
2121031
2121034
40300
40303
2121040
2121043
2121121
2121124
4333000
40330
2121130
40333
2121133
2121142
3022222
1433020
3104131
2121100
2121103
2203030
2334100
2203033
2121112
1433002
2203111
3104230
2203114
2121202
3022330
40411
2121211
40414
2121214
4120033
4120030
3104203
3104200
3022303
3022300
40441
4120003
4120000
4300222
3104302
4120114
4120111
3104311
2203141
2121220
2121223
2121232
2121241
4300411
2121313
2023003
2023000
2121322
4300300
4300303
4202002
2121331
2121340
4202020
3022411
1433200
2023033
4202023
2023030
4300330
3104320
4202032
4120141
3432001
2121301
2203222
2121304
3432010
2121310
2203300
2203303
3432100
3301030
4202200
2121400
3301033
4202203
2121403
4120222
4202230
3301003
3301000
1122001
4202113
3301111
1122004
3301114
1122010
1122013
4022002
4120303
4120300
4202131
2023114
2023111
2203330
1122034
2121412
1122040
1122043
2121421
2121430
1122022
2023141
1122031
4202311
4202320
1122100
1122103
3301141
2023222
1204030
4022032
1204003
2203411
1204000
4120330
4022020
4022023
3334000
1122130
3121003
1122133
3121000
4022131
1122142
1122112
1204033
3301222
434002
4104040
1122121
4022113
1122124
4104031
434020
4120411
4104022
4104013
4104010
4104004
4202302
4104001
1204114
3301303
4022200
3301300
4022203
4104121
3203002
1122202
4104112
303004
2023303
4104103
2023300
4104100
1204111
303001
303013
3121033
303010
3121030
1122232
303022
1122211
303031
1122214
2023330
1122220
1122223
303034
1204141
2220001
303040
2220004
303043
2220010
2220013
2433001
1122241
2433010
2220022
3121141
2220031
3301330
3203032
4022230
1204222
1122301
2023411
3121114
3121111
303100
303103
3203020
4104130
3203023
1122322
1122331
3203131
1024003
303112
4022320
1024000
2302003
303124
3301411
1024030
1122304
2302000
303121
1122310
1122313
3203113
303133
4022311
434200
303130
4104220
303142
4022302
2220034
2220040
2220043
4104211
1024033
4104202
1122340
2220130
2220133
4104310
2220142
4104301
1204303
1204300
1024111
1122421
2220100
303202
2220103
3121222
2433100
303214
2302030
303211
1122430
303220
1122400
2220112
2302033
1122403
303223
1204330
2220121
1024114
2220124
1122412
2302114
3023023
3023020
1024141
303232
4301002
2220202
303241
2220211
3023032
2220214
3121330
4301020
2220220
2302141
4301023
2220223
1401013
1401010
4301032
1204411
1401022
3203230
3203200
3203203
3023002
3121303
1401004
3121300
2302111
1401001
303301
4432000
1401040
1401043
3203320
303310
303304
1024222
1401031
303313
3203302
303322
3203311
1401034
303331
303340
2220232
4104400
2220241
2220322
4301131
2220331
1401112
2122030
2122033
2220340
1401100
1401103
1024303
1024300
1401142
3023113
3121411
303400
2220301
2302222
303403
2122000
303412
1401124
2220304
2122003
1401121
3023131
2220310
1401133
2220313
303421
1401130
303430
2204002
1024330
3023203
3023200
3023230
2220400
3400033
2220403
2204020
2204023
2302330
2220412
2122111
1401202
1401214
3400030
1401211
3400003
3400000
4301113
2302303
2302300
1221010
4121023
3400114
4121020
1434001
1401232
1221013
1401241
1221022
1434010
1401220
1401223
4121002
1024411
1221001
3400111
1221004
2204032
1221043
2122114
1221040
2220421
2220430
1221031
4301302
1221034
2122141
4301311
1401301
2204131
1303003
1303000
1401310
1401304
2122222
4301200
4301203
3023311
1434100
1303030
1401331
2302411
3023302
1401340
1303033
1221112
4301230
2204113
1401313
4121032
3023320
1221103
3400141
1221100
1401322
1221142
320002
2204200
2204203
3220030
320020
3220000
3220003
320023
1221121
4121131
1221124
1221130
3433000
2122300
2122303
1221133
320032
4121113
3400222
1401400
1401403
3302002
1221202
1401430
4301320
2024023
1221211
2024020
1221214
4121203
4121200
1401412
1303111
1401421
1303114
3400303
2024002
3400300
1221232
1041004
1041001
2204230
1221241
3220033
1041022
320113
1221223
1303141
1221220
2122330
1041013
1041010
2024032
2204320
320134
1041034
320131
1041031
2122411
320143
3220141
1041043
1041040
3302032
3220114
1303222
1221301
1123000
1123003
1221304
1221310
2204302
2024113
4121230
3302023
3302020
2204311
3400330
3220111
1041103
3302131
1221331
1041100
1123030
1123033
2401000
320200
1221340
2401003
3220222
320203
3302113
1221313
4121320
1041112
1221322
2024131
4121311
320230
1041133
320224
1041130
4121302
3400411
1041124
320233
1041121
320242
1041142
3302203
1221403
3302200
1221400
3040033
1303303
2024203
2024200
1303300
2401030
1221430
320302
2401033
3040003
3040000
3040030
1303330
1041214
222001
320311
1041211
1123111
1221412
222004
2024230
222010
1123114
1041202
320314
222013
1221421
3040111
320320
222022
320323
3122023
320332
1041223
3122020
1041220
222031
2401141
320341
222034
1123141
1041241
222043
3220330
222040
3040114
3122032
1041232
1303411
3302230
2024311
2024302
2401111
3220300
3122002
2401114
3220303
3302320
304000
1123222
304003
3220411
1041310
222103
3302311
222100
1041304
320413
304030
1041301
2024320
320422
3040141
222112
304033
1041322
222121
320431
3302302
1041313
222124
222130
1041340
222133
1041331
222142
2221030
2221033
2401222
2221000
2221003
304111
3122113
3040222
1041403
2434000
1123300
1123303
304114
1041400
222202
3122131
222211
3040303
3040300
1041421
222214
304141
1041412
2303023
222223
2303020
222220
1123330
2401330
2221111
3122230
1041430
2303032
2221114
222232
4220002
222241
2401300
2401303
3122203
4220020
3122200
4220023
2303002
1123411
3122302
304222
222301
124000
124003
222304
3040330
222310
222313
222322
2221141
222331
124030
124033
1402000
1402003
2221222
222340
4220113
4220131
1402033
2401411
3122311
304300
2303113
304303
2041003
3040411
2041000
2303131
1402030
3122320
2303203
4220032
222403
2303200
222400
124111
304330
222412
124114
2221300
2041033
2221303
222421
2041030
2123002
2303230
222430
1402111
124141
2041114
4220230
2041111
1402141
3401023
3401020
1402114
3401002
304411
1140022
2041141
2123020
1140031
2123023
1140001
2221330
1140004
2123032
1140010
1140013
124222
2221411
2123113
1140034
1140040
1140043
2123131
1222003
1222000
2303302
4220200
4220203
2303311
2303320
3401032
1402222
1140112
1222033
4122040
1140121
124300
1140124
124303
4122031
1140100
1140103
3401131
4122022
2041222
1222030
4204000
4204003
4122013
4122010
1402300
3401113
1402303
4122004
124330
4122001
1140130
1140133
4204030
1140142
3401203
3401200
1304023
1304020
2041303
4122103
4122100
2041300
1222111
4220302
1402330
1304002
4220311
4220320
2123200
1140211
2123203
1140214
2041330
1140220
1140223
1222141
1222114
1304032
124411
1140202
2123230
1140241
2123302
4204111
2123311
2123320
3221032
1140232
1304113
4122130
3221020
3221023
4122121
3221002
3401230
403003
403000
1402411
4122112
1140304
3303031
1140310
3221113
1140313
403030
1304131
3303010
4122220
3303013
3401320
2041411
1222222
1042003
3303022
1140301
4122211
403033
1042000
1042030
4122202
3401302
1140340
3303001
3401311
3303004
1140322
1140331
1042033
2320033
4122301
1222303
3303103
1222300
3303100
1304203
1304200
2320003
403111
1140400
1140403
2320000
1124020
1124023
1222330
403114
1140412
1042111
3303040
1124002
1304230
3221131
2320030
2402020
403141
2402023
3041002
141001
2320111
1042114
141004
141010
2320114
3041023
1124032
3041020
1042141
2402032
1140421
141013
141022
3221230
1140430
3221200
3221203
4024030
3303121
1304311
141031
3303130
141034
141043
141040
2402002
4122310
3303112
4024000
1304302
4024003
1124113
3303220
3221302
3221311
403222
10000
3303202
4024111
1304320
10003
3123004
3123001
223003
1222411
3303211
223000
4122400
1042222
3041032
4401001
141103
2320141
10030
141100
4401004
10033
4401010
1124131
223030
4401013
223033
141112
4401022
2140000
2140003
141121
3041131
141124
141130
4204300
141133
3123040
141142
2140030
403303
3123022
403300
2402113
3123013
3123010
1042303
1042300
3041113
2402131
3123031
3221320
1124200
1124203
2320222
10111
10114
403330
223111
3123112
223114
2320303
4401103
2320300
4401100
141202
2402230
2222002
1042330
3123130
1124230
141211
4401112
141214
3041203
10141
3041200
3123121
10144
2140033
4401121
141223
223141
141220
4401130
3123103
141232
3123100
3303301
141241
2402200
3303310
2402203
4401031
1124311
2140141
4024300
4401040
403411
2402302
3303400
1124302
3041230
1042411
2222020
2222023
2320330
10222
2140111
2222032
1124320
2140114
223222
141301
43000
141304
43003
141310
2222113
141313
3041320
4401220
141322
4221001
4221004
141331
2222131
4221010
4221013
43030
43033
2140222
4221022
141340
2402311
3123211
4221031
3123202
4221040
3041311
2402320
2320411
3041302
3123220
1321000
10300
1321003
10303
3123310
223303
223300
3123301
1321030
2222200
141403
2222203
10330
141400
1321033
10333
223330
141412
43111
43114
1403002
141421
4401202
141430
4401211
4221121
1321111
43141
2140330
4221130
2042002
1403032
1321114
1403020
1403023
1321141
10411
2140300
10414
2140303
2042032
223411
2222230
2042023
2042020
4401400
2124001
2124004
2222311
10441
2124010
10444
2124013
2222320
3320032
43222
2124022
4401301
4303000
4303003
2140411
4401310
2124031
3320023
3320020
3123400
4221100
1403131
4221103
3320002
4303030
4221112
1403113
2222302
3320113
4041022
4041013
2042131
4041010
4041004
1321222
4041001
1141000
1141003
2042113
43300
43303
2124040
4221301
1141030
1141033
4221310
1321300
43330
2124130
1321303
2042203
4123003
4303111
4123000
2042200
1223002
1403230
4221202
1403200
1403203
4221211
4221220
2124100
1141111
1321330
2124103
2042230
1223032
1141114
4041040
2124112
3320131
2124121
4041031
1223023
1223020
1141141
4303300
2124202
3140002
43411
2124211
3320230
4041130
3140023
4221400
3140020
2124220
4041121
2042302
4041112
4123030
1403320
4041100
4041103
1403302
3320203
3320200
1403311
3222001
3320311
3222004
4041211
1223131
3222010
3222013
2042320
4041202
322000
1321411
322003
2042311
4123111
1223113
3320302
322030
3140032
322033
1141222
3140131
1141300
1141303
3222040
1223230
2124301
1223203
3320320
1223200
1043002
2124310
3222022
4041220
322111
3140113
3222031
1043023
1141330
1043020
3222130
3140203
322114
3140200
2321002
2124400
3222112
1043032
3222121
322141
2321023
2321020
4041310
3222100
3222103
4041301
3304030
3304003
3304000
4041400
1223320
3222202
1223302
4123300
3304111
1223311
1043113
3140230
322222
2321032
142003
1141411
142000
1043131
2321131
142030
3140320
142033
3140302
1420030
3222211
1420000
1420003
3140311
322300
2321113
322303
3222220
224002
3124003
1043203
3124000
1043200
4402003
2321203
3124030
1043230
4402000
2321200
1420033
224023
224020
3222310
142111
322330
142114
224032
3222301
4402030
142141
1420114
2141032
1420111
3304300
1043311
1043302
2141002
2321230
322411
224113
1043320
1420141
2141020
2141023
224131
2223010
2223013
2321320
142222
2223022
2223031
2141113
3124111
1420222
3222400
2321302
2223001
2321311
2223004
4140031
224203
4140022
224200
1240030
1240003
1240000
4140013
4140010
4140004
142303
2223100
142300
2223103
4140001
2223040
224230
2141131
1240033
142330
4402111
1322002
4222030
2141230
1420300
1420303
1240114
1322032
2223112
224302
2141200
1322020
2223121
2141203
1322023
224311
4140040
2223130
1240111
4402300
1420330
224320
2223202
142411
2223211
2223220
2141302
4140130
2141311
1240141
3124300
1404022
4140121
1404031
1420411
4140112
4222000
1404004
4222003
1404001
4140103
1404013
4140100
1404010
3321010
4140220
1322131
3321013
1240222
4140211
3321022
421003
421000
1322113
4140202
3321001
1404040
3321004
421030
2141320
421033
4304002
1404112
3403003
3403000
1322200
1404121
1322203
1404100
1404103
4304020
4222111
1322230
3321040
1142002
2223301
2223310
421111
3321031
1404130
421114
1240303
1240300
1142032
2420002
4304200
2223400
2420020
4042030
2420023
421141
3321121
1142020
1142023
1240330
3321130
4222300
3403030
1404211
1404220
4140310
1322302
3321112
4042000
4042003
4140301
1011004
1011001
3321103
3321100
1404202
3321202
1011022
4042111
1322320
1224022
1240411
3321211
4124020
1011013
1011010
1224031
4140400
1322311
1224001
3403111
1011034
1224004
1224010
1011031
4124002
1224013
421222
1142131
2420032
241003
241000
1011043
1011040
1142113
1224040
1404310
241030
2420131
3141031
241033
1011103
1011100
1404301
3141040
1224112
3141004
3141001
1011112
1142200
1142203
1224121
421303
3141022
421300
1011133
2420113
1224103
1011130
1224100
3321220
3141013
1011124
3141010
323002
1011121
3141103
3010030
3141100
3223030
1142230
323020
1011142
323023
2420200
2420203
1224130
241111
421330
3141112
241114
3010033
323032
1404400
3321301
3223000
3223003
3321310
241141
3010000
3010003
4042300
1224211
1011214
2240032
1011211
3321400
1011202
1224220
1142302
3010111
4124200
3403300
1224202
1011223
1011220
2240002
1142320
2420230
1044013
1011244
421411
3141130
1044010
1011241
1044004
323113
3141121
1044001
1011232
1044031
2240023
1142311
2240020
1044022
323131
2420320
241222
2322022
1044040
3141220
2322031
3010144
2240113
2322040
1011310
1224310
1011304
2420302
1011301
3010114
3010141
2322001
2420311
3141211
1011322
3223111
2322004
2322010
3141202
1011313
2322013
1224301
1011343
3010222
1011340
2404000
323200
2404003
323203
1044103
1011334
1044100
1011331
3141310
241303
2322103
3043003
3043000
1044121
241300
2322100
143002
2404030
323230
3141301
1044112
2240131
4321000
4321003
143023
1044130
143020
241330
143032
1224400
2240230
1011403
1011400
1421020
1421023
3010300
3010303
1011421
1011412
1421002
323302
2322112
1044202
1011433
2240203
1011430
2240200
2322121
323311
1011424
2322130
1044220
3043030
323320
1044211
1421032
1011442
241411
2322211
3043111
143113
2240302
4403020
2322220
2142001
2142004
2240311
4321111
143131
2142010
2142013
2404111
1421113
3010333
3223300
3010330
3141400
2322202
1044301
3010414
3010411
4321030
1044310
1421131
2322301
143203
2240320
143200
2011003
2011000
2142022
2142031
2142040
4403002
143230
2142112
1421200
1421203
2011033
2011030
2142121
2142130
2224000
2224003
3010441
2322310
1241023
1241020
2142100
2142103
1241002
1421230
2224030
1044400
2322400
143302
3043300
143311
2224111
4141030
1241032
143320
2142202
1110001
1421302
1110004
2404300
1323004
1421311
1110010
1110013
1323001
4141003
2011114
4141000
2011111
1110034
1323031
4141111
1110040
1241113
1110043
1323013
2011144
1110022
1323010
1323022
2011141
1421320
1110031
2142211
340000
340003
2142220
1323040
1241131
340030
4403200
340033
1110100
2142310
1110103
2011222
1323100
1323103
4321300
4223002
2044030
1241203
1241200
1110130
1110133
1323121
4223020
1323130
1110142
1110112
422002
1110121
2044003
1110124
1323112
2142301
2044000
422023
422020
340111
2224300
422032
340114
3322030
1241230
4223200
3322003
3322000
340141
1110202
2011303
2011300
1323220
1241302
3404020
4043002
1110232
1143001
4141300
3322111
1241311
1143004
2044111
3404002
1110211
1110214
1323202
2011333
2011330
1110220
1110223
1323211
2142400
1143031
422113
1110241
1143010
1110244
1143013
422131
1241320
340222
1143022
2421031
2011414
2011411
1110301
1143040
2421040
1110322
2421004
1110331
1012003
1143100
2421001
1143103
1110334
2011441
1012000
1110304
4043020
1012030
2421013
1323301
2421010
1110310
1110313
2421022
1323310
422203
422200
1143121
2421100
340300
340303
2421103
1143130
1012033
422230
242002
1110340
1110343
1143112
3142003
2421112
3142000
242023
242020
340330
242032
1012111
1110421
1110424
3322300
1110430
1110400
2044300
1110403
3011002
422302
111001
3404200
1323400
1110412
1012114
111004
3142030
422311
1012141
111010
111013
1143220
2421121
2421130
111022
1110433
1143202
422320
111031
1143211
1110442
111034
340411
1012144
2421220
111040
242113
111043
2241001
2241004
242131
2241010
2241013
2241022
4420003
3011020
3011023
4420000
3224020
3142111
1012222
3224002
3011032
2421202
4420030
4043200
111100
111103
2421211
3011113
111112
2110000
111121
2421301
3011134
2110003
1143301
111124
3011131
2323003
242203
2421310
2323000
242200
111130
111133
1143310
2241031
111142
2241040
242230
1012303
1012300
2241121
2241130
4420111
1340020
1012333
1340023
111202
1012330
3011143
111211
2241103
2110030
2241100
111214
2110033
2323030
111220
1340002
111223
1143400
2241112
242302
111232
2110114
144001
2323111
242311
144004
3011242
111241
144010
3044002
3011233
111244
4420300
144013
2241202
4322002
242320
1340032
144022
2241211
3044020
2110141
144031
1422004
1422001
4322020
1422013
144040
3011200
3011203
4240111
1422010
1012414
3142300
3011230
1012411
3011224
3224200
2421400
2110111
4240000
3011311
4240003
111301
1340113
13000
111304
3011302
13003
1422040
111310
111313
1422022
3011320
3011323
1012441
1422031
111322
4240030
3011314
2110144
111331
144103
13030
144100
2241220
111334
13033
111340
111343
144112
1340131
144121
144130
1422100
1422103
2143030
3011341
1422130
3011332
111400
111403
2110222
1422112
111412
13111
2241301
2143000
13114
2143003
1340200
1422121
2241310
111421
1340203
111424
3044200
2323300
111430
144202
111433
3011431
144211
3421030
1340230
111442
13141
13144
2110330
2241400
2110333
144220
4404001
4404010
1422202
3011422
3011413
3421000
2110300
3421003
2110303
3421111
1340311
1242001
1242004
1242010
4142002
1242013
1422211
1422220
1340302
13222
2143111
1242040
144301
1340320
144310
1242022
1242031
4011004
4011001
4404100
1111000
1422301
2110441
1111003
4322200
1242103
1111030
1242100
1111033
1324030
2110411
4240300
2110414
1422310
1324000
13300
1324003
13303
4142020
1242130
341002
13330
144400
1242112
13333
3241000
341020
3241003
341023
1242121
4011040
4011043
4224100
4011034
4011031
341032
4011022
4011013
4011010
3421300
4011133
4224001
4142200
4011130
3323002
1242202
4011124
4224010
4011121
1422400
4011112
1111111
1111114
1324111
3110002
4011100
4011103
13411
2143300
13414
1242211
1111141
3241030
1111144
341113
1242220
13441
341131
3241111
1111222
3110023
3110020
1242301
4011142
3323020
3110032
3110113
1144030
3110143
1144000
1144003
2422000
4011241
1242310
341200
341203
2422003
4044010
3110134
3110131
4044001
4011232
4011220
4011223
341230
4011214
4011211
4011202
1013002
4011322
4011313
1013023
1013020
4011310
3110203
1111300
4011304
1111303
3110200
1324300
4011301
1013032
2422030
30001
1111330
1242400
341302
30004
1111333
341311
30010
30013
1144111
3143020
30022
3110242
341320
30031
30034
30040
30043
1111411
3241300
1111414
4011340
3323200
3143002
3110233
1013113
3110230
4044100
2422111
4011331
3110224
1111441
1013134
112000
112003
1013131
3110314
3110311
3110332
30100
30103
1013143
4011430
3110323
3110320
112030
112033
4011421
30112
30121
4011412
30124
3110302
30130
4011400
30133
4011403
30142
4421002
2242030
1013203
4421020
1013200
1013230
1013224
3110341
112111
2242003
2242000
112114
1013242
30202
1144300
1013233
2324002
30211
30214
2111020
112141
30220
3143200
2111023
30223
112144
4421200
2324020
2111032
30232
2242111
30241
3110413
30244
4241002
3110431
1013311
2422300
3110422
1013302
2111002
4241020
1341013
1013323
1341010
1013320
1341022
1013314
1013341
1341004
1013332
1341001
30301
112222
30304
1341040
30310
30313
30322
1341031
30331
30334
1210003
1210000
4110013
4323010
4110010
30340
2111143
30343
4110004
1423000
1423003
4110001
1013422
1423030
1210033
2111113
1013413
1341112
112300
112303
1013431
1341100
2111131
1341103
1210030
2111134
2111200
30400
2111203
30403
2324200
112330
3340030
112333
30412
3340003
3340000
1341121
30421
2111224
30424
2242300
2111230
1341130
30430
30433
4110043
4110040
30442
4110034
1210111
4110031
4110022
4323001
4110142
3422002
1341202
4110133
4110130
1210141
1341211
1210114
1423111
4110124
4110121
112411
4110112
112414
2111233
2144002
4110103
2111242
4110100
1341220
1210144
2144020
112441
2111332
4110202
2111341
4323100
1341301
2111302
1243003
1243000
1341310
2111311
3422020
4241200
2111314
2111320
2111323
1030003
1210222
3340111
1030000
1030030
1243030
2111413
4143010
1030033
2111422
4110241
4110232
4143001
1210303
1210300
4110223
4110220
4110214
4110211
4012030
4143100
1112020
4110331
1112023
1210330
3422200
4110322
1341400
1210333
1030111
1423300
1112002
4110313
4110310
4012000
4012003
4110304
4110301
2111431
2144200
1030114
1112032
1030141
1243111
1030144
3242020
1112113
3242002
211003
1210411
4110340
211000
1210414
4012033
3340300
1030222
3111022
424003
424000
3111013
3111010
4012141
1112131
3324001
211030
3111034
1112134
424030
3324010
3111031
211033
1210441
1112143
4110430
4110421
4012114
4012111
4110412
3111004
3111001
4110403
4110400
4012222
2341030
1030303
3111103
1030300
3111100
1112200
1112203
1112242
211111
2341003
424111
211114
2341000
3111043
3111040
1112224
1030333
1030330
1243300
1112230
1112233
211141
2423020
3111142
211144
2341111
1112311
3111112
3242200
1112314
3111133
1014013
3111130
1014010
3324100
3111124
1014004
2423002
1112302
3111121
1014001
1014031
1030414
3111214
1440022
1030411
3111211
1112341
1014022
1440031
3111202
1112320
1440004
1112323
1014043
1440001
211222
4012330
1014040
31000
3111223
1440013
31003
3111220
1112332
1014034
1440010
244003
244000
1030441
4012300
4012303
4422001
31030
31033
4422010
244030
1440040
4012411
1112413
1014103
1014100
4340002
1014124
211303
3144010
1440112
3111241
1014121
211300
424300
113002
1440121
3144001
3111232
1014112
1440100
1014142
1440103
4340020
1112422
1014133
113020
1014130
113023
1112431
211330
3111340
3013033
2423200
211333
31111
113032
31114
3013030
3144100
244111
3111331
2341300
4422100
1440130
2243002
3111310
3013000
31141
3013003
3111304
31144
4340200
3111301
2030002
3111322
1014202
3111313
1014223
1014220
3111403
1440211
3111400
1440220
1014214
1014211
2030032
211411
3111421
211414
3013114
1014232
113113
2030023
2030020
3013111
3111412
1440202
113131
2243020
1014241
113134
211441
31222
113143
2112034
2112040
2112043
4242001
1014301
4242010
2030143
2112001
1440310
1342000
2112004
1014313
1342003
2030134
3111430
1014310
2112010
2030131
2112013
1014304
113200
113203
1014331
2112022
3013141
1440301
1014322
2030113
2112031
31300
2112100
31303
2112103
113224
3013222
1014340
244300
113230
113233
2112112
2112121
1342030
113242
2112124
31330
2030203
31333
2030200
1211002
1424020
1014412
1440400
4111033
2030233
4111030
2030230
1211032
1342111
1014403
2030224
1014400
1014430
1424002
113302
3013300
3013303
1014421
1211023
1211020
113311
2243200
2112130
113314
4111003
2112133
4111000
113320
113323
441004
2112142
441001
31411
441013
441010
113332
31414
441022
2030242
113341
2030302
441031
2112232
31441
2112241
441040
4324000
2030332
1211131
2112202
1211134
2030323
3341020
2030320
2112211
2030314
310000
4242100
2112214
310003
3341002
2030311
1211113
2112220
3013330
2112223
113413
441103
310030
441100
2112301
3013411
113422
2112304
1211143
310033
113431
3423010
2112310
2112313
4111141
2030341
441112
441121
441130
2014003
3423001
2014000
4111114
4111111
2030431
4111222
2030422
1342300
3423100
1211224
1211230
2014033
2014030
1211203
1211200
2030413
1031002
310111
1424200
1031023
2112322
1031020
2440000
2440003
1244020
310114
2112331
1244002
1211233
441202
2112340
1031032
1211242
310141
2440030
441211
2014111
441220
310144
2112421
2440111
2112430
1211314
3341200
1113010
2014141
1113013
1211323
1211320
1113022
2112400
2112403
1211302
1113001
2014114
1113004
2112412
1211311
4144000
1113040
1113043
1031113
3243001
310222
130000
1031134
130003
3030013
441301
1031131
3030010
4013032
1211332
1113031
441310
3030004
1113034
4111330
343000
343003
1211341
3030001
4013020
4013023
1031143
130030
130033
343030
4013002
4111303
4111300
4013113
1211413
1113112
1211422
4111411
2014222
310300
310303
1113100
1113103
3030031
1113142
3030022
1031203
1031200
1031230
1113121
3243010
1113124
1211431
3030043
3030040
1031224
310333
1244200
1113130
3030034
1113133
130111
310330
441400
2014303
2014300
343111
3030124
130114
1031242
3030121
2440300
3112033
1031233
3030112
3030142
2342002
3030133
130141
3030130
130144
1113202
2014330
1113211
3112003
3243100
1113214
3112000
3112030
4013131
3030103
3030100
3112111
1031311
1113232
1031302
1113241
310414
310411
4013230
1031323
3030202
1113220
1031320
1113223
2211001
3112114
1031314
2211004
1031341
2342020
1031332
310441
4013200
4013203
130222
2211040
4013311
2211043
1113301
1113304
4013302
1113310
3030241
2014411
3030223
3112141
3030220
1113331
2211010
2211013
2424001
3030214
1113340
3030211
2424010
2211022
1031422
1113313
3030232
2211031
1031413
1113322
2211034
1441000
130300
1441003
130303
2424100
343300
32002
3030313
1031431
3030310
2211112
3030304
4210000
2211121
1441030
4210003
32020
3030331
2211124
32023
4423000
130330
2342200
2211130
130333
3030322
2211133
32032
1310002
1113400
1113403
4210030
4341100
3112222
4210033
3030301
4013320
2211100
2211103
3112303
1441111
3112300
1310032
1113430
4341001
4341010
114001
1310023
1113412
114004
1310020
114010
114013
1113421
3014002
114022
2211142
130411
3030340
114031
130414
32113
114034
114040
114043
2211232
4210114
32131
2244001
32134
130441
2211241
2244010
32143
4210141
3440020
1310131
3030412
2211202
3112330
1310134
3014020
3014023
2211211
1310143
3030403
3030400
2211214
3030430
1310113
114100
2211220
3440002
114103
2211223
3030421
3014032
114112
2211301
2113000
32200
114121
2211304
2113003
32203
3014113
114124
2211310
2211313
114130
114133
2211322
3014131
114142
32224
32230
1310203
32233
1310200
32242
3112411
4210111
1441300
1310224
1130002
1310230
1310233
4030000
4030003
1343002
3014200
3014203
114202
1130032
114211
2211331
2113030
2244100
114214
2113033
114220
2211340
32302
114223
1310242
1130020
1130023
32311
1343020
114232
32314
4210300
4210303
32320
114241
32323
2211430
32332
1310302
2113141
32341
1310323
1310320
1212022
2211400
2211403
4030033
1212031
4210222
1310332
4030030
1212001
1310311
2211412
1212004
2113111
4243000
1212010
1310314
2113114
3014230
3440200
2211421
114301
1212013
4030141
114304
1130131
3342001
1130134
114310
114313
3342010
3014311
1130143
1130113
1212034
114322
442003
442000
1310341
1212043
114331
1212040
3014320
32413
4112032
4030114
4030111
114340
32422
442030
4112023
4112020
4210411
32431
3014302
4112002
1212112
1310422
3211000
1130200
1130203
3211003
1212121
1310431
1212124
4112113
1212103
1212100
4210330
1310413
311002
1130224
114400
114403
2113222
1130230
311020
1130233
311023
114412
1212130
1343200
114421
1212133
442111
311032
1212142
114430
2441002
2113330
1130242
2441020
1212211
1212214
3211030
3342100
3211033
1212223
1212220
1130302
4030222
3424000
2113300
2113303
1212202
4112131
1130320
1130323
1212241
4030330
311113
1130332
1130311
3211111
4112230
3211114
311134
1212232
1130314
311131
4030300
4030303
311143
1130341
4112203
4112200
1114000
4014013
4440001
1212304
1114003
1212310
4014010
4112311
4440010
4014004
1212313
4014001
4112302
1212301
1114033
2113411
311200
1212340
311203
1130422
1130431
1212322
3211141
1212331
442300
311230
131002
311224
1130413
1114030
311233
344002
131020
311242
131023
3244000
344020
2441200
3031033
3031030
131032
1212403
1212400
4014040
3211222
1212412
1114111
4014031
3031003
4030411
3031000
4014022
4112320
