311301
303111
3
1024011
3113001
1032201
2400300
213003
311310
213000
12
1024002
2302002
221202
3031101
303120
21
213012
2302011
24
221211
2310201
1024020
3113010
1032210
131103
30
131100
213021
3121200
1040400
33
213030
221220
41001
131112
42
3203100
41004
41010
131121
41013
131130
41022
2130021
41031
1114200
2130030
41040
2310210
1024110
1032300
303201
102
2302020
2220102
3031110
1024101
311400
213102
2220111
303210
111
2130000
114
2130003
213111
221301
120
123000
2220120
123003
123
2130012
221310
131202
2212002
213120
132
123012
4301001
2220201
131211
2212011
3023010
41100
123021
141
3031200
41103
144
4301010
2220210
2212020
2130102
131220
123030
41112
2130111
1401012
41121
3113100
1401021
41130
2302101
3023001
2302110
1401000
1401003
2310300
303300
2040030
1024200
201
2040021
204
3023100
210
213201
1401030
2040012
213
213210
2302200
221400
2040003
222
2040000
123102
123111
131301
231
33000
2130120
234
33003
131310
240
123120
41202
243
33012
41211
33021
4211010
1401111
2130210
2122020
41220
33030
1311000
1311003
1401102
1311030
2212101
2040120
300
2220300
303
2212110
2040111
1311012
2122002
1401120
213300
312
2130201
1311021
2040102
2122011
2204001
123201
321
324
2212200
330
131400
2204010
123210
333
33102
2122101
41301
342
33111
2130300
2122110
41310
33120
1401201
3400020
1311102
4301100
1401210
3400002
3400011
4211001
3310002
1311120
1221012
3310011
2032020
4121010
2040210
1221021
410004
402
1311111
2032011
3400101
2040201
4121001
410001
1221003
1221000
411
410013
410010
3400110
2032002
414
410022
420
123300
423
410031
432
33201
1221030
4203000
41400
441
33210
410040
1401300
1303002
4211100
1221111
2204100
1131000
1131003
1303011
2032110
2114001
410103
410100
2040300
1311201
3310020
2122200
2032101
2114010
1221102
1311210
1303020
320004
3220020
320001
410112
1131030
320013
320010
410121
320022
1221120
3220002
33300
2114100
410130
1131012
3220011
320031
1131021
4031010
4031001
3310101
3310110
320040
1303101
4121100
3400200
4031100
1000014
1213011
3302001
1221201
1000011
3302010
1221210
3310200
1000002
1213020
1131102
1311300
2024010
1303110
402003
4113000
402000
2032200
1000023
1213002
402012
1000020
410202
2024001
320100
1131120
1000044
320103
402021
1041003
410211
1000041
1041000
402030
410220
1000032
230001
1041021
320112
1131111
230004
230010
1041012
320121
230013
230022
320130
1041030
3130020
230031
230040
1000110
1213110
1221300
1000104
1000101
1123002
402102
1303200
3130011
3220101
1000122
402111
2024100
410301
3130002
1000113
3220110
1213101
1000143
410310
1041102
1000140
312000
312003
312012
1000134
1000131
2401002
320202
402120
3212001
1131201
3130110
312021
1123011
230103
2401011
230100
320211
2401020
1041111
320220
3220200
3130101
312030
3212010
1131210
1123020
230112
140001
4023000
3302100
140004
140010
230121
1041120
140013
230130
140022
140031
1213200
1000203
1000200
140040
1123101
1000221
1000212
402201
312102
402210
3040011
1033002
1000233
410400
1000230
320301
312111
3040002
1000224
222003
320310
1033020
222000
1131300
1041210
1123110
230202
3040020
1033011
312120
1000242
1041201
222012
2311011
3040110
230211
140103
140100
222021
3040101
222030
2311020
230220
140112
140121
140130
1000302
2401101
2401110
1000314
3212100
3122010
3130200
1000311
2311002
402300
3122001
1033101
1000332
304002
1000323
312201
1000320
304011
3204000
304020
1123200
2401200
320400
222102
312210
1033110
1000341
1041300
3122100
222111
2311101
230301
132003
132000
230310
4400100
140202
222120
132012
4310001
140211
132021
4310010
132030
140220
4400001
1410000
1410003
4400010
1410012
1000413
1000410
1000404
1000401
1000431
304101
3032010
2311110
3040200
312300
1000422
304110
1002
2221002
3032001
1410021
214002
2221011
1011
1014
1000440
214011
222201
1410030
1020
2221020
1033200
1023
2303010
222210
2311200
230400
132102
214020
1032
3032100
2221101
132111
140301
42000
1041
42003
140310
1044
4310100
2221110
2131002
132120
42012
4220001
1410102
42021
4220010
1410111
42030
2303001
3114000
1320021
1320030
304200
1101
1104
1320000
214101
1110
1320003
1320012
1113
214110
1410120
2303100
222300
1122
2131011
124002
124011
1131
132201
2131020
1134
132210
140400
1140
124020
42102
1143
42111
2000031
4220100
2131110
1402002
2000022
42120
1410201
1402011
2000013
2000010
2000004
2000001
1230003
1230000
2041020
2213001
2041011
1320120
3024000
1230012
1200
1402020
2221200
1320102
2213010
1203
2041002
2000043
2000040
1410210
1320111
214200
2000034
1212
2131101
124101
1221
1224
2213100
132300
1230
124110
1233
34002
1230021
2123001
42201
1242
34011
1230030
1402101
2000124
42210
34020
4130010
2000121
1410300
1402110
4130001
2000112
4302000
2000103
2000100
1312020
3401010
1230102
1320210
2041110
4130100
1230111
2000142
2041101
1312002
1302
3401001
2000133
2000130
1320201
1312011
1311
2131200
2123010
1314
1140021
1320
124200
1323
1140030
1140000
1140003
1332
34101
1230120
42300
1140012
1341
34110
2000223
2000220
2000214
2000211
1402200
2000202
4212000
1222002
1222011
1230201
2033010
2041200
2000241
1312101
2033001
2000232
4040010
1320300
1401
1312110
4040001
2123100
1404
411003
411000
1410
411012
1413
1140120
411021
1422
3311010
411030
1230210
1222020
1140102
1431
34200
4040100
1140111
1440
2000313
2000310
3311001
4122000
2000304
2000301
3401100
1222101
2000340
1222110
1230300
3311100
1304001
2033100
2000331
411102
1304010
2000322
1312200
411111
1140210
1132020
321000
321003
321012
1132002
411120
1140201
321021
1132011
2410020
2000412
321030
2000403
2000400
3221010
1214001
1001004
1001001
1214010
1222200
2000430
1001022
2410002
1304100
3221001
1001013
2000421
403002
4032000
1001010
2410011
403011
1001034
411201
1001031
403020
321102
411210
2410101
321111
1132101
1042011
3131001
231003
2410110
231000
1001043
1140300
3221100
1042002
1132110
1001040
321120
231012
3303000
1042020
231021
231030
1001103
1001100
1214100
1001112
403101
403110
2320002
411300
1001133
100002
1001130
2320011
100011
1001124
3131010
313002
1001121
100014
1124001
1042110
100020
321201
100023
2320020
313011
313020
1132200
1001142
1042101
1124010
231102
321210
100032
231111
2320101
3041001
3000042
100041
141003
141000
3000033
2320110
100044
2230002
231120
141012
2230011
3041010
141021
3000012
141030
3000000
3000003
1001214
3000030
3131100
1001211
3000024
2402001
3000021
3213000
2410200
1001202
2402010
3000111
100101
403200
1001223
313101
100104
3000102
1001220
100110
2402100
321300
100113
313110
10002
3000120
1034010
1124100
3000123
1001241
3123000
1042200
223002
100122
10011
1034001
10014
3000114
1001232
223011
100131
231201
10020
2230020
100134
10023
231210
4401000
141102
100140
100143
223020
10032
141111
10041
10044
2140002
141120
2140011
1001310
2140020
1001304
1001301
3000141
3041100
2312001
1001322
3000132
2312010
100200
100203
2320200
1001313
1001340
313200
100212
10101
2230101
10104
1034100
2230110
100221
1001331
223101
10110
100224
10113
223110
3033000
231300
2312100
100230
133002
100233
3000231
10122
2222001
133011
100242
10131
141201
10134
141210
4311000
2230200
2222010
10140
3000240
133020
10143
3000204
3000201
1411002
3000222
1001403
1001400
3000213
3000210
3000300
3000303
1001421
1001412
100302
2001
2004
3000312
1411011
100311
10200
1411020
1001430
2010
100314
10203
2013
100320
100323
223200
10212
2140101
2022
100332
10221
2140110
133101
2031
10224
2034
133110
100341
141300
10230
2040
10233
43002
2043
2132001
10242
43011
4221000
2140200
1411101
2132010
43020
2304000
3000330
1321011
1321020
3000321
100401
1411110
2100
2222100
100404
2103
100410
100413
1321002
10302
2112
100422
10311
3000420
2121
10314
2124
100431
10320
2214000
133200
2130
10323
2133
100440
10332
43101
2142
2001021
3410001
10341
43110
2001012
1403001
3410010
2001003
3000411
2001000
3000402
3410100
1321110
2042010
4131000
1231002
2001042
2042001
1411200
2001033
1403010
2001030
1321101
2202
2001024
10401
2211
2132100
10404
420003
420000
2214
10410
420012
2220
10413
2223
1231011
420021
10422
420030
2232
1231020
10431
2124000
43200
2241
2001114
10440
2001111
1403100
2001102
1321200
1313010
1100022
2001141
2042100
1231101
1100031
1100001
2001132
3320001
1100004
3320010
1100010
1313001
1100013
2001123
2301
2001120
3230001
2304
420102
1141011
2310
420111
2313
3230010
1141020
1100034
2322
4000041
1231110
330000
4041000
3320100
330003
1100040
330012
1141002
1100043
2331
4000032
420120
330021
3402000
2001213
2001210
2340
4000020
4000023
2001204
330030
2001201
4000014
4000011
4000002
1100112
2001240
4000122
1100121
1223001
4000113
1100124
2034000
2001231
1010013
4000110
1100100
4000104
1010010
1100103
4000101
2001222
1313100
1010004
1010001
1010031
2400
2403
412002
1141110
1010022
2412
412011
420201
1223010
1231200
412020
1100130
330102
1010043
420210
1100133
2421
1010040
330111
1141101
1010034
1100142
2430
240003
240000
3140010
2001303
2001300
330120
3140001
240012
240021
240030
1100211
3230100
1100214
2001330
1100220
1223100
1100223
4000140
3312000
2001321
1010103
1100202
1010100
4000131
2001312
3222000
1141200
1100241
1133010
412101
1010124
1010121
412110
420300
1010112
1010142
322002
1133001
1100232
1010133
4000230
330201
2411001
1010130
322011
4000221
322020
2001402
240102
330210
4000212
240111
4000200
4000203
240120
1100304
1100310
1100313
4000311
2001420
4000302
1002012
1010202
1002003
2001411
1100301
1002000
1010223
1002030
1010220
1100340
2411010
404001
1002024
1010214
1002021
3140100
404010
1010211
412200
322101
1100322
1002042
1043001
1010232
330300
322110
1100331
1133100
1002033
232002
232011
2321001
240201
1043010
1010241
3132000
2321010
240210
232020
1100400
1100403
1100412
1002111
1010301
2411100
1002102
4000320
404100
1002123
1010313
3001002
1002120
101001
1010310
1002114
101004
1010304
3001020
3001023
1002141
1043100
101010
1010331
101013
314001
1100421
3001014
1002132
2403000
322200
1010322
3001011
314010
1100430
101022
232101
101031
4000410
1010340
101034
4000401
232110
240300
142002
101040
101043
142011
2231010
142020
4410000
1002204
1002201
1002222
1420020
1010412
3001032
1002213
1010403
1002210
101100
101103
2321100
1010400
314100
1010430
1420002
1002231
101112
11001
1010421
2231001
3001041
11004
3042000
1420011
2100000
101121
11010
224001
2100003
101124
11013
3001131
224010
2313000
232200
101130
2100012
101133
11022
3001122
1002240
2100021
142101
101142
11031
2100024
3001140
11034
142110
2100030
2231100
3001101
11040
11043
4230000
1002303
1002300
3001113
3001110
3001104
4320000
1330002
1002312
1330011
1420101
3001212
101202
1002330
101211
1420110
11100
3001200
3001203
1002321
101214
11103
2100033
101220
101223
224100
11112
2141001
2100042
1330020
101232
11121
2141010
134001
11124
134010
101241
142200
11130
11133
2010012
2100132
11142
2141100
2100141
2010003
2010000
1330101
3001230
1002411
2010042
2100102
3001221
1330110
1002402
2100111
2010033
2010030
2100114
1412001
101301
2010024
3000
2100120
2223000
101304
3003
2100123
2010021
1002420
1420200
1412010
101310
101313
11202
3012
3001320
1240020
2100201
101322
11211
2100204
3021
11214
1240002
3024
2100210
101331
11220
2100213
3030
134100
11223
3033
1240011
101340
2100222
4140000
11232
2010111
44001
3042
2010102
11241
44010
3001311
3001302
2010141
1322001
2010132
3411000
1330200
1322010
1412100
3001401
2010123
2010120
101400
101403
2010114
3102
101412
11301
3111
2100231
2133000
11304
3114
101421
11310
2100240
3120
11313
3123
1240101
101430
11322
1240110
3132
2002014
2100321
2010204
11331
44100
3141
2002011
2010201
2100330
2002002
11340
1322100
2043000
2002041
2010231
2100300
2002032
2100303
3001410
2010222
1404000
2100312
2002023
2002020
2010213
2010210
3201
3204
11400
3210
11403
421002
3213
2100402
1232001
11412
421011
3222
1232010
3321000
1240200
421020
2100411
11421
2010240
3231
2002110
2010303
2010300
2002104
11430
3240
2002101
2002140
4001022
1314000
2010330
1101012
4001013
2002131
1101021
4001010
2010321
4001004
4001001
2002122
2010312
1101000
1101003
2002113
1142001
1101042
3300
2100420
3303
421101
1142010
421110
3312
1101024
1101030
1232100
1101033
3321
331002
3330
2002203
2420001
2002200
331011
331020
2420010
1101111
2002230
3231000
1101114
2010420
4001040
2002221
1011003
2010411
1011000
4001031
2002212
2010402
1101102
3100014
200001
1011021
3100011
1101141
1142100
200004
200010
3402
1011012
3100002
200013
413001
1101120
1224000
3411
1101123
413010
200022
1011033
421200
4001130
3100023
331101
1011030
3100020
4001121
200031
3420
1101132
1011024
2002302
200034
331110
4001112
200043
241002
200040
1011042
241011
4001100
4001103
241020
1101201
1101204
4001211
1101210
1101213
2002320
4001202
1011102
2002311
2420100
1134000
200103
1011114
3100041
3141000
200100
1011111
1101240
413100
3100032
110001
2330001
200112
1011132
110004
1101222
2330010
200121
110010
1011123
110013
323001
200124
1101231
1011120
200130
3100140
2412000
331200
323010
200133
110022
3010020
3010023
1011141
3100131
200142
241101
110031
110034
3010041
241110
2330100
110040
110043
3010032
3100110
1101300
3100104
1101303
3100101
3010014
2002410
3100122
1003002
3010011
4001220
3100113
3010002
2002401
1003023
1101330
1011213
1003020
3100203
1011210
3100200
1003014
200202
1011204
1003011
1011201
200211
1101312
1011231
3100221
3010110
3010104
200214
110100
110103
1003032
3010101
323100
1011222
1101321
3100212
200223
200220
20001
110112
4001310
2240001
20004
1011240
4001301
2240010
110121
233001
20010
200232
20013
110124
1003041
1044000
233010
200241
241200
110130
110133
20022
20031
110142
20034
4001400
2240100
20040
1101402
20043
1003101
1003113
3010122
1011303
3100230
1003110
1011300
3010113
200301
1003104
3010140
102000
102003
2322000
1101411
200304
1003131
200310
1011321
200313
110202
1101420
1003122
102012
3010131
1011312
3010221
200322
3002031
110211
20100
102021
20103
110214
200331
3010212
102024
3002022
1003140
1011330
110220
110223
3100320
233100
102030
102033
20112
3002040
200340
20121
110232
3010230
143001
102042
20124
143010
110241
3100302
20130
20133
20142
3002013
3010200
3010203
3002010
3100311
3002004
3002001
1003212
1011402
1421010
1003203
1003200
200403
1003230
3010302
200400
1011420
3100410
102102
3002100
3002103
1003221
1011411
1421001
110301
3100401
102111
200412
12000
110304
2232000
102114
12003
200421
110310
110313
102120
20202
102123
12012
200430
20211
110322
102132
12021
20214
12024
110331
102141
20220
143100
12030
20223
12033
110340
2101032
20232
12042
2142000
2101041
20241
1003311
3002121
1003302
3010311
2101002
3002112
1331001
2101011
2101014
1003320
102201
1421100
2101020
3010320
102204
3002130
2101023
3002220
110400
110403
102210
102213
12102
3010410
3010401
2101101
20301
110412
3002211
102222
12111
2101104
20304
12114
3420000
110421
2101110
1331010
20310
102231
12120
2101113
20313
12123
110430
102240
20322
2011002
12132
20331
12141
20340
3002202
4100031
1003401
2011032
1200021
4100022
1331100
1200024
1200030
3002301
1200003
2011023
1200000
2011020
4100013
4100010
2011014
4100004
1413000
1003410
2011011
102300
102303
1200012
4100001
1241010
2101122
4002
102312
12201
2101131
4011
12204
4014
20400
102321
12210
1200033
20403
2101140
430002
4020
12213
4023
1200042
1241001
102330
20412
430011
12222
2011041
4032
430020
2011101
2101221
20421
12231
4041
2101230
20430
12240
1200114
1110000
3330000
1110003
2011131
1200123
1200120
3002310
1323000
2011122
1110012
2101200
2101203
1200102
4100040
2011113
2011110
2101212
1200111
2011104
1110033
102402
4010040
4101
4104
102411
1110042
12300
3002400
4110
12303
4113
4010031
430101
1110021
102420
2101302
1200132
430110
1110024
12312
2011140
4122
4010022
4100130
1110030
1241100
1200141
2101311
4010013
12321
2003004
4131
4100121
4010010
2003001
340002
4010004
12330
4010001
4140
4100112
340011
340020
4100103
4100100
2011230
1200210
4100220
1110102
1200213
4010100
2003031
4010103
2011221
1200222
4100211
1110111
2003022
2011212
4100202
2003013
1200201
2003010
2011203
2011200
1200204
1200240
1020012
1110132
2101320
4200
4203
1020003
1110141
1020000
3240000
1020030
1110114
12402
4212
1200231
1020024
422001
1110120
1233000
1020021
12411
1110123
422010
4221
2003040
430200
340101
2003103
2003100
2101410
12420
1020042
4230
340110
1020033
1102002
2003130
2011320
1110201
1200312
1102011
1110204
1102014
4010130
2003121
2011311
4010121
2003112
2011302
2101401
1200303
4010112
1200300
1020111
1102032
1110231
1143000
1102041
1020102
4302
4010220
1110210
422100
4002030
1200321
1102020
1020123
1110213
1102023
1020120
4311
1200330
4002021
1020114
4010211
1110222
4320
4002012
1020141
332001
4010202
4100310
1020132
4002000
340200
4002003
332010
1110240
4100301
4010301
1200402
4002111
1102101
1102104
1200411
2003220
4002102
1110300
2011410
4100400
1102110
1110303
2003211
2011401
2003202
1012014
1110321
1102131
1020204
1012011
1020201
201003
1110330
201000
2421000
1102140
1012002
1020222
1102113
4401
414000
1200420
201012
1012023
1110312
1102122
1020213
4410
1012020
1020210
201021
332100
201024
201030
1012041
3101031
1020231
201033
1012032
201042
242001
242010
2331000
3101040
1020240
3101004
3101001
1102200
1102203
2003310
3101022
4002120
3101013
4010310
2003301
3101010
1020303
3101103
1012110
1020300
3101100
1110420
1102230
1012104
1012101
201102
3011004
1110402
3011001
201111
1102212
1012122
3101112
1020312
201114
111000
111003
1110411
4010400
1102221
1012113
4002210
201123
1012140
201120
4002201
324000
1020330
111012
1012131
111021
1020321
201132
111024
201141
111030
242100
111033
4002300
2200032
111042
2200041
2241000
3011040
1102302
2003400
1102320
1004013
2200002
3011022
1430001
1012203
3101130
1004010
1012200
3011013
2200011
1004004
3101121
1004001
2200014
3011010
1430010
1004031
1012221
201201
1020411
2200020
2200023
1102311
201204
1004022
201210
3011031
1012212
1020402
201213
111102
2200101
3011112
201222
111111
1004040
21000
2200104
1012230
3101220
111114
21003
1020420
201231
2200110
2200113
111120
2110002
111123
234000
21012
3011130
2200122
2110011
201240
3011121
111132
21021
2110014
21024
111141
21030
21033
3011100
3011103
21042
3101211
3101202
1430100
1012302
1004103
1004100
3101310
1102401
201303
3003000
3003003
1004121
201300
1012311
3101301
1102410
103002
1004112
111201
2200131
103011
201312
2110020
111204
2110023
103014
201321
111210
111213
2200140
103020
1004130
103023
21102
1012320
2110032
201330
1340001
111222
21111
2110041
103032
21114
1340010
111231
103041
21120
2110113
144000
21123
2200230
111240
2110122
21132
2110131
21141
2110140
3003021
1422000
1004202
3011211
2200200
2020023
3003012
2200203
2020020
3011202
2020014
1004220
2200212
2020011
2110101
1012410
2110104
3011220
201402
3003030
2200221
2020002
103101
1004211
2110110
1012401
201411
103104
3011310
111300
111303
103110
3011301
103113
3003111
13002
2200302
201420
1340100
2102001
111312
21201
103122
13011
2102004
21204
2200311
13014
2020041
2110200
111321
2102010
103131
21210
2110203
13020
3003120
2102013
21213
2020032
13023
111330
103140
21222
13032
21231
13041
3003102
3101400
21240
1004301
2020122
2020113
2020110
2020104
1004310
2020101
2200320
103200
103203
2110212
2102022
111402
2110221
103212
13101
2102031
13104
2020140
111411
1332000
103221
21300
2110230
13110
21303
2102040
13113
2020131
111420
103230
2102112
21312
13122
2110311
2102121
21321
13131
2110320
2102130
21330
13140
1201011
2012031
2020221
1201014
3011400
3003210
2012022
2020212
3003201
1201023
1201020
2200401
2012013
2102100
2012010
2020203
2020200
2102103
1201002
2012004
2200410
2110302
2012001
1004400
1242000
1201041
103302
3003300
103311
13200
13203
2012040
4101030
2020230
103320
2102202
1201032
21402
13212
431001
4101021
21411
431010
13221
4101012
21420
13230
4101003
4101000
1201104
1201110
4011000
4011003
2012121
4101111
2020311
1111002
1201113
2012112
2020302
4101102
2012103
2012100
1201101
2110401
2102211
300000
1201140
300003
103401
300012
1111032
2110410
2102220
1201122
300021
103410
1111011
1111014
13302
1201131
300030
431100
300024
1111020
2012130
2020320
1111023
13311
300033
2102310
13320
341001
300042
1111041
2430000
341010
3200040
2004030
1201203
1201200
2012220
2020410
3200022
4011030
2004021
1111101
2012211
1201212
3200031
2020401
4011021
3200001
2004012
3200004
2012202
4011012
3200010
3200013
2004003
2102301
2004000
4101120
3200112
300102
1111122
1021002
3200121
300111
1111131
4011120
210003
1111104
1021023
3110013
210000
1021020
3200100
3110010
300114
1111110
3200103
1201221
1111113
13401
1021014
4011111
3110004
1201230
300120
1021011
3110001
423000
300123
210012
300132
13410
4011102
4101210
210021
1021032
300141
341100
210024
210030
4101201
210033
1111140
210042
1021041
2340000
1201302
2004120
4003002
2012310
1103001
4101300
1103004
1201311
2004111
2012301
2004102
3110031
2102400
1021101
1111221
1103031
300204
3110022
300201
1111230
1111200
300213
3200130
1103010
1111203
1103013
210102
300210
1021113
3110040
1021110
300222
1201320
210111
1111212
1103022
1021104
120000
210114
120003
3020013
300231
3020010
1021131
3110121
210123
3020004
210120
333000
1021122
120012
3020001
3110112
1103040
3020031
300240
120021
210132
3020022
120024
1021140
3110130
210141
120030
120033
3200211
1201401
120042
3200220
1103100
2004210
2012400
1103103
4003020
4011210
2004201
3110103
3200202
3110100
4011201
4003011
1103121
1013004
3200310
1013001
300300
1111320
1103130
300303
1201410
202002
1013022
1021212
3102012
3110202
1111302
1103112
202011
4011300
1013013
210201
4003110
3102003
300312
1021203
3200301
202014
1013010
3102000
1111311
1021200
210204
4003101
1021230
210210
202023
300321
3020040
210213
202020
120102
1013031
1021221
210222
300330
120111
30000
30003
120114
202032
210231
120120
202041
120123
243000
30012
1013040
210240
30021
120132
30024
3020130
120141
30030
30033
2004300
30042
1013103
3102030
1111410
3110220
1013100
1103220
3020103
3020100
3102021
3110211
1021311
1103202
202101
300402
3020121
1013112
1111401
1021302
1103211
202104
210303
202110
3020112
300411
210300
300420
3012012
202113
112002
3020202
1013130
1021320
3102120
2201001
120201
3110310
202122
112011
210312
3012000
2201004
120204
3012003
1013121
112014
202131
3020220
210321
3012030
2201010
120210
2201013
120213
112020
30102
112023
3012021
210330
3020211
30111
120222
2201022
202140
3200400
112032
30114
120231
30120
112041
30123
3102111
120240
3110301
30132
3102102
4003200
30141
1431000
1013211
1103301
1021401
3102201
202203
202200
1013202
1103310
210402
112101
2201031
202212
210411
112104
1013220
120300
1021410
120303
202221
112110
112113
2201040
22002
202230
210420
30201
120312
22011
112122
30204
22014
4200000
2201121
120321
2111010
30210
112131
4200003
22020
2111013
30213
22023
120330
2201130
4200012
112140
30222
2111022
22032
4200021
2111031
30231
22041
4200030
30240
3012111
3020301
1300023
1300020
3012102
2201100
3102210
2201103
3110400
1300002
1013310
3012120
1300011
3020310
1103400
2201112
2111001
1013301
2111004
1300014
202302
104001
202311
3012201
104004
3004011
112200
112203
104010
104013
3004002
1300032
202320
2201202
120402
22101
112212
104022
22104
3004020
1300041
120411
2201211
1341000
30300
2111100
112221
3020400
22110
104031
30303
2111103
3012210
2111040
22113
120420
112230
30312
104040
22122
30321
3102300
22131
30330
22140
1210002
2021022
1300113
4110012
1300122
1210011
2021013
1210014
2021010
4110003
4110000
2021004
1300101
1013400
2021001
1300104
1300110
1210032
202401
2201220
104100
104103
2111112
202410
1210041
2021040
112302
1300131
2111121
104112
14001
14004
1210023
1210020
112311
22200
104121
2021031
2111130
14010
22203
14013
1300140
112320
2111202
30402
104130
2103012
22212
14022
440001
30411
2111211
440010
2103021
22221
14031
2111220
30420
2103030
22230
14040
3012300
3004110
4200102
2021112
1300212
1210101
3004101
1210104
1210110
1300221
4200111
4110030
2021103
2021100
2201301
2103000
4200120
1300203
2103003
1300200
4110021
2201310
1210131
4020030
3004200
1120020
1120023
4020021
104202
1210140
112401
4020012
104211
1120002
1210113
2021130
14100
1300230
4110120
14103
1210122
2201400
1120011
112410
4020000
104220
4020003
2103102
22302
1120014
2021121
14112
4110111
440100
22311
4110102
14121
4200300
22320
1120032
14130
1120041
1202001
2013021
1300311
4102011
2021211
1202004
4110201
1202010
4200201
1210203
1210200
2013012
4102002
2021202
1202013
4200210
2013003
2013000
1300302
1120113
1210230
2111301
2103111
1202040
1120122
104301
2111310
2103120
1030014
1300320
1030011
1120101
1202022
1210212
104310
2013030
1120104
2021220
14202
1030002
1202031
1120110
1210221
2103201
22401
14211
432000
1030023
2111400
2103210
22410
1030020
14220
1120131
1030041
1120140
1030032
2021310
1300401
4020120
1202103
1202100
1300410
2013111
2021301
1210302
2013102
4020111
4102020
4020102
4110210
1202130
1210320
3201012
1120212
1112022
4012020
1120221
3201021
301002
4020210
1112031
1030110
104400
1112001
301014
1202112
4020201
1112004
1210311
4012011
1030104
301011
3201000
301020
1120200
1030101
1120203
1112010
3201003
301023
1202121
14301
1112013
2013120
4012002
4102110
4110300
1030122
14310
4102101
301032
1030113
1030140
342000
301041
1120230
1112040
1030131
2013210
4102200
2021400
1202202
2013201
1112112
2103300
1120311
301101
1112121
1202211
301110
1022013
1210401
1030203
301104
1112100
1022010
3201030
1030200
1112103
1210410
211002
1022004
301113
1202220
1022001
1120302
211011
1022031
14400
2300001
1030221
3111021
211014
301122
2300004
2300010
1022022
1030212
3111012
211023
2300013
301131
211020
301140
3201120
1120320
1112130
2300022
1022040
3111030
1030230
211032
2300031
211041
3201111
2013300
1202301
4020300
4012110
3111003
3111000
4012101
3201102
1120401
3201201
1112211
1104021
3201210
1120410
1112220
1104030
1104000
1030302
3111102
1104003
301200
1202310
4012200
4004010
301203
301212
1022103
1112202
1022100
4004001
1104012
211101
301221
211104
211110
1022121
1030311
301230
211113
2300040
121002
1022112
211122
121011
121014
211131
1022130
121020
121023
1030320
2300130
2210022
211140
3021030
121032
2210031
121041
2210040
2300103
3021003
3021000
1112310
2300100
3111111
1104120
2210001
1202400
301302
2300112
3021021
1014012
2210004
1022202
1104102
2300121
203001
3021012
2210010
301311
1014003
2210013
1112301
1104111
1014000
203004
3111120
211203
3021102
1014030
203010
3103020
211200
1022220
1030410
3111210
203013
2300202
1014021
3103011
301320
1022211
121101
203022
1030401
3111201
211212
2300211
121104
203031
1440000
2210100
2210103
211221
121110
121113
3021111
31002
211230
2300220
203040
31011
121122
3201300
31014
121131
31020
31023
3103002
121140
31032
4004100
1112400
31041
1104210
2120040
1014111
3103101
1022301
1104201
1014102
203103
301401
203100
2120001
2210112
2120004
211302
301410
1014120
2210121
113001
1022310
2120010
203112
211311
2120013
113004
3021120
121200
203121
121203
2210130
113010
113013
2120022
203130
211320
31101
121212
2120031
113022
31104
2210211
2120100
2202021
121221
31110
113031
2120103
31113
2210220
2202030
121230
2120112
113040
31122
2120121
31131
2030013
2030010
31140
3013002
3103110
2030004
3111300
2300301
2030001
2202000
3013020
2202003
3021210
2300310
1014201
2210202
1104300
2202012
3013011
3021201
3013101
203202
2030040
203211
211401
1014210
113100
113103
3103200
1022400
2030031
211410
2300400
203220
2202102
121302
2030022
23001
113112
3021300
3013110
2210301
23004
2202111
121311
31200
113121
2120130
23010
31203
23013
121320
113130
31212
23022
31221
23031
31230
23040
1301010
1301013
2030103
2030100
1301022
1014300
1301001
1301004
2112000
2112003
1301040
203301
2210310
2202120
2120202
2030130
2112012
203310
2120211
113202
1301031
2112021
2030121
121401
113211
2120220
23100
2030112
2112030
23103
2210400
2202210
121410
113220
31302
2112102
23112
2120301
2112111
31311
23121
2120310
31320
2112120
23130
2022012
2030202
4201002
1301112
1211001
2022003
2022000
1211004
4201011
2202201
4201020
1301103
3013200
1301100
400002
1211031
3300021
400014
203400
3300030
400011
2022030
1211010
3300003
400023
3300000
4111020
2030220
400020
1301121
113301
1211013
1301130
2022021
1211022
2202300
4111011
2030211
3300012
113310
23202
4111002
400032
31401
23211
441000
400041
4201200
1211040
31410
23220
2022111
1301202
4111101
2030301
1301211
2022102
4201101
1211103
1211100
4201110
2104002
400101
1211121
1121010
1121013
400110
1211130
2112201
2104011
400104
1121022
2120400
2112210
2104020
310002
2022120
400113
1301220
2030310
1121001
113400
310014
1211112
400122
1121004
310011
310020
1121040
310023
2104101
400131
23301
400140
2112300
2104110
23310
310032
3210021
1121031
310041
3210030
3210000
4021020
3210003
2014011
1301301
2022201
1203003
1203000
3300120
2014002
3210012
1301310
4021011
3300102
4021002
4111110
3300111
3300210
1203030
1211220
3210102
1121112
4021110
400203
400200
3210111
4021101
1211202
310101
400212
1031004
1203012
1031001
1211211
2014020
310110
3300201
400221
4103010
310104
2022210
1121100
4111200
2030400
1121103
1203021
400230
220002
1031022
310113
4103001
220011
23400
1031013
220014
1031010
310122
1121121
220023
220020
310131
310140
1031031
1121130
2014110
4103100
2022300
220032
220041
2014101
1301400
1203102
1031040
1203120
1121202
3120012
1113012
2104200
400302
1121211
3120003
1113021
3120000
302004
1031103
3120030
400311
1031100
1203111
302001
1211301
1113000
3210120
302013
3120021
1113003
310200
1211310
302010
310203
3120111
310212
302022
400320
220101
1031112
310221
3120102
220104
302031
220110
3030012
310230
220113
3210210
130002
3202020
1031130
1121220
1113030
3120120
220122
130011
302040
3030003
3030000
1031121
130014
220131
3202002
130020
2014200
130023
3210201
3202011
4021200
4013010
220140
130032
4013001
130041
3300300
1121301
3202101
1113111
3210300
3202110
1121310
302100
4013100
302103
1203201
1023003
1023000
400401
1203210
310302
1211400
400410
1113102
3030030
1023021
212001
310311
302112
1031211
212004
220203
212010
3030021
220200
1023012
302121
1031202
212013
1113120
310320
130101
212022
302130
220212
1023030
130104
1031220
212031
220221
130110
130113
40002
2301030
220230
3030120
130122
40011
212040
40014
130131
40020
40023
130140
40032
1113201
3112011
3120201
2301003
40041
1121400
1113210
2301000
3112002
3030111
1023102
1203300
2301012
3030102
3112020
3120210
302202
2301021
3112110
1031310
3120300
212103
310401
302211
212100
1023111
302220
3112101
1031301
220302
2301102
310410
122001
212112
2301111
220311
3022011
122004
3030201
2211000
130200
2211003
130203
212121
122010
3022002
122013
1023120
212130
4300002
220320
130212
40101
122022
3202200
40104
4300011
130221
40110
122031
40113
4300020
130230
122040
40122
1400022
40131
1113300
1400031
40140
1400004
1400001
1400013
302301
1400010
204003
302310
204000
2301120
2211012
1023210
1031400
212202
3022020
3030210
2211021
1023201
204012
212211
220401
122100
122103
204021
2211030
220410
1400040
204030
130302
212220
32001
122112
4300101
32004
2211111
130311
2121000
40200
122121
32010
2121003
40203
32013
4300110
130320
2211120
4210002
122130
40212
2121012
32022
4210011
40221
2121021
32031
1310001
4210020
3104010
1400112
40230
3112200
1310004
32040
1310010
1400121
3104001
1310013
3022110
1400100
3030300
1400103
2301201
2301210
3022101
2211102
302400
204102
1023300
3104100
1310040
204111
212301
114000
114003
1310022
212310
3022200
2301300
3014010
1400130
2203002
122202
204120
3014001
1310031
114012
130401
122211
32100
114021
2121030
32103
130410
122220
40302
114030
32112
40311
32121
40320
2121120
32130
1310103
2031003
2031000
1400211
1310100
1400220
1400202
2211201
1310130
2203011
1220022
2031030
204201
2211210
2203020
1220031
2121102
204210
1220001
1310112
2031021
212400
1220004
2121111
114102
1220010
1310121
2031012
122301
114111
1220013
24000
24003
2211300
2203110
122310
114120
2113002
32202
24012
40401
2121201
2113011
32211
24021
1220040
40410
2121210
2113020
32220
24030
1302003
2031102
1302000
1400310
4300200
1310202
4120020
1302012
4120011
4210101
1400301
3014100
4120002
2203101
4210110
1130001
1220112
1130004
4030011
1130010
1220121
1130013
2031120
4030002
204300
4120110
1310211
1220103
1220100
1302021
114201
2031111
4120101
1302030
1310220
122400
114210
24102
1130040
32301
24111
1220130
4202100
32310
1130022
24120
1130031
2023002
1400400
1302102
1302111
1310301
4202001
4210200
4202010
2203200
1220211
1130100
1130103
1212021
401004
1212030
2113101
1220220
401001
1212003
2023020
1212000
401013
2121300
401010
2031210
1310310
2113110
1220202
401022
4030020
1302120
2023011
114300
1212012
2031201
401031
1040013
1130130
1040010
24201
1040004
1040001
2113200
1040031
32400
1130112
24210
401040
1130121
1040022
3301011
4030110
2023101
1040040
4030101
1302201
3301020
4112010
4120200
3301002
4112001
1122000
1122003
3301110
1220310
4030200
4022010
401103
3211002
401100
1212120
1130202
4022001
1122012
1302210
1310400
1212102
2023110
311004
2031300
4112100
1212111
311001
401112
3301101
1220301
311013
311010
401121
1040103
311022
1040100
401130
24300
1130211
311031
1122021
1040121
1130220
1122030
1040112
311040
1040130
1302300
1212210
1220400
2400000
1204020
2400003
1122102
2400012
1130301
1122111
1204002
2400021
3211011
401202
311100
1204011
2400030
311103
1212201
3211020
401211
2023200
2400102
401220
1032012
3121002
1040202
221001
2400111
1032003
311112
1032000
221004
2310003
1032030
221010
2310000
3121020
1040220
311121
3211110
221013
1130310
1122120
1032021
3121011
2400120
1040211
221022
311130
2310012
3301200
221031
4022100
3211101
221040
4104000
1114002
1122201
3203001
1114011
4014000
401301
1204101
401310
303000
1204110
1212300
303003
1032111
303012
1040301
2310021
311202
303021
1032102
221103
2310030
311211
221100
311220
1130400
303030
1122210
1114020
1032120
131001
1040310
221112
131004
2220000
2220003
3031020
221121
131010
131013
221130
2310120
3031011
2220012
131022
2220021
131031
2220030
131040
3121101
1114101
2400201
1122300
1114110
3211200
3203010
3031002
2310102
2400210
3121110
1204200
303102
2310111
401400
