2132000
311300
1110032
2
3113000
1032200
213002
2013200
4112
20
1110020
23
1110023
4121
2310200
213020
32
2003003
2003000
44
3000320
1210400
1022003
211004
1022000
1112111
2111
2300003
1022030
2114
2300000
3111020
2130020
2003030
2011220
2123
211022
2132
2011211
2011202
2300030
2141
211040
303200
4202
1202300
2130002
4211
3111002
422000
221300
1110122
122
123002
4220
3201200
1120400
1104020
2220200
123020
2042000
1022111
1104002
2204
4004000
420002
1102004
2213
1110200
1401020
211112
1110203
121004
2222
420020
211121
3023000
2231
2101400
2003111
1401002
121022
2240
1110230
1102040
200
2040020
203
2210030
121040
213200
1110212
212
1102022
4002020
2040002
1110221
221
224
3021002
332000
131300
230
233
33002
2300111
4002002
2210000
3320000
2210003
3021020
242
203003
203000
1313000
33020
2300
1112300
1014002
2303
3230000
211202
211211
2312
1014020
1311002
1110302
3111200
2321
4000040
203030
2011400
330002
211220
121112
2330
2210111
121121
1110320
330020
4000022
1012004
302
4400
1102112
2130200
1311020
4000004
1012022
1102121
320
2204000
123200
323
4000121
1012040
3101030
1223000
332
4000112
242000
1022300
1104200
2120000
2402
2120003
3101003
203111
1401200
1102202
113003
2411
420200
121202
2420
4211000
2003300
121211
2120030
240002
2202020
121220
113030
1221020
2120111
1102211
404
4121000
3011003
1012121
2040200
240020
1221002
111002
1102220
1012112
4002200
422
2030003
111020
2030000
111023
2300300
33200
2202002
1014200
440
111032
3021200
2200040
211400
2030030
23000
1133000
23003
2411000
2210300
330200
4000220
2200004
1012202
1131002
4000211
2114000
1012220
1311200
23030
4000202
2200022
3011030
1012211
2030111
320000
320003
2200112
111122
2110004
2200121
1301003
320030
1131020
2112002
404000
203300
2112020
1301030
121400
3302000
1221200
23111
2321000
240200
2120300
1102400
402002
3003002
3101300
2024000
111200
402020
111203
1041002
2110022
1211003
1211000
320111
2022002
111212
230003
230000
1041020
111221
2110040
2202200
111230
2110112
400004
1211030
3300020
2110121
230030
3300002
400022
113300
2022020
3003020
2020022
2200202
4000400
400040
2200211
2020004
2200220
1012400
2030300
312002
111302
3011300
2102000
312020
3212000
1131200
2102003
2020040
111320
2110202
230111
2112200
1211111
400112
1121000
2231000
1121003
400121
224000
23300
2020121
2020112
3210020
1121030
402200
3210002
2110211
2022200
1301300
320300
1203002
2110220
2102030
222002
1041200
1121111
222020
400202
1031003
400211
3300200
400220
1203020
2012030
2020220
220004
2141000
1201022
3003200
2020211
2200400
2020202
220022
1031030
2012003
2012000
1201004
3122000
2102111
1201040
220040
312200
230300
132002
4101020
1113020
3120002
4101002
302000
1412000
1211300
132020
302003
3002
1113002
3120020
4400000
4011002
1410002
302030
1201112
3020
3023
2012111
220112
3032
220121
3030002
2110400
44000
300002
3210200
3032000
300020
1410020
300023
1201121
222200
300032
1322000
1121300
1203200
42002
1023002
400400
302111
4220000
212003
1201202
212000
1023020
42020
220202
1201211
3113
3030020
2004020
3200030
2020400
3200000
220211
4011020
3122
3200003
2303000
3131
2004002
2102300
212030
220220
1320020
1021004
40004
2002004
1021022
300113
1320002
1201220
40022
3110003
300122
3200111
1113200
2002040
3120200
300131
40040
2301002
132200
4101200
2002022
2301020
1021040
2000030
3200
3203
2000024
1031300
1103003
212111
3212
1410200
122000
2012300
1232000
122003
3221
3030200
2211002
2000003
2000000
3230
1230002
3110030
1103030
2213000
300200
300203
122030
300212
40112
2000042
1021112
300221
40121
2000033
300230
1101020
3020003
3020000
1021121
1101023
3020030
1230020
2002121
2123000
302300
42200
1101002
2002112
204002
1142000
2000123
3302
1201400
2000114
2211020
1023200
3311
2000111
220400
2004200
204020
3320
1101032
4011200
122111
32000
32003
2420000
2002202
1013003
2121002
300302
40202
2000141
300311
40211
1021211
202004
2000132
3200300
2121020
1320200
40220
3102002
1021202
32030
1310003
300320
202022
1140020
1013030
1021220
2002220
30002
2301200
1140002
1011002
202040
2002211
2000222
200003
1011023
200000
1011020
30020
30023
2000213
212300
30032
2000204
1101122
114002
1011032
200024
200030
1310030
3020111
200033
114020
200042
1230200
3102020
2000240
32111
2033000
2000231
411002
4040000
1101200
202112
1101203
2031002
112004
2201000
2201003
202121
411020
1101212
3012002
112022
3012020
2211200
30113
2000312
112040
3311000
30122
204200
200111
1220030
2000303
200114
1220003
2000300
2031020
1220000
2330000
3110300
30131
1101221
200123
323000
122300
1011122
1101230
24002
200132
200141
2121200
40400
2000330
24020
1103300
3102200
1021400
202202
2000321
202211
1302002
1101302
2201030
321002
202220
112112
22004
321020
30200
112121
1140200
30203
2002400
4200002
1130003
1011212
30212
2000411
22022
2000402
1011203
30221
200204
1011200
1011230
4200020
2111030
200213
30230
1302020
22040
1101320
114200
1011221
200222
1220111
20000
3020300
2240000
1214000
20003
200231
233000
32300
200240
2201111
2111000
20024
3221000
2000420
2111003
1013300
20030
1130030
20033
3012200
411200
20042
112202
1310300
4202000
112211
3131000
231002
112220
30302
22112
1212020
30311
22121
1011302
200303
200300
231020
1212002
30320
1011320
200312
2031200
200321
3002030
1210004
24200
200330
4110002
20111
20114
2021003
2021000
20123
202400
20132
2111111
1210040
1302200
20141
1124000
321200
1210022
2021030
22202
3002000
3002003
4112000
22211
1122002
440000
141002
2103020
22220
4022000
3000032
200402
3002111
200411
1421000
1220300
141020
311003
200420
2021111
20204
3000002
311030
2402000
2201300
1122020
20213
3000020
3000023
2103002
4110020
20222
20231
1120022
4020020
2101040
20240
112400
1210112
1120004
3000122
1210121
3000113
4020002
231200
2400002
2101004
1331000
1130300
2400020
1120040
1212200
2101022
1202003
2013020
1202000
4110200
4200200
221003
1210202
221000
20300
1032002
20303
2310002
2013002
2101112
20312
1032020
20321
1120112
2011004
2312000
2111300
221030
1120121
20330
3000131
1210211
1202030
1210220
2103200
22400
3203000
1122200
3000230
2011022
3002300
2222000
141200
303002
2101121
4004
3000200
3000203
2310020
303020
2021300
1202111
3000221
20402
221111
4022
3000212
1241000
131003
20411
2011040
1120211
3000302
2220002
2101220
20420
4040
3201020
1120220
1112030
2000
1112000
2003
1112003
4020200
2220020
131030
3000311
3201002
1120202
1110002
2024
2400200
2030
2011121
2033
2101202
2011112
2042
2101211
