311302
1110034
4
3113002
1110040
311311
1110043
303112
1024003
1024000
4111
2302003
1024030
4114
2302000
3113020
3412000
2101300
1331200
3211300
303121
22
1110022
2101303
430111
2011141
311320
34
2003002
340000
340003
40
2220040
131113
43
4141
131131
340030
2003032
2011222
2003023
2003020
1204300
1024111
1241200
1110133
303202
3031111
2302030
1110142
303211
303220
1110112
112
1122400
2220112
2101330
422002
2220121
1110121
121
1110124
124
4222
2044000
2212000
131203
3023020
2212003
422020
131200
2101411
133
340111
4301002
2220202
142
2220211
131230
4301020
2220220
2212030
1102000
3322000
1102003
2003131
1110202
1401022
1114300
3203200
3023002
2003113
2011303
1401004
2011300
3121300
2302111
1102033
1401040
1110232
202
4300
4303
1110211
211
1110214
214
430300
2011330
220
1110220
1102030
3113200
223
1110223
131302
332002
232
4330
33004
131311
332020
1110241
241
244
131320
33022
2003230
1311004
4211020
2011411
1401112
2122030
1102111
33040
2003203
2003200
1110322
1024300
3031300
1110331
303400
1012003
1102141
2212111
1012000
2122000
304
1110304
3232000
1012030
1102114
2122003
1401121
1110313
313
1311022
4411
422200
322
2204002
3101032
340300
331
3023200
1012033
334
242002
2220400
1311040
340
1110340
2204020
343
33112
3142000
2122111
33121
3101002
2003320
1401202
242020
3400030
1401211
3400003
3101023
2003311
3400000
3101020
2003302
4211002
2302300
1012111
3310003
2032030
3310000
4121020
1311121
1110421
1221022
1110430
400
1110400
1401220
403
1110403
4121002
3101113
3011002
3400111
2032003
1311112
1110412
412
1012114
111004
1102222
1221004
2032000
1012141
1221040
421
424
332200
430
111022
433
33202
442
33211
111034
2200033
111040
111043
2114020
33220
1303003
1303000
1102300
1102303
4301200
1311220
2200000
3011020
2200003
3011023
4420000
3101131
1303030
1430002
1102330
1221112
2413000
2212300
1131004
2032111
1012222
2114002
3011032
1311202
3310030
2200030
1311211
3101230
3011113
320002
2204200
111112
2200111
3220030
2110000
320020
111121
3220000
4031020
1430020
3220003
2200114
2110003
320023
1221121
111124
3011131
2323000
242200
2122300
111133
1131022
320032
4031002
111142
3310111
1401400
1131040
3101203
3101200
3302002
4211200
1012303
1221202
1012300
1221211
2024020
4121200
3101311
3003004
4330000
1303111
3101302
1213003
1213000
1102411
2024002
3400300
1340020
1131121
1041004
111202
1012330
111211
2200141
2110030
111214
2110033
230002
1041022
1213030
320113
111220
1340002
111223
1221220
33400
1131112
3130030
111232
2110114
230023
230020
320131
111241
2233000
3003040
230032
2110141
1041040
2020030
3003022
1213111
3101320
1123000
1123003
3011200
1430200
3011203
2032300
3011230
1012411
3302020
2114200
3130003
1311400
2020003
3220111
2020000
2200222
3130000
2110111
4240000
3011311
3003112
3212020
1131220
1123030
111304
3011302
2401000
320200
2200300
2200303
2401003
320203
3130111
111313
3212002
1131202
3011320
1041112
1131211
111322
3003121
4031200
2020033
320230
230113
111331
111340
3310300
1041121
230131
3302200
1221400
2020114
2020111
2024200
1303300
2401030
1033003
1033000
111400
320302
111403
2200330
3040003
3040000
2110222
3040030
2020141
320311
1041211
111412
1123111
222004
2143000
230203
230200
1340200
111421
1041202
3040111
320320
222022
111430
1033030
3122020
1041220
2311030
230230
2110330
222040
2020222
1414000
3003211
1213300
3003202
2401111
2311003
3003220
1201003
2200411
1201000
2311000
3421000
2110300
3220300
3122002
2110303
304000
304003
3331000
4101040
3130300
1201030
1033111
3212200
1131400
304030
1201033
431002
230302
4101022
222112
230311
431020
222121
4101004
4310002
230320
4011004
1410004
1201111
4101112
2221030
1201114
2020303
2020300
300004
2311111
1201141
2221000
2221003
2110411
304111
3032002
1410040
214003
300022
214000
1410022
2020330
1324000
1123300
1041400
222202
3032020
222211
3040300
300034
300040
214030
2303020
341002
300043
222220
3200032
2221111
2131000
3241000
341020
2131003
4011040
4220002
3200020
2020411
3003400
3200023
2401300
3200002
4011022
4220020
3122200
2303002
4101121
3200113
1234000
1021003
4310020
1021000
4011121
300112
1201222
4011112
1410112
300124
4101220
1033300
214111
1410121
3110002
300121
300133
124000
124003
4101211
431200
1021033
1021030
300142
4101202
2131030
124030
4003000
1402000
1201303
4003003
1402003
1201300
2131111
2000023
2000020
1103002
1410202
2000002
1201330
3032200
2311300
3110023
304300
1103032
3110020
2213002
300202
300214
3200131
2041003
1021114
1410211
2041000
300211
300220
1021111
1410220
1402030
300223
1103020
2213020
2000032
3110032
1103023
2303200
222400
3020002
300232
3110113
124111
34000
1144000
34003
2422000
2221300
341200
300241
3200230
3020023
2041030
3020020
1021141
2123002
4130020
3110131
4011220
1402111
4003030
4130002
34030
2000113
4011211
3200200
4310200
3200203
4011202
1013002
3200311
2041111
1312030
1103131
3401020
202003
1013023
2000143
1201411
202000
1013020
3110203
1312000
300304
3110200
1312003
2000134
3401002
1103113
4003111
2000131
300313
3200302
214300
4101400
300322
1140022
1013032
1021222
2123020
202030
3020032
300331
300340
202033
30004
1140004
34111
2332000
2131300
30022
3020131
30034
2000203
2000200
30040
1140040
30043
1222003
1222000
2033020
4220200
2000242
1103230
3200320
1103200
2213200
1103203
300400
2033002
1410400
1013113
2000233
300403
2000230
300412
1021303
3110230
411004
1312111
1021300
202111
2000224
3020113
202114
300421
1140112
112000
112003
1013131
3020203
3020200
3110311
411022
1140121
300430
124300
1222030
1021330
3311020
202141
3110320
112030
4204000
30112
112033
2000314
411040
4130200
3311002
2000311
1402300
30121
30124
2000302
3110302
4011400
30133
30142
3401200
1304020
1103320
2041300
2000341
1222111
1304002
2000332
1103302
4003300
1013203
2000323
2000320
1103311
1013200
2123200
1013230
1140211
3020230
1021411
202222
1140220
411112
112111
1132030
22000
1132000
2242000
1132003
22003
112114
411121
30202
1140202
34300
2000413
30211
30214
2410030
2111020
30220
112141
3020320
22030
2111023
30223
22033
2111032
30232
3020302
1214002
30241
3221020
2033200
1013311
2000431
2410000
2410003
2000422
1312300
3020311
1013302
2111002
3221002
202303
403003
403000
202300
3430000
411202
1013320
3004000
411211
3004003
403030
3311200
411220
3004030
3131002
1214020
202330
2410111
1042003
1132111
1042000
22111
112222
30304
1042030
22114
30313
4114000
30322
30331
22141
1210003
1210000
30340
4110004
1423000
1222300
1304200
2320003
403111
1140400
2320000
3131020
1210033
1124020
202411
2111113
313000
112300
112303
313003
1042111
1124002
2111131
1210030
2320030
2111200
2402020
30400
313030
2111203
30403
3041002
3000040
3000043
112330
2320111
30412
22222
141004
3000034
2230003
2230000
3340000
3041020
30421
141022
2111230
30430
3221200
3004111
4110040
3000004
1214200
1210111
141040
2402002
4110022
3000022
4024000
411400
1210141
1120030
1210114
3000124
1120000
1120003
313111
3000121
4110121
2410300
223003
112411
223000
1333000
22300
3000112
1132300
1034002
4110112
22303
1034020
2230030
1120033
223030
22330
141112
2140000
2140003
141121
4110202
4102003
4102000
2140030
2312002
403300
3000142
1120114
2111302
3000133
1243000
3131200
2111311
1042300
2312020
2111320
1124200
1210222
2230111
1120111
223111
3000232
133003
133000
22411
2320300
141202
2222002
141211
3000241
1120141
3041200
3004300
133030
141220
3000202
1411000
1210303
1411003
1210300
4102030
3000220
3000223
4110220
3000214
2402200
4110211
3000211
4012030
1411030
1112020
1112023
1210330
1120222
313300
2002
1112002
3000313
1034200
4012000
3000304
4012003
4102111
2020
2222020
2023
2140111
2032
1112032
133111
43000
43003
2132002
2132020
43030
1112113
3000331
2312200
3000322
1411111
211003
3000340
1210411
211000
1321000
2431000
1120300
2230300
1120303
1321003
2300002
3111022
2113
3000430
424000
223300
3000421
3410020
1321030
1112131
2131
2300023
211030
2134
2300020
2222200
211033
141400
1120330
2143
3410002
43111
1403002
3000412
4012111
3111004
3000400
3000403
4110400
1321111
1104022
1231003
1231000
1120411
2042002
1104004
2200
1112200
1403020
2203
1112203
4102300
2300032
1231030
211111
211114
121000
121003
2341000
2140300
3111040
2224
334000
133300
2230
1112230
1104040
2233
2042020
2300131
2242
211141
121030
2132200
121033
4303000
1104112
3320020
3111112
1112311
1313020
1104121
3320002
1411300
2300113
203002
1014004
3111121
1313002
2302
1112302
3230002
3111211
2311
2300203
1014022
2314
2300200
203023
3111202
203020
2320
1112320
330004
2323
1231111
211222
121111
1014040
3103030
1141000
1141003
3111220
203032
121114
4000033
2332
4000030
244000
330022
43300
2341
3410200
4012300
3103003
121141
3103000
1141030
4000000
330040
4000003
1321300
1104211
4123000
2042200
4213000
1223002
1104220
4000114
4000111
1403200
1104202
211303
2300230
412003
412000
1141111
1014121
211300
203113
113002
2413
1014112
3230020
2422
412030
203131
113020
113023
1223020
2431
211330
2300320
330112
121222
2202022
113032
3013030
330121
3140002
2202040
3140020
1313200
3013000
3013003
3103111
2030002
2300302
4000141
2300311
1014202
2202004
3320200
203203
203200
1014220
3111400
3230200
412111
1014211
1133020
2030032
211411
322000
4033000
1432000
121300
1231300
121303
322003
113113
2030023
2030020
3013111
23002
1133002
203230
2411002
330202
4000222
330211
330220
322030
113131
23020
23023
121330
23032
1104400
4201030
2112040
1301023
1301020
4000300
4000303
1301002
2202112
1342000
2112004
203302
1141300
2411020
2202121
203311
2030131
113200
113203
1223200
1043002
2112022
322111
203320
1301032
2030113
232003
121411
2202211
232000
1043020
3140200
2321002
23113
2202220
113230
2112112
2112121
23131
232030
2321020
2030203
2030200
4201000
1211002
1301113
2022004
4201003
3103300
3304000
4000330
2202202
3214000
1133200
3300022
400003
400000
2022040
4111030
2030230
412300
1211032
1014400
3300004
314002
113302
400030
1301131
2022022
3013300
1211023
1211020
113311
314020
23200
23203
4111003
330400
4000411
4111000
400033
113320
232111
142003
142000
23230
2030302
1301203
1301200
142030
2231020
4201111
2104000
2104003
2411200
400111
1211131
2112202
1420030
1121020
2030320
1121023
2112211
400114
1420000
1420003
2022121
322300
2231002
2030311
3300040
1211113
1121002
2112220
1301230
2104030
2022112
224002
2202400
23302
400141
3124000
2104111
1043200
23311
4402000
2321200
4201300
224020
23320
1121032
4021030
142111
3300112
2022202
1301302
3300121
1301311
2014003
2014000
4021000
4021003
4111111
3300211
1330000
1330003
1121113
4021111
1211230
3300220
2014030
1211203
4103020
1211200
2022220
1031002
3300202
400222
1420111
1301320
314200
2022211
220003
1031023
220000
1031020
4103002
2440000
2141002
433000
232300
134002
1031032
1330030
1121131
2141020
220030
4312000
2014111
220033
2231200
134020
1412020
1121200
1121203
400303
400300
1211320
1330111
1113022
2112400
1211302
302002
1412002
3004
1113004
1211311
3034000
302020
1113040
302023
1031113
224200
2104300
400330
1240030
220111
3022
1240003
220114
1240000
302032
1031131
3030004
3034
343000
3202030
142300
1121230
3202000
3040
4013020
3202003
3043
220141
4013002
4111300
3300400
1322002
1121302
1113112
4021300
1121311
3202111
1420300
400411
4103200
2022400
302113
3030022
3112
1031203
1031200
2141200
1322020
1031230
1113121
3121
3124
3030040
302131
1121320
134200
1240111
220222
3133
40000
2014300
40003
3142
3030121
2002003
3030112
2002000
40030
40033
1113202
1330300
1113211
3112003
2002033
3112000
4222000
2002030
3112030
302200
1412200
302203
3112111
1031311
3202
1232020
1031302
3211
220303
421003
421000
3214
220300
1232002
302230
3030202
3220
1113220
1031320
3223
3022003
2211004
3022000
4132000
421030
3232
4300000
2002111
4300003
220330
3241
4013200
40111
40114
4300030
2211040
2002141
3403000
3202300
1322200
40141
1101022
302302
2002114
1101004
3022030
1101040
3030220
302311
1142002
1101043
3304
3030211
2211022
421111
3313
302320
220411
3322
1101034
1441000
331000
1240300
331003
32002
3331
2420002
2211112
3340
2121004
4300111
4210000
2420020
2211121
4210003
331030
32020
1142020
32023
40222
2121022
32032
1310002
1113400
1101112
4042000
3104002
4210030
2002222
3022111
1011004
3104020
200002
1011022
3112300
1310032
1101142
3400
3403
413002
1101121
200023
1310023
3412
1101124
114004
1011034
200020
1310020
2203000
2203003
3313000
413020
1232200
3421
1101133
3014002
2002303
2002300
331111
200032
3430
114022
241003
241000
40300
1011043
40303
1011040
2121040
32113
114040
2121121
1101202
32131
2002330
241030
2330020
40330
1101211
1101214
1310131
1101232
2211202
1011112
3014020
1142200
1101241
2211211
3030400
2330002
421300
1310113
200113
1011133
1101220
2211220
2203030
1101223
2121112
1011124
323002
1011121
200131
114112
200134
2203111
2113000
323020
32200
114121
1011142
2113003
32203
2420200
200143
2121202
241111
40411
2121211
4120030
32230
3104200
1310203
1101304
3223000
1310200
3022300
2002411
4120003
4120000
4210111
1011214
1130002
1101331
1011211
1310230
200203
200200
1101340
4030000
1011202
4030003
4120111
1101313
3014200
413200
1011223
1101322
114202
1011220
2240002
331300
1130032
20002
114211
200224
2121220
200230
2113030
1011241
233002
200233
114220
32302
1011232
200242
20020
1130020
1130023
2240020
32311
20023
4411000
4210300
233020
32320
20032
2023003
2023000
1101400
1101403
4300300
1310302
4202002
1310320
4202020
1212022
1101430
3133000
1011304
2023030
2211400
200302
4030030
1310311
200311
1101412
1011322
1212004
2113111
200314
2330200
1101421
1011313
200323
1130131
200320
1011340
2404000
323200
2203300
3002020
3002023
1011331
200332
1130113
20113
3301030
3043000
442000
200341
241300
4202200
143002
2121400
1212040
3002032
4030111
20131
20134
4321000
4112020
143020
20143
3301003
3301000
4112002
3002002
1212112
1011403
3301111
1122004
1011400
3211000
1421020
1130200
1130203
3211003
1212121
4022002
4120300
1011421
2023111
1011412
200413
311002
1421002
114400
200422
1130230
311020
20200
1011430
1122040
2240200
311023
20203
200431
233200
1122022
311032
20224
2101030
20230
2101033
20233
20242
4231000
1212211
3211030
2101000
2101003
3002113
1204030
1331002
1212220
1130302
1204003
1204000
2314000
2113300
1212202
4022020
3002131
1130320
3121003
3121000
311113
20302
1122112
1130311
3211111
2101111
20311
1331020
1122121
2101114
20314
3002230
311131
20320
4030300
143200
20323
2011003
2011000
20332
3002200
20341
3002203
4112200
1114000
1114003
4022200
1421200
3301300
2011033
2011030
3203002
1122202
3002302
303004
2023300
1204111
4000
2224000
4003
311200
311203
3121030
303022
1241020
1122211
2101141
430003
430000
1241002
311230
131002
20413
1122220
4030
1114030
4033
303040
2220004
2101222
20422
430030
131020
131023
20431
2134000
2220022
3031030
131032
1212400
1110004
3002311
1114111
2011114
3031003
3031000
4141000
3121111
2011111
3203020
3002320
