30032330
300323300
2
30233030
30020033
330300320
33303020
230000033
20
30030302
23
330030002
30200300
32
330300302
3000332
332033000
30200303
2003003
2003000
33303002
330032003
230000030
330032000
3000320
3000323
20300033
303303200
230000000
330032030
230000003
30030332
30030323
30030320
2300003
2300000
2003033
2003030
23030033
330200033
23030030
30030233
30030230
2300030
33020330
3033203
3033200
203003000
203003003
303200
30233000
30032303
30233003
30032300
303203
233000330
300200333
30020003
30020000
330030023
330200003
330200000
300200330
330030020
333200300
330200030
30020030
33020303
303230
33020300
330030032
203003033
330300203
303000203
3330230
303233
330300200
303000200
300200300
323300300
300200303
233000303
230303030
233000300
203003030
300030323
300030320
3023033
30323030
3023030
300030332
203300030
300020033
3033230
230303003
200000330
230303000
32000330
2300033
300233030
32000333
303033002
200000333
303000233
333020030
300032330
330003203
320003003
303203003
303000230
3330203
320003000
303203000
3330200
330003200
303002303
323030000
30030203
323030003
30030200
303002300
303033020
303332000
3023003
330003230
3023000
233330000
333020000
333020003
300030302
203300003
203300000
200330033
300020000
300020003
303302
32330030
200000303
320003030
32000300
303203030
3033320
303330002
200000300
32000303
200
332000000
332000003
233033000
320003033
203
3330302
300233000
300032303
330003302
300233003
300032300
20333030
3320033
330003320
3203300
20003300
303002330
20003303
332000030
3203303
303320
200330030
30333200
203300033
300020030
303323
200330000
303332
333030200
303000302
200330003
323003300
200033033
332000
332003
230
332000033
320300030
330300230
233
200033030
33002
3320030
330302300
32033030
303330020
3320003
3320000
320300003
300030230
30323003
30323000
320300000
203003
3033302
203000
332030
300030233
2300
33020
20333003
32330000
20333000
32330003
3332300
2303
33023
32033000
3230000
3230003
32033003
303000332
200033000
332033
200033003
320033300
33032
30200000
303000323
30030023
30030020
30200003
303000320
200303330
30200030
203030
330002
300030203
203033
2330
300030200
30030032
2333
330020
3330320
330023
32303300
320330300
30200033
302
330300032
33200330
300323030
3203330
200303300
330032
200303303
323003000
302003000
323003003
302003003
320
30300302
333200030
323
2333030
33030320
30032003
30032000
332
30003332
30032030
33200303
332303000
302003030
33200300
302003033
333200000
300323003
333030020
300323000
333200003
3230033
30300332
302300000
33030302
302300003
2333003
2333000
30032033
30300323
30300320
33020033
300333200
30030002
2003303
302300030
2003300
3230030
303033200
330302000
233000033
330302003
30333002
302300033
300200033
30300233
30300230
23300330
20003000
2300330
33020030
20003003
303330200
2300333
30302303
330003002
30302300
30333020
33233000
303023003
33020003
33032300
203333000
303023000
33020000
333032000
2003333
2003330
23003330
233000003
233000000
300200000
300030023
300030020
300200003
333030002
23300303
23030003
2300303
2030003
2030000
33030230
23300300
23030000
2300300
30003302
33200
30003320
330230300
30003323
300030032
33203
30302330
303023030
300200030
233000030
203003300
203003303
33030200
300032033
33030203
300300323
300300320
32000033
30003200
200000033
303320030
30003203
300300332
20300030
3023330
330300002
33230
2030033
2030030
300030002
203300303
33233
203300300
303320000
20300000
323003030
20300003
303320003
30003230
23000
330300023
203003330
23003
330300020
3320303
330200
3320300
330203
300032003
300032000
330003023
323300000
30300203
300003332
323300003
30300200
20003030
330003020
200000003
20003033
32000000
30003233
300300302
203030000
3023303
203030003
3023300
200000000
32000003
23333000
330230
330003032
203300330
200000030
32000030
303203300
23030
23003303
23033
323300030
23003300
300032030
330233
330302030
320330003
320000
300332003
230330300
300332000
320330000
320003
300000230
203030033
300000233
33033200
300033002
332300
332303
32300000
303020033
32300003
303030302
32300030
320033030
23303030
33302
203030030
233003003
300332030
333003200
320030
233003000
300203000
330320300
300002300
300033023
300002303
300033020
300203003
300303302
230033300
203303
320033
203300
33320
300000200
300000203
33323
30303203
30303200
330023300
332330
30303230
32003033
33332
333300200
23303003
3320330
320330030
23303000
330302
320000303
303200303
320000300
32003030
303200300
300303320
303030320
302303300
203330
3302003
3302000
200303030
203333
200303033
20030330
3230330
30000002
20030333
32003000
32003003
330320
330323
2333300
3003002
320000330
303200330
330332
30000020
30000023
320000333
200303000
302033000
30000032
200303003
302033003
20030300
3230300
20030303
3230303
230003
230000
33000323
33000320
33000332
23000030
300303203
3300023
302033030
300303200
3300020
230030
3300002
230033
302330000
332030300
302330003
300303230
33330020
30002000
33000302
30002003
23000003
23000000
330230030
3003020
3003023
3302033
30002030
302330030
302000300
33203030
33002330
33330002
302000303
3003032
30002033
3302030
23000033
2030303
33203003
300000032
2030300
33203000
33033020
33002303
302000330
33002300
302000333
33000230
33033002
30303002
333003020
33332000
33000233
30303023
30303020
2030333
300000002
2030330
333300020
3300032
300000020
300000023
30303032
33000203
33000200
333300002
303020303
20030000
20030003
303020300
23300
203030300
30020303
203030303
30020300
23303
330203300
320000030
300002030
300002033
320000003
320000000
230330030
20300333
230000300
30233300
230000303
20300330
30020330
23330
203030330
333003002
303020330
23333
30020333
320300
230330003
230330000
320303
333302000
330320030
230033030
330320000
300002000
300002003
320000033
20003330
330320003
20003333
20300300
20300303
23030303
23030300
320333
300303023
323000330
300303020
3003233
320330
303303002
3300203
3300200
33303200
330230003
330230000
300303032
20030033
23030330
3003200
3003203
3003230
230000333
303303020
300303002
230000330
20030030
332030030
3302330
300020330
3003302
300020333
200030333
302033300
3003320
200030330
3003323
33000032
330033200
230303
303002003
230300
303002000
33000023
303002030
33000020
30323300
300020300
3302303
300020303
3302300
3333020
200030300
300233300
200030303
302000
3300230
33000002
302003
3333002
302330300
230330
3002
3300233
230333
303002033
30200333
20333300
332300300
30200330
33002033
302030
3020
303000002
3032033
3023
32330300
3300323
3300320
320303300
302033
303000023
3032
33002030
303000020
3030002
230033003
330023030
230033000
3300332
33002003
300002
33002000
330330200
3003332
3032003
3032000
303000032
330023003
3032030
300020
330023000
300023
320033003
332030003
332030000
320033000
32033300
3300302
230303300
200333300
300032
330000302
33302000
33003002
30203330
33302003
20000033
3200033
330330020
2303030
2303033
30330320
330330002
33230300
3030023
3030020
332003300
3200030
20000030
3200000
20000000
330002330
20000003
3200003
2303003
330203030
230300033
2303000
30230000
30230003
3030032
30332300
203303003
203303000
3323003
3323000
303003203
30320003
30320000
303003200
30320030
303003230
23000333
23000330
30033302
3333200
30033320
330000332
203303030
30203300
330000323
300230030
30203303
330000320
333230000
233030030
30320033
30330302
300230033
303300203
303300200
2000030
3200
3203
30033230
303302300
23033300
320303003
230003000
230003003
320303000
233030003
33320300
30023003
30023000
233030000
323330000
300230000
303300230
30330203
3030203
300230003
30330200
3030200
2000003
2000000
333320000
3230
23330300
320303030
3233
200030030
3323030
32030030
300203330
303003302
233300300
323000300
300200
323000303
300203
33023300
30023033
300330320
303003320
30330230
32030033
30023030
200030033
2000033
300203300
333023000
3032303
330033002
3032300
330000233
300230
300203303
230300030
32300330
233003300
203000030
300320033
300033320
303032003
3020003
330000230
300233
3020000
303032000
333002
3020030
330332000
303032030
330002303
330203003
330203000
20303330
330002300
330033020
32030000
302300
300330302
230300003
203000000
20033000
3233000
333020
230300000
203000003
200300330
20033003
3233003
333023
32030003
302303
200030000
200300333
303300302
200030003
32300300
330000203
230003030
32300303
330000200
300320003
300320000
3302
200003330
323033000
32003330
300332300
230003033
333032
200003333
20303300
20303303
303300320
300033302
3030233
203000033
300320030
3030230
3320
302333
30033203
30033200
3323
200300300
303030002
302330
200300303
32000
32003
3332
30000332
303030023
30000320
30000323
300302
303030020
330000032
200003303
32003300
303200030
200003300
32003303
300330230
303200003
303200000
3030332
200333030
300023030
300023033
302303000
3200300
323303000
3030323
32030
3030320
332003030
302303003
3200303
303030032
32033
3032330
300320
32333000
300323
300332
330000002
300033230
332300003
332300000
3020033
332300030
3030302
302303030
30002
303200033
33230030
3233030
200333000
300023000
300023003
200333003
330000023
300330203
300330200
330000020
200003
2303330
30033032
200000
30020
30023
33230003
33230000
320030303
320030300
330303200
30032
300033203
300033200
30002330
30002333
30203033
333000320
30203030
30330002
200030
200033
2303303
2303300
30000302
320030330
30330023
30330020
303323000
332003000
332003003
2033003
2033000
3200330
3200333
30330032
323000000
302000000
30000200
30000203
323000003
20303030
302000003
30303302
20303033
23330030
2330030
2330033
333200
2033033
3323300
333203
30303320
23033030
2033030
203303300
330303020
323000030
302000030
33203300
30000233
30033002
323000033
302000033
300000320
33320030
300000323
330303002
333230
20303000
30332003
300000332
20303003
30332000
30000230
23330003
2330003
30332030
203033003
23000303
2000303
203033000
23000300
2000300
23330000
2330000
30203000
303030203
30002300
30033023
30002303
30033020
30203003
303030200
333000302
33320000
323000
33320003
323003
33023030
300330023
300330020
233300003
330002030
233300000
203330003
203330000
300000302
333000200
323030
333000203
2000333
2000330
300330032
233300030
303030230
330002033
203033030
323033
303032300
333203000
33330200
333002300
23303300
300033032
303020003
33023003
32300033
303020000
33023000
203330030
200300033
303020030
300203030
333302
23033003
300330002
233003030
203000300
203000303
23033000
330002003
30200
303233000
330002000
300002330
30203
300002333
300203033
333000230
20033330
3020333
33323000
3020330
300003302
20330303
20330300
333320
200300030
200300000
320003330
203000330
200300003
203000333
30230
320300303
30233
300003320
300003323
320300300
300302330
320030003
20000
300300230
303230003
3020303
303230000
3020300
320030000
20003
23003003
20033300
3233300
23003000
20033303
233003
233000
32300
300333002
32303
300300233
200003033
300302303
300302300
300333020
200003030
320300330
20030
233303000
300003233
330020330
20033
320030033
233030
233033
32330
3303032
302333000
32333
300300203
300300200
30300032
230030330
200003003
200003000
32303030
33200033
303230030
323030300
320030030
3303023
3303020
30302
300003200
300003203
302003300
33200030
330020303
302003303
330020300
33030032
3303002
230030300
230030303
20330330
200303
200300
33030023
30320
33030020
30323
32303000
32303003
33200003
33200000
30332
300003230
30302030
302003330
3002030
30003020
33030002
30003023
302300300
2033303
200330
302300303
2033300
333000020
200333
333000023
30003032
333000002
2330303
3002033
33300320
2330300
30302033
23300033
330200330
33032030
30300002
2033330
302300330
302030000
33300302
302030003
33032000
30300023
333000032
30300020
33032003
3002000
3002003
23300003
23300000
23003033
23003030
333002000
333002003
303023300
3000032
203033300
302030030
33003320
302030033
30230300
33003302
30230303
23300030
323300
33302300
203330300
323303
300300032
3000002
30003002
30230330
333002030
303320300
2330330
3000020
33300230
3000023
30302003
30302000
30320330
300300002
230030000
230030003
330233000
323330
20330033
330032300
330020003
330020000
3303230
230300330
3303203
300300023
3303200
300300020
33300200
330020030
320300033
33300203
20330030
20000300
20000303
20330003
20330000
300302030
33003230
300003020
300003023
33003203
230300303
230300300
230003330
20033030
300302033
33003200
20033033
300003032
330030230
330200303
330200300
20300
30023303
303230300
30023300
323030030
20303
233303
333020300
300302003
300302000
233300
330030320
300003002
300230330
30320303
30320300
230030033
303302000
303302003
30023330
330020033
20330
20333
233330
330030302
303003002
300230300
300230303
230030030
20000330
20000333
233030300
303003023
332000330
303003020
3000233
3033002
3203000
330323000
3203003
3000230
3332030
3332003
3002300
3033023
32030330
3332000
3002303
3033020
303003032
303302030
303002
303300023
3000200
3000203
303300020
303020
200330330
3303320
303023
300320330
303300002
32030300
3303302
32030303
33300032
303032
3330032
30230030
300023330
3000302
33300020
300320303
300320300
33300023
200330300
200330303
2000
330030203
230003300
230003303
2003
330030200
303300032
3330023
3330020
302030300
30230033
200033330
332330000
33300002
320333000
302030303
3330002
332000300
300023300
332000303
3203030
300023303
3033032
3203033
2030
33003032
3002333
2033
230333000
33302030
320003303
320003300
3002330
200033300
33003023
302030330
200033303
33003020
