311300
230002100
2
300012002
120031010
23200100
3113000
1032200
213002
21021002
300012011
11
14
213011
140200010
3031100
20
300012020
23
140200001
2310200
21021020
131102
11010230
213020
32
41
321000200
44
11010200
131120
11010203
400300010
232001000
400300001
120031001
300110300
120113000
201100220
213110000
110020301
2130020
31130000
310121000
210210002
201100202
11010302
110020310
120031100
40010300
300110210
23200001
210210020
101
23200010
104
20300120
110
213101
22004000
113
2130002
20300102
21201200
213110
101222000
302011001
122
20300111
2130011
2212001
401201000
100042100
302011010
131
131201
134
20300210
131210
110020103
110020100
200002400
2212010
140
143
2130101
10240010
100124000
300110201
20300201
10240001
110102030
201100130
2130110
203001020
113002010
203001011
110020130
113002001
203001002
23020010
201100100
201100103
23020001
21103100
110200400
200
113002100
203
300110120
10322000
213200
212
21103001
302011100
111003200
221
200330000
224
21103010
320001011
230002001
110020202
230
131300
20120021
100042001
233
33002
100042010
200002310
20120030
320001020
230002010
20120003
301011200
110020220
242
20120000
33011
201100040
300110102
122030000
320001002
10240100
33020
140200100
20120012
10011032
201100031
20021300
22102100
201100022
304010000
1311002
203001110
201100013
420010010
20103200
112003001
203001101
10011020
41010020
200002301
201100010
10011023
201100004
420010001
211013000
201100001
210210200
41010002
2212100
300110021
202100012
202100003
140102000
21201002
202100000
300110030
302
230100101
202100030
210030002
311
22020200
2130200
1311020
230100110
314
202100021
210030011
21201020
210030020
320
323
200002220
200002211
30032000
332
33101
300110003
100140200
300110000
101042000
341
22020101
402020000
33110
22020110
230100200
300110012
321000002
111020030
110004200
203001200
321000011
31310000
100222100
112003010
200002202
140020010
321000020
4211000
140020001
100304000
420010100
111020003
111020000
400103000
230100020
3310001
321000101
3310010
110102300
321000110
202100102
401
202100120
404
230100002
2032010
410003
410000
122210000
102320000
410
410012
230100011
413
2032001
111200000
200002121
233000000
111200003
410021
422
410030
10142000
200002112
110004002
431
33200
440
11010320
200002130
110004020
400021100
301011020
111200030
110020400
20300021
100222010
400021010
231001100
100222001
20300030
301011002
11420000
20300000
20300003
200100410
20300012
200002103
140020100
200100401
400021001
200002100
202100201
10011002
24101000
1131002
2114000
410102
1311200
202100210
2032100
200002031
311120000
200100320
200002022
410120
200002040
1131020
10011320
30000104
200100302
103040000
4031000
12010130
3310100
30000110
30000101
200002010
24200000
30000122
112002200
20022020
200002013
30000113
402200000
200002001
200100311
320000300
10011302
200002004
1213010
30000011
1000013
201001400
1000010
202100300
121030001
110200022
30000014
113100020
301110200
30000002
1000004
121030010
110200031
1000001
110200001
1000031
202002011
231002000
110200004
400201100
202002002
1000022
110200010
12010220
1213001
110200013
30000020
30000023
22201100
113100002
410201
30000041
1000043
20022101
410210
21300002
1000040
30000032
200100230
1000034
12010202
202002020
21300011
20022110
230003
21300020
230000
20104001
20104010
110200040
230012
110003210
200100200
200100203
230021
410000120
22103000
20022200
230030
110003201
12010040
200100221
210030101
12010022
410000102
20104100
12010031
200100212
210030110
12010004
201001310
12010001
1000103
12010013
1000100
21300200
12010010
201001301
1000124
202002110
3130010
100321100
1000121
410300
22021100
3130001
1213100
202002101
1000112
21300101
12010103
204001001
200100140
1000142
22021010
12010100
100403000
312002
10011230
1000133
21300110
1000130
200100131
312011
312020
3212000
1131200
330011000
303010010
230102
10011200
22021001
204001010
3130100
10011203
230111
303010001
102221000
121030100
200100110
410000021
200100104
400201010
200100101
110003300
141200000
230120
11240000
410000030
410000000
420011000
410000003
400201001
30131000
301110020
200100122
210030200
410000012
200100113
201001220
301110002
231100100
1000202
320000021
141020000
100321010
201001202
20120120
320000030
110200220
20202020
1000223
320000003
111003020
320000000
202002200
1000220
100321001
40010102
113100200
20120102
12010400
1000214
23020100
110200202
1000211
320000012
312101
410000210
401020100
110020013
110020010
200100041
20202002
1033001
1000232
110020004
312110
200100032
110020001
20202011
110020031
310301000
110020022
20300300
410000201
230201
303010100
1033010
1000241
101320010
230210
20202101
2311010
200100014
110020040
200100011
40010021
421010000
300012200
20202110
101320001
40010030
200100002
23102000
21021200
201001130
401102000
200100020
200100023
110102000
1000301
110102003
204001100
211030001
110200310
320000120
211030010
203100020
203100011
40010003
40010000
320000102
201001103
10241000
1000313
201001100
203100002
1000310
2311001
110200301
320000111
40010012
1000304
40010210
1033100
1000331
401020001
12010301
312200
401020010
1000322
30311000
120014000
10421000
101402000
1000340
230300
2311100
132002
20120210
300012101
231100001
132011
201001040
231100010
101320100
300012110
4310000
210014000
110200100
110200103
132020
200231000
20120201
40010201
201001031
102041000
320000210
20022002
201001022
1410002
201001010
20022011
201001013
201001001
110200130
1000412
203100110
201001004
320000201
410000300
1000403
203100101
20120300
1000400
22201010
1000430
111003002
1001
40010120
1000421
20202200
1004
3032000
12010310
1410020
1010
214001
1013
214010
22201001
1022
201003002
20301110
31000031
102122000
100041200
1031
132101
201101300
1034
132110
401200100
112100003
112100000
13010120
31000022
112100030
1040
320100101
31000010
1043
31000013
120030002
31000001
20301101
2131001
202000400
320100110
120030011
31000004
111002300
300013001
100123100
200200130
31000040
102040100
120210200
300013010
22300001
440000000
30230000
22300010
121013000
200200103
200200100
113001200
1100
1103
214010000
200200121
214100
1112
200200112
302012000
10110203
1121
10110200
2131010
120030020
401200010
230001110
1124
401200001
103400000
132200
1130
1133
13010102
21022001
140201000
100123010
1142
400004000
230001101
21022010
320100200
2000030
113001020
300111200
200200040
2000024
2000021
1410200
100123001
20121020
22300100
2000012
13010003
13010000
113001002
23021000
20121002
13010012
2000003
2000000
1230002
220400000
200200013
13010021
200200010
20301200
13010030
10110002
2213000
1230011
200200004
411000020
210012200
200200001
200200031
120030101
1202
2000042
200200022
120030110
1211
2131100
411000002
1214
2000033
30410000
21104000
320002001
1220
230001011
203000030
1223
320002010
230001020
100041020
10110032
203000021
20203001
1232
101303000
34001
30000410
21022100
203000012
1230020
30000401
203000000
1241
203000003
34010
100041002
10110023
10110020
120030200
230001002
2000123
2000120
100221200
2000114
4130000
2000111
2000102
402101000
100303100
103220000
1230101
30000320
321001001
1230110
400102100
200003300
110003102
321001010
10012040
21202001
2000141
1301
1312001
1304
21202010
201101030
2000132
1310
1312010
203000120
1313
123110000
1322
1331
201101000
34100
203000111
201101003
1340
110003120
400020200
203000102
43010000
2000222
21120002
112002020
2000213
231000200
2000210
12011003
24020000
120210020
12011000
300111020
140021000
400020101
2000204
21120020
2000201
100303010
400020110
10012100
10012103
303110000
200003210
112100300
100303001
30000302
200003201
1230200
2000240
1312100
301012100
2033000
120210002
1400
2000231
300111002
10012130
1403
411002
30000311
112002002
323000000
30000200
30000203
1412
23201000
21120200
411020
203000210
10110230
1421
203000201
30000221
1430
30000212
320100020
40110020
400102010
100221020
2000312
400102001
3311000
321001100
30000230
2000303
2000300
100221002
110003003
320100002
110003000
13010300
101123000
320100011
110003021
10110302
30000140
110003012
30000131
100401200
200003111
301012001
400200200
2000330
40110002
110003030
200003120
301012010
2000321
13010201
231000101
400020020
13010210
20301011
10012031
20301020
231000110
10110320
10012022
1132001
102401000
10012010
203000300
400020002
200003102
200101400
10012013
411000200
21202100
10012001
1132010
400020011
10012004
20301002
110330000
30001100
2000411
30001103
110002310
120013100
410001020
2000402
100140020
20023100
10012310
102400010
30001112
10012301
410001002
100140002
102400001
401003000
22022000
1214000
30001130
1001003
122012000
200003021
1001000
101204000
30001121
21301100
200003012
100320200
1001021
2410001
2000420
1001012
200003030
10340000
2410010
1001033
411200
14010002
100402100
114000002
1001030
21301001
103121000
101040200
30001031
1001024
200003003
2410100
300210101
200003000
200101310
1132100
3131000
21301010
200101301
30001040
231002
300210110
220040000
1001042
114000020
231011
202001003
202001000
10012400
41010200
231001001
110002400
231020
14010020
400200110
231001010
202001021
102400100
202001012
400200101
310400000
300210020
1001102
31000400
200101220
213011000
202001030
400200020
400200011
110002202
100320110
400200002
40011002
310220000
100320101
30001001
100001
12011030
110002220
20400020
1001132
10012220
30001004
100004
100402010
112001030
100010
100013
1001123
100402001
313001
1001120
10012202
20400002
300210002
313010
303011000
30001022
100022
30001010
140300000
30001013
20400011
100031
231101
200101202
300210011
23300000
100034
202001102
3000041
231110
201002300
100040
100043
3000032
20400101
2230001
2230010
20400110
3000014
3000011
200101130
202001120
100320020
3000002
100320011
1001213
110002301
1001210
102220001
100320002
3000020
3000023
1001204
102220010
1001201
130040000
1001231
200101100
200101103
3000110
101024000
3000104
100100
100103
3000101
313100
11012000
1001222
11012003
111002000
111002003
42010001
22120001
100112
11012030
3000122
1001240
100121
201002210
42010010
22120010
3000113
100124
1034000
201002201
204000011
231200
100130
100133
210013100
102302000
204000002
31000310
100142
202001210
302110001
111002030
31000301
20203010
202001201
302110010
204000020
220220000
410001200
212012000
20121200
320001110
31000220
204000110
200101031
31000211
204000101
31000202
102220100
1001303
1001300
200101040
320001101
3000140
200101004
2312000
200101001
1001321
20203100
100202
3000131
40011020
1001312
100211
201002120
200101022
42010100
2230100
100214
200101013
1001330
100220
100223
200101010
114000200
412000010
230001200
100232
3000230
133001
201100400
201002102
14010200
412000001
133010
100241
12011300
302110100
140120000
31000130
330110000
202001300
320001200
40011200
3000200
402002000
3000203
232000100
322000001
3000221
1001402
112001300
3000212
420110000
310040000
322000010
22202000
3000302
1001420
400003100
100301
300013100
210013001
2000
100304
2003
20023010
102040001
322000100
232000001
201002030
210013010
100310
100313
3000311
2012
232000010
201002021
102040010
204000200
31000121
100322
2021
201002012
201002003
20023001
2024
31000112
412000100
201100310
100331
201002000
2030
120013001
133100
2033
201100301
120013010
100340
22120100
2042
31000100
31000103
240110000
2132000
301210100
201131000
200410100
12110000
120000302
12110003
221300000
120000311
322100000
22301000
20220200
31001030
230000021
210011300
20302100
230000030
3000320
100400
100403
130011020
102010400
230000000
230000003
2102
230000012
100412
2111
2114
100421
2120
2123
230000120
200000420
100430
300014000
230000102
2132
21023000
230000111
2141
2001023
2001020
200410001
3410000
11012300
31001021
20040020
301210001
120000320
200410010
2001014
114020000
31001012
2001011
301210010
200000411
31001000
31001003
20040002
2001002
100421000
12110030
3000410
200000402
20040011
212010200
3000401
212010020
21400001
13011020
1231001
21400010
2001041
20040101
2001032
2201
2204
20040110
200000330
2210
20122001
2213
20122010
320003000
200000321
2222
1231010
212010002
240011000
110022200
120000401
2231
400220000
120410000
120000410
2240
32000300
200000303
130011002
103010021
200000300
20122100
2001113
2001110
111300200
103010030
100011320
2001104
100011302
200000312
2001101
20204000
1100021
201311000
1100024
2001140
1100030
1231100
103010003
1100000
103010000
1100003
2001131
112103000
2300
1313000
13011002
1100012
2001122
2303
103010012
3230000
200033000
120000032
300112100
2312
200000231
120000041
1100033
2321
4000040
103010102
330002
300030200
2330
1100042
200000240
330011
330020
32000201
200000201
4000031
2001212
120000002
200000204
100011230
120000014
4000022
120000011
2001203
2001200
220202000
120000023
4000013
30001400
321002000
120000020
200000222
100011203
100011200
10013102
4000010
200000210
4000004
32000210
220120100
4000001
200000213
20220020
120000101
12012020
4000121
143000000
1100120
120000110
1100123
4000112
120000104
112300001
2001230
41012000
12012002
20220002
120000113
1100102
131010200
30001310
10013120
4000100
4000103
112300010
2001221
30001301
400400000
120000122
20220011
2402
300112001
12110300
403100000
200000141
412001
300112010
103010120
2411
412010
200000132
330101
2420
1100132
300030101
21203000
330110
300030110
20400200
103010210
2001311
20302001
200000111
320101010
32000111
2001302
200000102
30001220
32000102
20302010
200000123
32000120
200000120
200000114
320101001
1100210
120000131
1100213
300030020
120000140
1100222
2001320
1100201
103010201
1100204
4000130
1100240
120000230
200000042
412100
10013021
13011200
200000033
10013012
110301020
300030002
10013000
201410000
302210000
10013003
113201000
1100231
300030011
110301002
1133000
2411000
330200
103010300
23120000
4000220
32000012
200213000
200000012
2001401
32000000
200000003
200000000
32000003
120000203
220022000
140100020
100011032
4000211
120000200
200131100
20220101
30001211
200000024
120000212
200000030
32000030
4000202
320101100
301013000
100011023
120000221
100011020
20220110
140100002
30001202
300210200
32000021
200000021
10013030
100012022
30002120
32001002
110202002
231000002
213010100
100110320
1100312
100012031
4000310
113102000
231000011
231000020
4000301
1002014
100012004
32001020
1002011
100012001
100012013
32001011
1100300
100012010
40110200
2001410
131010002
1002002
110300300
1100303
12012200
1002023
100110302
131010020
1002020
200131010
140100200
1100321
110202020
1002041
1100330
13110002
1002032
10210010
232001
20401010
10210013
21220100
232010
10210001
10210004
200131001
20401001
100110230
1100402
10210040
321100100
1002110
10210031
30002111
1002104
113020100
300211100
1002101
30100400
10210022
30002102
202000010
102010004
3001004
140002010
10013210
40012001
3001001
102010001
1002122
30100301
202000013
40012010
140002001
102010013
101000
10013201
101003
202000001
100110203
202000004
102010010
1002113
100110200
120131000
21122000
3001022
1002140
314000
1100420
202000031
30002012
101012
3001013
30002000
30002003
202000022
1002131
101021
30100310
3001010
110300210
101024
202000040
21040100
300211010
30002030
232100
101030
101033
30002021
102010040
4000400
102010022
101042
210110003
210110000
220121000
110300201
201032000
102010031
21040001
210110030
101240000
21040010
200311100
110120030
110120000
110120003
1002203
113020010
1002200
113020001
300211001
102010100
1002221
213010001
102010103
213010010
3001031
1002212
10013300
202000103
202000100
101102
202000121
1002230
2231000
202000112
20401100
3001040
33000200
111300002
10210202
101120
2100002
101123
130010300
102010130
3001130
202000130
110022020
2100011
3001121
241010000
31001300
101132
114200000
2100014
200311010
2100020
111300020
2100023
230000300
302111000
142001000
30100202
3001100
3001103
11013002
10030010
10030013
301030100
320002100
40012100
100110032
121130000
10030001
200311001
10030004
221120000
100110023
1002302
301112000
100110020
11013020
3001112
30100220
10210220
30100211
20040200
202000202
10030040
1330001
100110002
1002311
30100103
1330010
102010202
30100100
101201
33000101
30100121
101204
202000220
10030031
3001211
322001000
33000110
202000211
30100112
101210
101213
10030022
1002320
3001202
2100032
21400100
10210301
101222
30100130
2100041
140002100
101231
13110200
400121000
134000
102010220
22121000
101240
301030001
30100040
2100131
201130100
301030010
2100140
100241000
201212000
1330100
33000020
31001210
2100101
1002410
202000301
31001201
2100104
102010301
3001220
10210103
2100110
1002401
10210100
2100113
33000002
21302000
101300
1412000
101303
130010120
3002
2100122
202000310
33000011
101312
321100001
3011
3014
2100200
101321
110202200
321100010
10210130
2100203
3020
13110020
3023
102010310
101330
2100212
31001102
3032
210110300
130010210
2100221
30100010
3041
21220001
30100013
210012002
130010201
230000210
201130010
220301000
21220010
30100001
201130001
30100004
210012020
20024000
120311000
3001310
30100031
3001301
42011000
31001120
230000201
110120300
110022002
30100022
20041010
121310000
220021010
130010030
400301000
220021001
10030220
3001400
300310001
20041001
130010021
10030211
101402
300310010
3101
3104
130010012
2100230
3110
120032000
31002110
3113
130010003
31002101
101420
130010000
110103200
3122
40210001
210010301
110021300
3131
40210010
2100320
210010310
100010420
13012100
31002011
2002013
10030301
2002010
3140
112020200
220103000
130010102
2002004
31002002
20123000
2002001
100010402
31100300
100420010
101010002
100420001
101010020
101010023
2002040
200001410
2100302
220021100
2002031
101010032
2100311
2002022
31002020
10030310
3200
3203
10112030
200411000
3212
301211000
10030100
10030103
112020002
22040000
2100401
1232000
200001401
3221
210010130
112020020
10112003
10112000
2100410
222020000
10210310
3230
321200000
100010321
2002103
2002100
10030130
100010330
10030121
112200200
10030112
20041100
100010312
4001021
200001320
100010303
4001012
100010300
2002130
1101020
1101023
40210100
4001000
4001003
2002121
1101002
210010202
2002112
10030202
3302
13012001
401120000
210010220
31100210
13012010
21401000
3311
31100201
200001311
100010240
3320
11013200
1101032
10210400
331001
200001302
100010231
31100120
2002202
331010
220201001
120212000
112004000
100043000
220201010
100010213
100010210
100010222
31100102
120130100
101010200
101010203
200001230
100010204
200001221
100010201
320020001
2002220
101010230
113200010
320020010
240010100
4001030
2002211
113200001
200003
211010003
3100013
200000
211010000
3100010
3401
110300120
3100004
201230000
3100001
413000
200012
3100031
3410
40030001
240010010
11030012
22400000
110300102
200021
200001212
200001203
40030010
11030000
32001200
3100022
331100
200001200
113200100
11030003
200024
200030
4001120
240010001
10014200
200033
100010132
2002301
320102000
12013010
20221010
200042
4001102
141002000
101010302
211010030
100010123
20221001
100010120
12013001
202310000
100010102
200001131
1101200
1101203
11210030
4001210
200001122
300113000
4001201
101010320
320020100
2002310
20221100
300031100
200001140
31100030
210010400
200102
32001101
200001101
3100040
10014002
220201100
200111
20303000
31100021
200114
200001113
2330000
22220000
30002300
10112300
31100012
200123
11210003
31100003
31100000
200120
200001104
11210000
200001110
32001110
1101230
300031010
100010033
200132
401300000
100010042
3100130
200141
30002201
100010021
100010030
10030400
10014020
100010024
100223000
200001032
40112000
100010003
100010000
110300021
1101302
3100103
100010012
30002210
101420000
3100100
110300030
110300003
110300000
1003004
40030100
1003001
3100121
200001041
300031001
222200000
2002400
110300012
3100112
200001002
1003022
3100202
1003013
200201
100011002
1003010
200204
200210
11030201
3100220
200001023
200213
200001020
1003031
200001011
1101320
3100211
200222
200001014
20000
10211003
201000410
20003
10211000
200231
400022000
4001300
21041000
201000401
233000
20012
1003040
32002010
200240
20021
20320001
20024
32002001
110201000
110201003
20320010
20030
20033
100142000
20042
200132000
10211030
1003103
20320100
1003100
320200001
30003101
110201030
142100000
202130000
320200010
221021000
220300100
20402000
1003112
11030210
200303
121031000
200300
211010300
30003110
102002
1003130
102140000
102011
201000320
200312
1003121
120310100
102014
32100200
200321
3002030
30003020
102020
102023
20102
34000001
3002021
200330
30003011
34000010
111200300
201000311
20111
102032
20114
201000302
11210300
20120
102041
114002000
20123
12013100
3100301
20132
11030030
40013000
11030021
20141
302030000
320200100
112003100
3002012
42110000
14012000
3100310
3002000
3002003
11030120
300212000
1003211
400202000
1003202
200402
20140001
3002111
220120010
102101
300130100
200411
20140010
102104
1003220
3002102
201000230
220120001
3100400
102110
140003000
102113
34000100
201000221
200420
32100110
20201
102122
20204
32100101
201000212
201000203
20210
102131
30003002
201000200
120130010
20213
120130001
400120100
102140
20222
11030102
30101300
10031000
10031003
110021003
110021000
20231
2101031
20240
2101040
30101210
210011030
400120010
400120001
30101201
100240100
1003310
101321000
3002120
110021030
2101001
100322000
1003301
1331000
2101004
10031030
200312000
300130001
2101010
10031021
2101013
201000140
201000131
300130010
102200
102203
200230100
10031012
2101022
201000122
32100011
113003000
110201300
102212
221201000
110103002
201000113
32100002
30101120
20300
2101100
102221
20303
3002210
2101103
201000104
201000110
102230
20312
32100020
201000101
20321
10113020
10031102
20330
10113002
100240010
3002201
100240001
33001100
110103020
10211300
4100030
31002200
1200023
1200020
1003400
4100021
1200002
3002300
111020300
201000041
4100012
200230010
400300100
1200011
201000032
1200014
4100003
200230001
4100000
102302
4001
4004
30101102
102311
301031000
4010
2101130
201000023
4013
401021000
201000020
201000011
102320
300310100
1200032
20402
11030300
201000014
4022
430001
201000002
1200041
20411
430010
4031
220300001
30101003
30101000
20420
2101220
33001010
4040
220300010
21221000
120310010
30101021
120310001
33001001
12210020
30101012
1200113
112200020
12210002
1200122
321101000
30101030
112200002
2101202
1200101
100420100
1200104
210011000
1200110
210011003
124000100
102401
210001031
4100
21320000
31003100
4103
102410
200023010
101013002
4112
1200131
430100
210001040
2101301
241000010
101013020
4121
241000001
103110200
2101310
1200140
30200300
20042000
4130
12030101
400001012
2003003
2003000
4100120
12030110
400001021
10113200
100210130
30102011
112400000
200023001
314000000
4100102
30102002
400001003
400001000
30200201
1200212
2003030
210001100
210001103
4100210
100210100
100210103
12030200
1200221
2003021
4100201
1200203
1200200
2003012
31003010
10031300
40211000
30200210
1020014
310002200
1020011
124000001
220110200
30020012
30020003
30020000
4202
1020002
124000010
210001130
431000000
301040000
4211
30020030
1200230
122001200
1020023
202022000
1020020
4220
30020021
2003102
100210040
103012001
12030002
1020041
103012010
10031120
401000300
12030011
300401000
1020032
100210031
200121200
100210022
31003001
1102001
12210200
100210010
100210013
1102004
1200311
100210001
1102010
100210004
1102013
2003120
200203100
2101400
2003111
1200302
33100100
203300000
1020110
211000400
1020104
1102040
31101200
1020101
4301
13013000
1200320
312001100
101013200
1020122
4310
1102022
4002020
1020113
1102031
1020140
30200111
332000
4002011
210001004
311100002
30200102
200203010
1020131
210001001
401000201
4002002
210001013
4100300
12030020
10031210
401000210
30200120
210001010
130013000
220012010
10031201
241000100
210001022
220012001
311100020
30200012
100013300
4002110
1200401
20222000
1102100
12014000
1102103
4002101
1200410
30200000
30200003
410012000
120002102
210001301
30200030
33100010
10310030
311002010
2003210
200203001
33100001
120100400
311002001
10310021
30200021
210001310
2003201
1102130
1020203
103012100
1020200
34100000
201002
122001002
4400
201011
1020221
201014
122001020
1020212
201023
13210100
201020
401000102
11031020
200121002
3101030
1020230
201032
10310102
200121020
201041
13210010
301220000
13210001
401000120
200301200
3101003
3101000
100013201
110123000
1102202
212000201
100013210
132110000
120002120
201022100
212000210
11031002
3101021
10310120
20140100
2003300
40031000
3101012
210001400
201104000
311002100
1020302
3101102
120002210
31101020
110303000
201101
31101002
201104
201110
101210000
1020311
223010000
201113
203120000
101210003
1102220
212000003
201122
212000000
311100200
401000003
4002200
401000000
101210030
240001001
201131
401000012
220110002
212000012
1020320
401000021
210001202
100013120
212000021
201140
401000030
212000030
240001010
120002201
210001220
201022010
212000102
200301110
30003200
121100030
2200040
201022001
1102301
112220000
121100003
121100000
100013102
212000120
220110020
120002300
32002100
200301101
2200001
10310012
1004012
1430000
2200004
2200010
2200013
1004003
10310000
10310003
1004000
3101120
201203
1004030
201200
1020410
1102310
2200022
1004021
2200031
1020401
201212
10310300
2200100
2200103
201221
110040200
13112000
11031200
120100130
21002
313000100
201230
2200112
13030100
21011
31200200
21014
2200121
21020
21023
240000110
200301011
21032
240000101
200301020
120100100
10130102
31020020
120100103
10212020
21041
100014020
31020011
201120200
3101210
100030400
211001003
10212002
200301002
31020002
211001000
3101201
120100202
100014002
310100030
240000011
202301000
400000400
1004102
102110300
201202100
240000002
30004100
310100021
32003000
1102400
10130120
120100220
211001030
201302
3003002
310100012
1004120
310100003
103001
240000020
310100000
3101300
100112300
201311
103004
102012020
121001300
2200130
103010
103013
201320
21101
34001000
131012000
103022
21104
123000101
102012002
103031
21110
21113
123000110
103040
21122
240000200
310100210
21131
320111000
212000300
100030310
310100201
21140
3003020
2020031
201202010
10310201
1004201
2020022
100030301
2200202
3003011
201202001
31200110
2200211
2020013
2020010
13030001
31200101
2020004
201401
13030010
2200220
103100
1004210
103103
2020001
201400001
201410
120002021
403000001
10130012
31200020
430001000
120002030
10130003
103112
300041000
10130000
201400010
3003110
2200301
403000010
2102000
21200
103121
2102003
21203
2020040
2200310
31200011
103130
123000200
2102012
21212
31200002
10310210
400000310
313000010
30004010
310100120
41210000
120100301
21221
30004001
201120020
313000001
21230
3003101
110204000
120002003
10130030
100030211
120002000
311001200
400000301
100030220
120002012
20141000
310100102
120100310
201120002
10130021
210100100
41030000
210100103
1004300
400000211
32101100
30020300
2020121
14210000
400000220
100030202
10032020
2020112
10032011
201300200
213000101
2020103
100210400
2020100
10032002
213000110
400000202
121001003
310002020
121001000
11310002
403000100
310002011
103202
202121000
201400100
2102021
210100130
310002002
103211
2102030
103220
21302
310100300
102012200
2020130
21311
222011000
100030130
211001300
21320
2102120
200104100
200022200
400000130
100030112
103110002
220012100
100030121
32101001
1201010
100030103
100030100
2020220
21140000
1201013
11310020
100112030
312001010
1201022
3003200
2020211
210100202
121001030
2200400
201300110
312001001
30102200
2020202
100112003
2102102
100112000
10032110
210100220
201300101
32101010
1201001
10032101
1201004
100210310
123000020
120100010
1201040
10130201
100210301
103301
120100013
120100001
120100004
103310
1201031
30102110
123000002
120100031
2102201
21401
120100022
431000
30102101
123000011
210100004
103110020
4101020
21410
30020201
210100001
400000112
200104010
210100013
200104001
300221000
100030040
400000121
210100010
400000103
100030022
200022110
400000100
210100022
4101002
30020210
10130210
100030031
200022101
210100031
400000022
100030004
310002110
30020111
100030001
400000031
2020310
201300020
100030013
100030010
30020102
210100040
110024000
30102020
310002101
111302000
30020120
400000004
2020301
201300011
100210220
400000001
400000013
400000010
201300002
1201103
20321000
1201100
120100040
2102210
100210202
213000020
300002
10130300
33002000
200022020
103400
300014
300011
213000002
300020
300023
10212200
1201130
213000011
400000040
202201100
300140000
300032
210000002
210000014
122000201
300041
11130020
201302000
20010302
210000011
210000020
30103001
210000023
122000210
111203000
1201202
210000032
3200021
101012000
132011000
101012003
30021101
30103010
2004020
200024000
210000041
3200030
2020400
3200000
120001301
3200003
221010200
2004011
120001310
101012030
11130002
2102300
3200012
2004002
30021110
30021002
300101
1021004
1021001
3200120
313100000
300110
300104
32200100
1021022
201220010
300113
30021020
3200102
1201220
30021011
1021013
110400200
1021010
300122
120001400
201220001
3200111
20010320
210000101
110220020
14030000
300131
300140
1021031
210000110
204200000
210000104
4101200
110220002
210000113
20010311
130012100
210000122
1021040
110400020
202021001
4003001
100012400
1201301
1103000
1103003
1201310
20010401
2004110
12031010
110400002
20420000
202021010
103011002
20010410
2004101
1021103
32200010
1021100
1103030
310200020
32200001
340001000
300200
12031001
300203
300212
1103012
310200011
31004000
300221
30201200
1103021
210131000
310200002
30201101
300230
3020012
120002
1021130
120011
12031100
3020003
3020000
120014
3020030
12113000
10032200
202103000
11310200
130012010
120020
120023
230300000
30201110
100340000
3020021
130012001
113300000
100012310
120032
3200210
200040200
300320000
202021100
220011002
120041
122000300
1201400
1103102
103011020
2004200
3200201
100012301
4003010
1103120
20010032
111023000
110302100
20010041
204020000
300302
200204000
202001
300311
404000000
3102011
20010020
20010023
202004
200122100
202010
3200300
3102002
1021202
202013
120001031
4003100
20010002
300320
120101
102110003
202022
102110000
120104
210000302
20010011
1021220
202031
20010014
120110
120113
33101000
210000311
120001040
110220200
130110200
202040
120122
12310010
200040110
120131
210000320
20010101
221010020
101012300
200040101
20010104
100012220
12310001
110040002
120001130
120140
31102100
20010110
310200110
102110030
310200101
110040020
100012202
3020111
11032010
30201002
120001103
3020102
11032001
120001100
3102020
30201020
31020200
1103201
1021310
202103
300401
3020120
200122010
202100
112301000
1103210
1021301
200122001
221010002
300410
30201011
310102010
202112
130110020
210000131
3020201
210000140
2201000
120200
2201003
120203
310102001
202121
202130
100012130
120001202
2201012
120212
31020110
3020210
31020101
2201021
120221
110302001
20010131
122000102
103011200
120230
200040011
110302010
20010140
200040002
20010113
100012103
13211000
3102110
100012100
200040020
3102101
20010122
133010000
122000120
113120000
122000000
122000003
200220200
20010230
10311002
122000012
210000200
310020020
210000203
122000021
210000212
310020011
1103300
20010212
3102200
1021400
310020002
210000221
202202
122000030
20010221
31102010
202211
210000230
201023000
120001220
200302100
2201030
20010200
20010203
31102001
120302
202220
311003000
22001
11130200
10311020
130110002
203201000
22004
310200200
120311
22010
22013
100012040
30300110
120320
2201120
4200002
22022
10000031
10213010
30300101
31021010
4200011
10000022
22031
100013030
31021001
10000010
10213001
110203010
4200020
10000013
22040
10000001
10000004
200220110
3020300
100013012
320030000
1300022
121000220
200220101
100013021
1300031
2201102
10000040
312100010
1300001
10000043
1300004
1300010
10000034
312100001
121000202
100013003
21010301
100013000
1300013
202301
121000310
200302001
104000
104003
211000022
202310
3004010
200302010
211000031
3004001
110203100
104012
2201201
120401
211000001
22100
104021
211000004
22103
211000010
21010202
121000301
1300040
2201210
120410
211000013
104030
22112
10000121
12130010
202300010
10000124
310101020
12130001
10000112
22121
102011000
21010220
202300001
102011003
310101002
22130
210230000
10213100
33200000
211000040
10000100
10000103
313001000
102011030
110301200
1300112
2021021
200220011
1300121
2021012
11032100
200220002
31201100
1300103
210000401
2021003
2021000
40310000
1300100
210410000
200220020
13031000
210000410
21010400
10131002
410210000
202400
30300011
104102
310101200
30300002
403001000
1300130
2021030
200400200
104120
30300020
22202
10311200
2103011
22211
201203000
21010310
20011001
202300100
120001004
2103020
22220
20011004
120001001
203021000
120001013
120001010
10131020
120001022
1300211
4200101
121000400
110203001
3004100
4200110
1300220
12310100
2021102
113021000
112300100
2201300
1300202
2103002
1120022
104201
4020020
1120031
211000220
1120001
220011020
21010001
104210
200400101
21010004
1120004
4020011
104010020
211000202
21010010
1120010
1120013
22301
21010013
2103101
2021120
4020002
200400110
10000313
104010002
22310
21010022
10000304
10000310
31201010
21010031
110023100
10000301
31201001
310003010
21010040
1120040
1202003
1202000
310003001
4102010
2021210
1300310
320210000
202120010
312002000
4200200
10000340
202120001
1202012
4102001
2021201
10000331
10033100
120230000
10000322
112022000
121000040
1300301
121000022
200400020
211000310
2103110
121000031
32020100
104300
121000004
200400002
1120100
1120103
121000001
1202021
200400011
121000013
121000010
1202030
211000301
2103200
22400
430100000
12130100
121000103
121000100
21010130
201301100
1120130
10000142
32102000
30021200
10000130
12212000
10131200
202202000
10000133
312100100
112202000
222010010
1300400
1202102
202120100
132010100
222010001
2021300
102011300
4020110
40130000
211000103
20240000
211000100
4020101
410030000
32020010
3201011
132010010
10000220
10000223
301004
32020001
10000211
3201020
301001
1120220
10000214
222010100
132010001
200023100
211000130
301013
10000202
4020200
301010
110023001
3201002
301022
1202120
1120202
220011200
301031
340100000
310003100
10000241
4102100
10033010
104010200
110023010
201301010
10033001
10000232
121000130
301040
21010100
201301001
230120000
30103100
21010103
130011200
120201002
40000103
40000100
100130300
30104000
1202201
201004010
100212200
40000112
200201210
20011301
400003010
120201020
22010201
201004001
40000121
110010002
123101000
121020200
30022100
200201201
20011310
202200110
231020000
210212000
1120310
202200101
301100
110010023
110010020
301103
22010210
1202210
210130100
1022012
101310002
1022003
1120301
301112
110010032
1022000
2300003
1022030
2300000
301121
11000033
10410200
22010120
40000040
1022021
101310020
11000042
301130
200201120
2300012
100130210
2300021
2300030
200201102
203003000
40000001
11213000
11000003
40000004
104210000
3201110
11000000
10230011
40000010
11000012
400003001
10230002
1202300
100130201
40000013
11000021
402100100
40000022
201020300
31300010
11000030
31300001
40000031
3201101
11000024
3201200
1120400
122200010
201102200
10000412
1104020
202200200
10000400
400101200
122200001
10000403
10410002
102031001
1104002
301202
1022102
4004000
301211
301220
202020011
1022120
202020002
200201030
40000202
121001
121004
30022010
40000211
121010
130310000
121013
10000430
102031010
12032000
20011400
10410020
30022001
311102000
10000421
202020020
40000220
100130120
121022
100130102
32201000
30120200
200201003
200201000
121031
231200000
201020210
100212020
311020100
310201010
121040
201020201
200201021
310201001
402100001
121004000
210130001
120201200
200201012
100212002
210130010
402100010
40000130
3021002
2300102
100310300
102031100
2300111
101310200
202102010
301301
3021020
22010300
1022201
203003
202102001
301310
203000
13310000
2300120
3021011
102113000
11033000
11000231
104030000
3021101
210032000
202020110
203012
2300201
3103010
1022210
121100
203021
121103
202020101
2300210
20011040
100130021
203030
101130002
11000240
3021110
100130030
120004100
101130020
201020120
100130003
10230200
20011031
100130000
211310000
100130012
11000204
121130
11000201
110010302
11000213
20011010
20011013
11000210
3103001
30202100
201102020
100310210
11000222
10312100
201020102
20011022
121020020
100310201
400101020
11000303
11000300
20011130
201102002
40000301
201200300
400101002
3103100
1022300
40000310
121020002
30202010
1104200
301400
30202001
203102
110010320
202102100
11000312
2120000
202020200
2120003
12311000
203111
30120110
2120012
20011100
20011103
30120101
121200200
310201100
203120
121202
2120021
122003000
2120030
30120011
11000102
200004200
201020030
2202020
121220
2120102
30120002
201020021
401002100
100310120
310021100
33020000
201020012
201020003
10230020
2120120
201020000
11000123
30120020
11000120
204101000
310103000
201200210
100310102
2300300
230020100
2202002
201200201
22010102
2202011
3021200
31103000
203201
10230110
203210
10230101
22010012
410010020
2202101
121301
110010203
110010200
10312010
23000
13130000
312200000
23003
22010003
10312001
103211000
22010000
101130200
2202110
121310
22010030
410010002
11000132
23012
200004110
20011220
30300200
310021010
22010021
23021
200004101
40000400
310021001
20011202
100310030
31021100
23030
401002001
110010230
401002010
100310021
20110130
12131000
211130000
201200120
1301012
10001042
32300000
1301021
120102200
10001033
310020200
312101000
203200010
100311020
1301003
201200102
10001024
1301000
203200001
10001030
10132100
100311002
220010300
102014000
21011300
20110103
20110100
203300
410010200
2120201
202004000
310102100
2120210
1301030
103210001
121400
103210010
230021000
23102
401100200
200004011
300010400
23111
20110202
200004002
2120300
23120
103210100
10001102
130031000
200020400
200004020
101031002
201200030
23010110
30301100
2022011
31022000
101031020
4201001
23010101
120020300
201200021
2022002
200102300
201200012
4201010
310020110
10001132
203200100
10001120
2202200
10001123
201200003
1301102
201200000
310020101
400004
3300020
120004001
30301001
400001
400013
400010
120004010
3300002
400022
1301120
3300011
400031
2022020
30301010
200020301
23201
11000321
300010310
23210
121200020
11000330
400040
200102210
10132010
200020310
121200002
10132001
20110220
2022110
1301201
11000420
20012021
124100000
23010200
1301210
2022101
4201100
20012030
20012000
20012003
200102201
20110310
103030001
300010301
20012012
103030010
400103
2104001
400100
10001021
2104010
10214000
10001012
20110301
10001000
203020010
10001003
11000402
400112
203020001
1121000
1121003
400121
220010012
300010211
120020003
23300
400130
2104100
200102120
200020202
120020000
401100002
120020012
31202000
10001300
220010000
300010220
220010003
10001303
230201000
200020220
120020021
21011030
1121030
120020030
401100020
200020211
120200201
101031200
2022200
1301300
1203002
10001330
203102000
11312000
4021010
10001321
220010030
121003010
12000131
4021001
3300101
120200210
220010021
10001312
402001100
201003200
300010202
200102102
12000140
3300110
200200400
100032200
31120100
11230100
120200300
400202
200020130
400002200
31120010
12000230
4021100
1203011
400211
310004000
3300200
120102002
400220
31120001
203020100
1203020
300010112
220001
10001402
200102030
311020010
12000212
103112000
4103000
220004
200020100
200102021
311020001
300010121
220010
121003100
12000221
200020103
220010102
220013
103030100
300010130
220022
200020121
21011000
130211000
21011003
12000203
220031
200020112
12000200
200200301
20110001
402001010
23010011
311200010
20110004
20110010
220040
23010002
311200001
20110013
1203101
200102012
11230010
100032101
300010100
220010120
300010103
12000032
200200310
100032110
11230001
200102000
201003110
200102003
12000041
402001001
12000023
120020102
10001210
12000020
200020040
202201001
3120011
10001213
201003101
10001201
400301
120102020
10001204
3120002
400310
302000
1203110
12000002
302003
302012
12000014
23010020
3120020
12000011
120020120
202201010
10001240
200020013
302021
3120110
123002000
220010201
220103
200020010
12000113
300010022
220100
200020004
10034000
302030
3120101
200020001
12000122
300010031
120020201
210311000
12000101
200020031
220112
120020210
10001231
300010040
31300100
12000110
200020022
220121
10001222
12000104
32021000
3202001
220130
100032020
400002101
200200202
311200100
400002110
3202010
20110040
300010001
200200220
100032002
20110022
300010004
201003020
201003011
300010010
110321000
300010013
200200211
100032011
20110031
220010210
200120300
42000002
40001120
3202100
400002002
1121300
42000011
400002011
11001002
22011200
1203200
302102
42000020
400100300
1023002
400400
200022011
11001023
300011000
300011003
24010100
11001020
302111
200022002
110222000
1023020
12000401
220202
302120
40001102
1023011
12410000
12000410
220211
400002020
203100200
200202200
310120010
123100001
123100010
20012300
310120001
131030000
220220
40001
40004
10231001
40010
21110030
40013
31301000
40022
40031
40001030
200120201
42000101
120200012
3120200
40040
120200003
2301002
331010000
120200000
42000110
11001032
2301011
1023101
120200030
24010010
302201
10231010
120200021
2301020
200120210
24010001
12000311
203002010
302210
203002001
1023110
120200102
230003000
301010300
220301
2301101
102210200
200202110
122000
30023000
302010002
123100100
120200120
122003
3022010
10001420
220310
2301110
12000302
200202101
302010011
122012
3022001
4300001
302010020
40100
122021
102030002
40103
103013000
400100210
4300010
102030011
122030
100211030
400100201
40112
40121
211030100
1400021
400100120
100211000
131210000
100211003
40130
11132000
200202020
1400030
200120102
121003001
102030020
40001201
301010210
1400000
200120120
1400003
302300
310120100
40001210
1400012
400100102
204002
301010201
204011
201021200
310202000
203002100
1023200
220400
200202011
302010101
12000320
204020
122102
200300300
200202002
302010110
201103100
120003110
202101002
102030101
10100123
10100120
13000130
4300100
122120
310022000
102030110
40202
2121002
40211
122002001
401001200
202101020
40220
10100102
2121020
210031001
122002010
110042000
200120012
210031010
11001230
32120000
200120000
1400120
311300000
200120003
3104000
200120030
2301200
1400102
22011002
200120021
301010120
120003101
3022100
10100132
200300210
204101
301010102
30121100
204110
11001320
302010200
2203001
122201
200300201
201103010
13000103
111320000
13000100
122210
10100222
201103001
400100030
10100210
20012120
102030200
400100021
40301
210113000
10100213
11001302
20110400
10100201
232100000
400100012
40001300
40310
13000112
10100204
20012102
210031100
400100000
400100003
13000121
204100010
13000004
20012210
13000001
1400210
13000013
204100001
124001000
13000010
100014200
13000022
301010021
20012201
13000031
1400201
301010030
10231100
301010000
301010003
10100024
2203010
10100030
230101010
120003200
201021020
1220021
200300120
204200
1220030
301010012
13000040
10100021
1220003
201021002
21110003
1220000
21110000
30203000
10313000
200300102
10100012
10100003
10100000
122300
230101001
1220012
200300111
130112000
24002
22011020
42000200
12230000
24011
401001002
201201200
40400
10100042
2121200
130030100
24020
11001203
11001200
401001020
230101100
10100033
202101200
1302002
30121001
1302011
122002100
4120010
212210000
1400300
30121010
2203100
4120001
30040010
200300021
100310012
100310003
100310000
1220120
30040001
200300030
200300000
200300003
230020001
1220102
22110020
13000400
1302020
4120100
200300012
230020010
430000001
10002104
41000021
24101
10002110
10100402
430000010
10002101
204100100
24110
41000030
330010010
41000000
41000003
202003001
330010001
41000012
12001013
23011100
10002140
430000100
12001010
102013010
1302101
230102000
2023001
202003010
12001022
10002131
1302110
4202000
10002122
123001100
10002113
12001004
102013001
12001001
10100420
330010100
1220210
22110002
311201000
122100002
401003
401000
130030001
401012
122100020
101030000
101030003
101030012
130030010
1220201
401021
2023010
101030021
401030
201201020
1040012
24200
30220100
10100240
101030030
1040003
1040000
1040030
10133000
212030000
201201002
202003100
1040021
230200100
120101300
120003002
10100231
412010000
3301010
2023100
22110200
13000301
1302200
122100200
13000310
100031300
101210300
102013100
312020000
3301001
402000200
10100312
400001300
10002011
1122002
300011300
10002014
100113200
401102
41000120
10002002
13000202
200103200
4022000
104012000
101030102
10100303
13000211
10100300
41000102
200021300
13000220
1220300
3301100
10002041
20013011
120003011
401120
10002032
1040102
120003020
112040000
20013020
101030120
10100330
1122020
130210100
20111300
1040120
204002000
20013002
10100321
10002020
30302000
10002023
12001202
10330010
10002320
10330001
121002020
110320001
402000101
130210001
310300010
100031201
402000110
130210010
110320010
100031210
41000300
310300001
10002311
300011201
121002002
2400002
30220010
11100032
200103110
300011210
30220001
14000120
2400011
2400020
14000102
1204001
200021210
401201
1204010
121100300
101030201
401210
200021201
14000021
311021000
2400101
110402000
1040201
3121001
101030210
221003
203101010
2400110
14000030
221000
211031000
200103101
203101001
14000000
14000003
221012
14000012
210310100
1040210
3121010
21110300
221021
402000020
21012002
41000210
221030
400001201
100031120
10330100
200021120
400001210
230200010
10002410
12001220
402000002
21012020
110320100
41000201
230200001
10002401
402000011
10412000
10002200
200103020
200021102
10002203
20111030
3203000
100031102
40001003
1122200
40001000
100113020
231101000
120101030
200103011
300011120
401300
40001012
1204100
101030300
400001102
100211300
100113002
23011010
303002
40001021
120101000
120101003
1040300
303011
12001040
303020
21012200
20111003
20111000
30400100
221102
10002230
12001031
31121000
11231000
10002221
200103002
400001120
203101100
310300100
200201300
10002212
201004100
300011102
100031030
2220002
221120
30400010
102210002
202200011
200021030
2220011
11100002
30400001
202200002
400001030
100031012
2220020
202200020
100031021
11100020
12001130
11100023
3121100
200021000
300011012
123001010
10002302
23011001
200021003
2400200
300011021
100031003
100031000
121002200
200021021
210310010
102210020
300011030
210310001
200021012
12001103
303101
12001100
123001001
11002022
303110
1024010
122120000
300020201
11002031
302101001
101312000
11100320
1024001
23110001
2302001
221201
300020210
302101010
102000131
102000140
2302010
221210
23110010
101230100
11002040
131000300
100034000
30401000
11100302
41000
201010130
41003
100001240
100001222
11002004
41012
213200000
11002001
300102101
100001231
11002013
11002010
300102110
41021
102000212
100001204
100001201
210300110
41030
131000201
100001213
102000221
201010103
42001100
210300101
201010100
100001210
11002103
20210021
11002100
40002101
20210030
102000200
131000210
10232000
40002110
102000203
303200
20210000
2220101
300102020
300020102
20210003
20210012
1024100
302101100
330200000
300020111
200240000
2220110
102000230
221300
300020120
14000300
123002
304100000
11100200
11100203
20210102
123011
201010040
41100020
14000210
300200300
4301000
2220200
123020
41102
300102002
41100002
201010031
100001120
100001123
300102011
100001132
14000201
201010022
41120
201010010
12001301
102000311
113010200
201010013
12001310
1401020
201010001
301003100
201010004
23110100
3023000
2302100
102000302
100001102
1401002
300020000
300020003
2040020
300020012
12001400
102000320
300020021
2040011
123101
2040002
300020030
310031000
210300011
101132000
100001042
123110
131000102
42001001
210300002
230010200
300200201
110012003
110012000
11100230
110012030
41201
301003010
42001010
100001030
100132100
100001024
300200210
131000120
421100000
40002200
41210
210300020
100001033
31220000
20210120
120023000
100001012
131000012
110012300
102000401
121022000
120301100
12100031
20013110
100001021
301003001
100214000
102410000
131000003
131000000
420100100
102000410
12100022
131000030
230010020
12100010
12100013
210202001
12100001
11002301
131000021
12100004
20013101
100001000
210202010
100001003
400013000
22012010
230010002
122300000
230010011
22012001
101001002
2122001
2040110
13001201
302003000
101001020
101001023
2122010
2040101
13001210
230010101
2204000
123200
200010410
300200102
13001102
10101203
200010401
10101200
230010110
300200111
101001032
200420000
41300
2122100
100132001
300200120
100132010
11002310
301101200
1401200
13001120
12100040
3400001
210202100
10101230
3400010
11330000
13001030
10101023
10101020
22012100
211103000
1221020
10101002
202010012
24011000
4121000
3400100
2040200
1221002
202010003
202010000
44000000
31400000
210300200
20013200
300200000
202010030
300200003
300200012
200010311
130000400
202010021
300200021
10101032
11002130
140012000
300200030
200010320
100230200
210120002
402110000
1303001
103000040
11002220
213020000
120203000
210120020
200010302
420002000
30122000
41100200
100312100
103000001
102230000
103000004
103000010
13001003
103000013
13001000
30040100
1303010
13001012
103000022
101001200
101001203
13001021
103000031
202010102
11002202
202010120
220000031
320000
10003100
200010221
320003
10003103
320012
130000310
101000204
220000022
101000201
200010212
3220001
101000213
220000013
320021
130000301
220000010
101000210
220000004
320030
3220010
101000222
220000001
200010230
10003130
101000231
10003121
101033000
1303100
200010203
10003112
211300010
200010200
20030210
220000040
301020101
101000240
100100033
211300001
100100042
301020110
102311000
3302000
100100021
1221200
301102001
210104000
100231100
301102010
100100030
41001020
100100024
210022100
43000001
100313000
12002021
202010201
100100003
402002
100100000
12002030
43000010
100100012
41001002
402011
2024000
200010122
30041000
402020
320102
12002003
220000121
1041002
12002000
202010210
101000300
121202000
101000303
200010113
12002012
320111
220000112
20030300
12100310
303100001
1041020
12100301
200010140
220000100
200010131
311030000
303100010
20112200
220000103
320120
101000312
20014001
41001200
420101000
101000321
301020020
11002400
20014010
212201000
210120200
101000330
112010300
13001300
301020002
200010104
200010110
12100130
301020011
100231010
311210000
220000130
200010101
100231001
10003001
330101000
10003004
1123001
10101302
402101
3220100
202010300
402110
301200200
12100100
130000130
12100103
220000220
40100003
40100000
12100220
401012000
200010023
320201
2401001
200010020
10003031
220000211
40100012
21210002
200010041
12100202
10101320
1123010
303100100
220000202
10003022
320210
40100021
2401010
101000402
10003010
200010032
40100030
10003013
24110000
101000420
140003
120301001
140000
130000220
300004100
21210020
130000211
140012
231010100
200010011
130000202
210022001
200010014
140021
10003040
200010002
120301010
140030
210022010
20030000
20030003
30221000
40100201
20030012
1123100
121300010
40100210
231010001
12002210
20210210
301200101
130000040
121300001
301200110
231010010
402200
130000031
13100003
3040010
200141000
13100000
320300
130000022
13100012
21013100
20210201
102131000
12002201
3040001
222002
130000013
13100021
130000010
222011
13100030
130000004
130000001
1041200
300004001
140102
211202000
130000121
222020
20210300
21013001
3040100
300004010
12002300
10200023
10200020
130000112
10003400
10200011
21013010
10200014
130000103
10200002
140120
130000100
40100102
301200020
120104000
2401100
301200002
10200041
120022100
20030021
301200011
100001420
10200032
40100120
20030030
3122000
102000020
12002102
102000023
304001
40002020
12100400
10003220
304010
100001402
10003211
102000002
222101
20030120
10003202
102000014
211300100
222110
303002000
102000011
20112020
20030102
14001020
212021000
140201
300020300
20030111
40100300
40002002
20112002
140210
101230010
102000032
43000100
101230001
40002011
102000041
121300100
14001002
203010011
4400000
310211000
100001330
20030201
203010002
122021000
100001312
113010020
31040000
300102200
100001321
304100
100001300
100001303
10331000
102000113
2221001
113010002
102000122
102000101
2221010
10003310
102000110
222200
102000104
203010020
10003301
23012000
12002120
320010002
210004100
302020100
100033010
100000241
10200221
320010011
2221100
140300
20211002
10200212
10200203
42002
10200200
212003000
42011
100000232
100033001
4220000
200110031
100000214
11003012
42020
100000211
100000220
100000223
11003021
200110022
10020020
10020023
120202010
300021200
11003030
10020011
200110040
320010020
10020014
23111000
10020002
2303000
120202001
10200230
100000202
1320020
30320000
200110013
10020041
1320002
200110010
11003120
10020032
200110004
200110001
211200200
120202100
300103100
1320011
10102010
124001
211020020
320010101
10102013
10102001
124010
320010110
10200311
240020000
13100201
10102004
100000133
211020002
10200302
13100210
42101
100000130
100131200
21030200
20211020
11003102
100000142
40003100
42110
300103010
13100102
211200020
22210001
1402001
100000112
22210010
100000124
100000121
300021101
402011000
1402010
100000100
100000103
400012100
102032000
211200002
100213100
300021110
103310000
13100120
120120200
10200122
210004001
10200113
201011030
2041010
210004010
21014000
1320101
10200104
10200110
2041001
300103001
1320110
10200101
201011003
201011000
124100
320010200
42002000
220310000
120022001
100000034
10200140
2123000
42200
10200131
11003003
100000040
120022010
100000043
11003000
122201000
1402100
214100000
100000022
14001200
100000031
300021002
100213010
100213001
100000004
300021011
100000001
100000013
300021020
100000010
11003300
220031000
22013000
301004000
303200000
2041100
300201200
3401000
21210200
1320200
13002200
10020230
12101030
10102202
20014100
1140020
40200002
210201002
40200011
12101000
40200020
21030002
12101003
1140002
400012001
211020200
210201020
100131020
21030011
400012010
101213000
101000000
101000003
101000012
100131002
10020311
101000021
10020302
10102220
123200000
100311200
101000030
101000024
200011400
1222001
101000033
120300110
1222010
300201101
120300101
101000042
300201110
10020320
213101000
4040000
10102040
10020122
120300200
112010030
41003000
10020113
10020104
21030101
10102031
10020110
10200320
10102022
10020101
21030110
400110200
101000102
121103000
13002101
10020140
123020000
103130000
13002110
10020131
112010000
101000120
112010003
101000123
40200101
101000132
10200410
21030020
200011310
1222100
10200401
13100300
40200110
10102103
300201002
200011301
10102100
1304000
13002002
300201011
300201020
301020200
13002011
13002020
10020221
11003201
301102100
10102130
120120002
10020212
11003210
321002
303020000
10020200
43100000
10020203
321011
321020
1140200
120120020
10004120
212200100
41002100
12101300
12003002
310310000
210021002
210021020
10102400
400110020
10004102
300120002
100230110
420020000
11200130
300120011
200011202
100230101
100312010
300120020
43001000
3221000
100312001
403001
200011220
14100200
122020100
11020010
22030100
101032001
403010
11020013
11020001
321101
11020004
300300200
101032010
22112000
321110
1042010
11020031
303101000
210103001
301021100
11020022
1042001
41002001
11200202
102310010
210103010
102310001
301103000
10004210
400110002
41002010
10004201
12003011
11200220
12003020
100230020
100230011
11200040
10102301
100230002
200011130
403100
11200010
101032100
2320001
10020410
300300101
301021010
100410200
10004030
11200013
300300110
2320010
10020401
11200001
10004021
11200004
10430000
1124000
110420000
321200
200011103
10004012
11200031
200011100
10004000
301021001
10004003
1042100
11200022
10102310
120300011
302200001
3041000
20310002
2320100
141002
120300002
302200010
200011040
102310100
11200103
11200100
20310011
141020
120300020
14100020
212200001
200011022
200011010
40101002
200011013
212200010
211004000
2402000
14100002
210201200
103031000
200011031
40101020
11020202
300300002
42100100
330020000
140210000
300300011
13101002
240200000
10001
300300020
200011001
20031011
10004
11020220
200011004
223001
10010
201010400
13101020
20031020
10013
223010
10201022
10022
302200100
212020100
10201010
20031002
310130000
120021002
10201013
10031
10034
10201001
40101200
20211200
12003200
10201004
10040
11200400
120021020
10043
301201100
20113010
2140001
102130001
120103010
2140010
420200000
10201040
102130010
20031101
100000421
100410020
100000430
20113001
10201031
14002100
100000400
100000403
22210100
100000412
122200100
100410002
120103001
10100
10103
201010310
223100
10112
301201010
212020001
14002001
201010301
11200301
212020010
10121
10124
14002010
130130000
2222000
12003110
110240000
10130
141200
120103100
10133
11102000
11102003
301201001
11200310
10142
40003010
11020040
302020001
100000340
102130100
42100001
42100010
302020010
12003101
30140000
100000322
122102000
102212000
20031110
210103100
100033100
100000331
100000310
100000304
11020130
100000313
220130000
20031200
212102000
210021200
10004300
201010220
100000301
10202
40003001
22030001
201010202
10211
122020001
2140100
10214
11102030
22030010
10220
11020100
122020010
10223
11020103
302102000
120021200
10232
43001
20113100
10241
100331000
43010
12200120
420000011
20130101
10021022
400130000
420000002
10021010
102002201
20130110
10021013
100003301
320011010
41020001
130101200
10021001
10021004
20212001
210003101
100003310
41020010
420000020
12200102
20212010
10201220
210003110
310000220
1321010
10021040
310000211
310000202
102002210
10301
1321001
13003001
10021031
10304
10103003
10103000
103100000
10201310
103100003
10310
103100012
10313
320011100
10201301
103100021
10322
13101200
103100030
10331
43100
100003220
10340
112013000
420000110
102002300
111030002
10103030
420000101
1403000
301300100
212002001
10021100
132100010
201221000
100003202
10103021
10021103
310000130
212002010
132100001
100003211
10103012
104001200
2042000
10201103
10201100
1321100
10400
322010000
300104000
10403
420002
11020301
20130200
10412
420011
20212100
210101300
10201130
420020
300022100
41020100
10421
210003002
10430
11020310
221210000
420000200
41102000
100003121
133001000
11004002
240101000
210003011
210003020
130101002
310000310
212100200
100003130
11004020
301300001
310000301
11020400
130101020
100003112
301300010
103100102
12200030
100003100
10201202
100003103
22211000
12200021
3320000
11102300
12200012
12200003
12200000
101003000
103100120
101003003
101003012
420101
101003021
420110
103100201
120041000
300022001
101003030
100003040
103100210
21031001
300022010
100003031
21031010
111030200
10021310
340000100
220030010
400310000
220030001
10021301
12020120
100003013
10103210
20310020
12020102
100003010
131002100
100003022
10103201
12102020
100101320
100101302
11201003
340000001
11201000
42200000
210200003
311000012
12020210
210200000
340000010
311000000
100003004
311000003
1223000
210200012
100003001
40201001
213100001
210200021
1010012
131002010
311000030
40201010
210200030
213100010
101003102
1010003
311000021
12020201
131002001
1010000
200041100
20310101
1010030
302300000
1010024
310000400
1010021
300120200
20310110
420200
23210000
101003120
1010042
1010033
240002
12020021
210003200
103002020
240011
220030100
12020030
20310200
3140000
11004200
300202100
10021130
12020003
200123000
212002100
12020000
240020
100101230
111030020
13003100
12020012
220112000
10201400
100101203
10103102
100101200
12200210
103100300
214001000
23030000
103002002
12200201
103002011
1010102
13003010
101003201
1010123
200041001
300120101
1010120
12102002
10103120
10021202
300120110
101003210
403010000
322001
12200300
103002101
20130020
1010132
103002110
322010
200041010
20130002
240101
20130011
40201100
21113000
320011001
240110
300202001
131100200
21031100
10021220
300202010
100020212
103001120
100102130
100020221
210200201
30010310
211003010
40102001
1010204
210200210
10300040
12004001
1010201
220211000
40102010
300203000
100020203
12004010
100020200
100102103
1010222
100200410
102100022
100102100
21212000
210020000
404000
210020003
13200110
210020012
100200401
102100031
1010213
13200101
103001102
1010210
322100
210020021
102100004
110030012
102100001
21130100
1043000
102100013
101002301
1010231
210020030
110030003
110030000
102100010
110030030
40020002
13200011
101002310
200221100
10300121
40020011
140010002
300121001
13200002
110030021
2321000
240200
10300112
11021030
211003100
1010240
300121010
103001201
21130001
100020131
421000001
40020020
21130010
10300100
103001210
101330000
10300103
100020140
421000010
13200020
102100040
11021000
120221000
11021003
100020113
200303000
210200300
100020122
40200200
110210300
100102040
1010303
100102022
1010300
100020101
321010001
30010301
210102002
100200320
100102031
100020110
321010010
134000000
140010020
100020104
10300130
140010200
12102200
10021400
100102004
100102001
1010312
40020200
100102013
100102010
100200311
102100100
132001100
102100103
30010202
1010330
100200302
321010100
10103300
1010321
210200102
131100020
30010220
101002400
200221001
130002200
30010211
302201000
11201030
131100002
421000100
142001
100020032
102100130
40102100
142010
200221010
241100000
210200120
100020041
30010121
301022000
100020023
100020020
30010112
300301100
400031000
100020002
20311010
100020014
30010130
100020011
100200230
10300031
100200221
40020101
102100220
211003001
10300022
100200212
40020110
20311001
1010402
100200200
10300013
100200203
1420001
103001300
213100100
10300010
11000
10300004
12020300
11003
1010420
10300001
102100202
1420010
130002110
224000
13020101
11012
10202012
10202003
13020110
130002101
10202000
10300310
110030210
11021
10300301
11024
341000000
11030
142100
11033
201040100
11042
132001010
201122000
300301001
20032001
300301010
100200140
10202030
132001001
20032010
100200131
210102200
30010100
200401100
10120103
30010103
10120100
10202021
100200122
102100310
102002000
120401000
102002003
210020300
102002012
100200113
11103200
100200104
1420100
110030300
30010010
30010013
20032100
100200110
30010001
102100301
10120130
221030000
11021300
30010004
100200101
11102
20114000
30010031
2141000
10300400
10202102
30010022
11120
30010040
201040010
102002021
11123
21310001
13102001
102002030
201040001
11132
13102010
21310010
2010014
13200200
210102020
210020102
200401010
310000121
11103020
2010011
302021000
310000112
42101000
2010002
130100300
41200100
100200041
301120100
100200032
110030102
200401001
113012000
210020120
310000103
310000100
10300220
213002000
102002102
301202000
13020002
102100400
110030120
2010041
100200020
13020011
2010032
10300211
100200023
13020020
100200011
11103002
12004100
121040000
100200014
10300202
2010023
100200002
2010020
100003400
11201300
11201
40004000
11204
10120031
22031000
11210
10120022
11213
104001020
10120010
21310100
310000040
1240001
11222
10120013
104001002
1240010
130002020
10120001
102002120
10120004
11231
44000
2010110
400211000
130002011
310000031
2010104
11240
2010101
310000022
130002002
14003000
210020201
310000010
10120040
301120001
41200001
210020210
310000013
110030201
301120010
201220100
310000001
310000004
41200010
11300012
22130000
2010140
300400100
1322000
101100032
100002302
11300000
222110000
2010131
11300003
20000033
11300030
14200010
2010122
10022030
200321000
14200001
11300021
301121000
20000042
10022021
2010113
40300100
20000021
11300
31010300
13004000
102001202
10202300
104000021
11303
130100201
20000024
104000030
20000030
20131100
11312
20000000
104000003
20000003
104000000
210002102
130100210
210100400
1240100
41021000
11321
20213000
20000012
104000012
310001210
31010201
11330
100002230
20000114
420001100
2010203
2010200
130100102
212001002
133000100
20000120
20000123
104000120
12201200
10120400
310001201
210002120
10104020
10022102
312000200
102001220
100002212
104000102
20000102
100002221
10104002
130100120
212001020
20000111
300400001
2010230
300400010
100002200
100002203
10022120
2010221
241001000
2010212
31010210
102001301
12201020
10120220
102001310
11402
312000020
421001
12201002
10120202
31010120
312000011
10202120
421010
401030000
121220000
312000002
11420
2010302
40120001
100002131
422000000
133000010
100002140
133000001
101100203
101100200
40120010
100100420
100002113
20000132
213000200
20000141
131001200
100002122
101100230
100002101
20000240
10202201
110013002
100100402
210100301
100002110
100002104
2010320
110013020
210100310
321110000
13102100
210002000
220013000
20000231
210002003
210002012
20033000
2010311
201140000
104000210
130100000
210002021
1142000
130100003
20000210
20000213
10022012
240100010
10022000
210002030
421100
10022003
102001400
10120310
130100012
310001300
240100001
13020200
20000222
31010102
130100021
312000110
10120301
20000201
10202210
104000201
301301000
20000204
312000101
130100030
21032000
320110100
10022300
2420000
12103100
100002032
31010012
101100302
31010000
20311100
31010003
221012000
100002041
202400000
100002020
101002004
100002023
212001200
10104200
101002001
100100321
101002013
100100330
104000300
101002010
101002022
311001002
22310000
214000100
101100320
100002002
14102000
11120000
101002031
11120003
100002014
100002011
100100312
2010410
311001020
1011002
31010030
11120030
100100303
300023000
100100300
31010021
101002040
2010401
214000001
40120100
1011023
110210000
110210003
1011020
240100100
214000010
11202020
1011032
11300300
131001002
120040001
100100240
12021200
241001
120040010
100100231
101002100
241010
131001020
101002103
14020001
40202000
11202002
401210000
100133000
110210030
14020010
100100213
120040100
100100210
103001003
100100222
20131001
103001000
40022000
101002130
103001012
100100204
210002201
240002000
110013200
103001021
100100201
10022201
210002210
11300102
12021020
110000
110003
11300120
120122000
323000
12021002
110012
201320000
3010031
110021
11300201
110024
3010022
110030
241100
110033
100100132
3010040
12103010
10022210
110042
11300210
101002202
420001001
12103001
103001030
30010400
101002220
211100030
100100123
202220000
100100120
300121100
3010013
100100102
20131010
320012000
211100000
211100003
3010010
210002300
3010004
420001010
200042000
121400000
3010001
14200100
311000201
211002002
240001100
21000002
103000103
11120300
13201100
103000100
101001230
21000011
1011203
40021100
21000014
1011200
1011230
103000112
21000020
132000200
21000023
110102
211100300
3010100
3010103
103000121
321011000
11022002
311000210
21000032
42020000
2240000
21000041
110120
110123
130001300
32010200
11202200
10301102
110132
301400000
211002020
40103000
421001000
120220010
302120000
400030100
20230001
300040100
120220001
20230010
12300020
12300011
101001302
400112000
12300002
10301120
100101032
103000130
3010121
311000300
100101023
1011302
100101020
40021001
11022020
30011300
101001320
3010112
40021010
220210001
300122000
1011320
110201
220210010
100101002
110204
3010130
3010220
21000131
110210
30011210
110213
130001210
30011201
21000140
130001201
3010211
110222
220210100
32010110
110231
143000
120302000
32010101
420100010
13201001
110240
300040001
320110001
300040010
103000202
201401000
200140100
420100001
320110010
311000102
132000110
103000211
311000120
3010202
100232000
132000101
13201010
103000220
10301021
10301012
132000020
202040000
32010020
103000301
3010301
14020100
103000310
132000011
10301000
10301003
132000002
110300
1421000
110303
200222000
20230100
12002
21000101
400030001
142010000
21000104
110312
12011
242000000
400030010
120220100
21000110
12014
110321
21000113
32010011
12020
20312000
12023
32010002
21000122
10301030
110330
12032
212100002
200140010
310001021
20000312
12041
200140001
310001012
212100020
310001003
310001000
12300200
10203020
30011102
10203011
41201000
20000300
20000303
300220100
3010310
121301000
130001030
30011120
213001100
110402
30011021
12101
10203101
12104
3010400
30011012
12110
12113
110420
300302000
12122
21311000
13103000
30011030
130001120
102001013
2011004
12131
102001010
2011001
102001022
13021100
12120020
12140
400210100
20000321
130001102
103000400
102001004
12120002
20000330
102001001
10203110
400210010
213001010
102001040
300220001
40300001
10301210
2011031
400210001
40300010
10301201
210101000
100330100
300220010
210101003
13021001
101231000
2011022
201041000
102001031
200320100
100002401
13021010
20000420
310001120
213001001
2011013
100412000
2011010
100002410
200402000
210101030
20000402
20410001
120400010
12200
20000411
12203
120400001
20410010
30011000
10121003
30011003
10121000
310001102
12212
21131000
1241000
12221
2011040
2011103
130001021
2011100
20410100
12230
120400100
211002200
130001012
11022200
130001003
130001000
102001100
102001103
10121030
100330010
10203002
1110002
101100002
2011130
100002320
10301300
100330001
200320001
101100023
101100020
100002311
12300110
200320010
310001030
102001130
12300101
1110032
202112000
200031200
12302
4010030
103102001
1110020
220200200
1110023
12311
4010021
202030100
103102010
100120040
12320
20001041
200113100
100120022
4010012
340001
10023101
11301002
100120031
220020020
4010000
4010003
340010
12120200
11301020
30110201
100120004
220020011
100120001
131201000
20001032
100120013
100120010
300311000
220020002
112310000
33010100
20001140
100300220
12022001
100300211
2011220
4010102
12022010
100300202
20001122
340010000
410200100
121010030
31011200
20001131
311010002
2011202
30110102
111032000
10023110
20001104
30110120
220102010
121010003
121010000
101103200
103020101
20001110
20001113
200031110
103020110
311010020
220102001
14201000
101021300
12401
422000
12410
20001101
410102000
20001200
340100
20001203
200113001
30110030
103020200
20001212
30110021
200031101
220020110
100300130
220020101
200113010
12202010
100300121
33010001
22000103
1110200
100300112
22000100
102201020
12202001
1110203
33010010
2011310
103102100
4010120
22000121
2011301
100300103
102201002
100300100
22000112
200031020
22000013
10023002
22000010
1110230
220102100
22000004
40121000
22000001
12202100
10121300
200031011
22000031
410020001
22000022
410020010
10203200
4010210
301130000
4010201
22000040
200211200
100300040
21230000
10023020
20001221
220020200
200031002
320300000
30110012
30110003
30110000
10023011
132020000
20001230
4010300
110000012
100300031
201014000
203210000
100300022
110000003
110000000
1110302
110000030
100300010
311010200
11203001
31011020
110000024
2011400
100300013
130103000
110213000
120010301
320021000
100300001
110000021
100300004
1110320
1012013
110000042
101300012
1012010
101300000
101300003
1012004
223100000
130021010
21000302
1012001
110000033
1012031
130021001
101300030
21000311
1012022
101300021
103004000
1012040
21000200
220200020
21000203
10400210
13300100
130021100
242000
220200011
21000212
10400201
220200002
14021000
21000221
120010310
31011002
10220030
21000230
102201200
110000102
11203010
100021400
10220021
100103300
410020100
104200001
110000123
110000120
10220012
10220003
10220000
112130000
104200010
10400030
120010400
102021020
1012103
10400021
1012100
101300102
104200100
101300120
21000401
10400012
20132000
3011000
34010000
3011003
21410000
21000410
111002
10400003
10400000
102021002
132200000
200211020
1012130
111020
111023
220200110
10023200
111032
220200101
21000320
20001011
201030200
100021301
301310000
20001014
100021310
102103001
20001020
130201100
20001023
221003000
200211002
100103201
20001002
100103210
13300010
101300201
3011021
300032000
12022100
1012202
10400120
203030000
3011012
13300001
1012220
102103010
12104000
10400102
101300210
3011030
11301200
120010022
10302110
110032010
300000230
21001031
120010031
10302101
11023010
102020120
110032001
21001040
102102020
2110001
102020102
2110004
2110010
2110013
3011120
120010040
201030110
300000200
10220210
300000203
201030101
11023001
10220201
120010004
3011102
100022210
300000212
120010001
120010013
300000221
320201000
120010010
1012301
221020010
10040030
10040021
221020001
100022201
120010103
120010100
11023100
10040012
41300000
10040000
1012310
10040003
31110020
22000400
101201000
111200
300000131
111203
101201003
10302200
102020210
2110022
12301010
21001001
110032100
130201001
20231000
21001004
300000140
2110031
130201010
12301001
21001010
1340000
21001013
2110040
102020201
21001022
201030020
111230
23000030
201030011
411200000
300000101
20100023
20100020
110130200
201030002
300000104
131020100
23000021
310010102
101201030
300000110
300000113
20100002
23000012
2110130
13202000
20100011
300000122
20100014
23000003
221102000
23000000
100022120
411020000
100022102
100104020
201210200
10302011
100120400
3011210
31110002
13120100
3011201
102102200
10302002
10400300
21001202
32011100
2110100
120010130
202211000
100104002
11203100
2110103
1012400
300000032
13120010
10220120
100202300
111302
300000041
3011300
13001
13120001
120010220
13004
21001100
21001103
13010
310010030
13013
102020300
10302020
111320
2110202
10220102
13022
310010021
131102000
30012200
300000002
310010012
13031
221020100
310010003
310010000
300000011
21001130
32011010
300000014
13040
20100032
100022021
300000020
300000023
100022030
20100041
120010202
200014100
100120310
100022003
22000202
100022000
30012110
100022012
10040210
30012101
210010004
10040201
32011001
22000220
210010001
310010210
210010013
20001320
100120301
100202210
22000211
210010010
140000120
100202201
210010022
310010201
103200002
131020010
20001302
210010031
13100
2110220
103200011
131020001
20001311
13103
103200020
222101000
102004001
13112
210010040
140000102
102004010
13121
321020000
12203000
10122200
103200101
140000030
2110310
103200110
20001401
13130
140000021
22000130
101021000
101021003
20411000
200014010
140000012
140000000
201210020
200014001
140000003
300131000
10204100
2012030
101021030
100120220
2012021
201210002
210010100
100202120
310010120
2012012
210010103
41120000
10040300
2012003
100120202
2110301
2012000
10122002
104003000
100300400
140000210
100202102
102004100
140000201
202031000
13202
10220300
30110300
12301100
13211
101201300
101103002
130004000
10040120
30012011
13220
221200010
200112200
101103020
30012002
40301000
221200001
200030300
20001410
131200100
112031000
100120130
14300000
220004000
30012020
10122020
10040102
103020002
310010300
2012120
4011002
103020011
30110210
221200100
131200001
100120103
100120100
100202030
103020020
2012102
410201000
131200010
100202021
2110400
22000301
100202012
100202000
100202003
100300310
103200200
200030210
11400002
10204010
13301
13022000
100300301
22000310
11400020
10204001
13310
20100401
20002100
20002103
104002100
20100410
341000
102003200
110310020
101200400
40040000
22001003
22001000
30111200
210041000
2012210
113210000
101020202
4011020
301000130
22001021
221002010
2012201
100004300
101020220
22001012
10024100
221002001
301000112
11220200
301000121
210002
32110010
3110012
301000100
301000103
132101000
221002100
13400
32110001
210011
3110003
210014
3110000
10401020
20002130
210023
210020
230210000
201310100
12023000
103101002
20002112
210032
140000300
10401002
11302100
20002121
103101020
210041
22001102
220101020
100004210
200032100
101020301
11220002
2012300
20002211
101020310
220101002
300230000
130102100
14120000
301000040
204110000
100004201
20002220
11220020
21100001
3110030
11400200
21100004
301000022
3110021
20002202
21100010
21100013
301000031
22001120
301000001
130020110
301000004
210101
21100022
301000010
130020101
210104
301000013
200114000
210110
21100031
102200021
210113
201310010
3110120
102200030
22001030
210122
20002301
201310001
33011000
210131
30111002
10024010
102200003
11302010
130020200
102200000
10024001
101102300
102200012
11302001
31012100
210140
110310002
223001000
330000200
200032010
101004002
30111020
200032001
100004120
101004020
100004102
101020400
100102400
410021000
3110102
4011200
1013003
1013000
11204000
130020020
20100131
1013021
130020011
21001301
3110201
210203
210200
1013012
130020002
21001310
20100140
330000011
13121000
20100113
141000002
210212
20100122
330000002
1013030
10401200
210221
102200120
130102001
102200102
30002
141000020
103101200
210230
12400010
20100101
20100104
130102010
30011
12400001
20100110
30014
330000020
310110020
100004021
202013000
30020
21001220
330000110
20100212
30023
100020401
10221020
310110002
130200200
100004030
100430000
100020410
330000101
20100221
30032
100102310
10221002
100004000
100004003
224000000
20100203
30041
100004012
12400100
103003001
20100200
11040200
1013102
23000120
200212100
100102301
3110210
300000401
23000111
31012010
200130200
300410000
23000102
31012001
300000410
210302
302000000
112001
302000003
310110200
210311
221100200
102200210
112004
3012011
112010
302000012
112013
3012002
1013120
210320
302000021
30101
100020320
112022
30104
3012020
302000030
102200201
30110
112031
300000320
103003010
102020021
30113
100020311
112040
102020030
30122
11040002
110310200
101004200
23000300
3110300
30131
102020000
20100230
131003000
102020003
100020302
102020012
100102220
30140
11040020
13301000
110130002
200212010
20002040
113030000
23000210
100102202
300000302
200212001
20100320
200130110
1013210
300000311
23000201
20002022
200130101
20002031
1013201
20002001
31110200
210401
20002004
20100311
112100
302000102
112103
130200101
102102002
210410
20002010
130200110
20002013
302000111
100020230
110130020
313010000
302000120
30200
21001400
102200300
30203
20100302
103003100
130200002
220003100
310011002
112130
30212
210320000
200130020
33110000
130200011
12302000
10221200
30221
133100000
100021220
410300000
110031002
130200020
30230
2111030
30210011
102101000
30210002
102101003
101003300
110031020
3012110
100021202
300001220
10041020
100103120
30210020
11024000
3012101
21100400
102101030
10041002
200130011
21002102
2111000
1013300
2111003
200130002
100201400
203111000
3012200
201031100
200310200
100103102
112202
21100301
21002000
300001202
21002003
201113000
21100310
300001211
21002012
112220
30302
10123001
21002021
30311
222002000
21002030
141000200
30320
103002200
100021130
12220100
104100020
300001121
100103030
101200010
20101040
1210001
10303001
101200013
1210004
1210010
101200001
300001130
101200004
4110002
1210013
100103012
20101031
104100002
101200031
201031010
100021103
21002201
100103021
100021100
101200022
101200040
20101010
201031001
21002210
140001020
200310101
100201310
20101013
1210040
100103003
20101022
112301
300001100
100201301
300001103
200310110
100103000
14000
140001002
14003
1210022
112310
300001112
20101001
14012
1210031
20101004
10303010
30401
14021
440000
100021040
21002120
30410
14030
12220010
100021031
202210010
12220001
202210001
20101103
20101100
10303100
23001020
100021013
100021010
1210103
300001031
1210100
40400000
100021022
101200100
23001011
101200103
300001040
200310020
23001002
310011020
100021004
4110020
100201220
100021001
24000110
1210130
200310002
230030000
40220000
21100100
21100103
300001001
32012000
101200130
100201202
200310011
24000101
13400000
300001004
132002000
112400
300001010
12040100
300001013
222100010
14102
222100001
300001022
301000400
102101300
130003100
21100130
20330000
12122000
14120
120320000
102003002
430010000
410120000
20002310
112030100
202210100
310011200
101200202
2013020
4110200
1210202
21100040
2013011
220101200
20002400
100201130
101200220
2013002
102003011
102003020
104100200
101020004
101020001
2111300
30013100
24000011
101020013
24000002
101020010
1030013
101020022
100201100
1030010
22001210
100201103
14201
24000020
101020031
1030004
1030001
22001201
1210220
30013001
1030031
312010010
14210
130003001
301000310
1030022
102003101
312010001
101020040
142000100
112030010
1030040
400040000
10123010
30013010
112030001
301000301
220003001
101200301
24000200
100201040
2013110
1210301
202030010
102003110
2013101
101102003
101102000
222100100
202030001
101200310
100201031
101020100
101020103
100201022
10123100
101102030
120140000
100201010
100201013
1112030
1112000
100201001
1112003
320120000
100201004
1210310
4012010
1030103
132100100
22001300
1030100
14300
4012001
220003010
104002001
301000211
210140000
1030121
101020130
140001200
104002010
10041200
21100202
301000220
312010100
110031200
1030112
12040001
142000001
301000202
142000010
130003010
1030130
21100220
12040010
32110100
20003120
301001201
402010100
113000120
203011100
221001002
10320020
301001210
2013200
221001020
100204010
201012200
22002011
10320011
20003111
400011200
100204001
113000102
22100300
22002002
10320002
303000110
130220000
311012000
303000101
20101400
300100040
22002020
20003102
1210400
1030202
202110002
211001
211004
211010
300100001
1030220
3111020
10402010
210040001
211013
300100004
300100010
1030211
211022
300100013
210040010
100040120
202110020
10402001
100040102
301001120
100122020
211031
300100022
200111030
300100031
211040
110100203
100122002
402010001
110100200
140030000
13220000
402010010
102203000
32111000
10320110
100220300
200111000
3111002
200111003
10320101
4012100
301001102
223000010
100302200
101400200
303000200
24001001
21101000
21101003
223000001
1030301
24001010
211103
211100
220100030
100040021
21101030
100040030
1030310
101220002
220100021
110100002
30112100
20003201
30030200
220100012
100040003
301001030
100040000
231110000
210302000
110100023
211130
100040012
110100020
20003210
101220020
220100003
220100000
30112010
210220100
301001012
2210021
130400000
332000000
30112001
100220210
301001021
110100032
2210030
201012020
100220201
30030110
20003300
301001000
201012002
301001003
400011020
221001200
30030101
201110300
113000030
100302110
113000021
123011000
100302101
113000012
2210000
22002110
2210003
202110200
101302010
11303000
104120000
101302001
22002101
113000000
1112300
2210012
1014002
113000003
211202
220001300
1014020
30030020
1030400
3111200
2210102
211220
31001
31004
100220120
10222010
31010
31013
312110000
10222001
400011002
23001200
31022
31031
20101130
110002103
110002100
100302020
100220102
31040
100302011
112001000
410100020
13040000
112001003
100302002
23001110
102023000
31013000
410100002
23001101
30210200
20101220
100400300
110002130
101302100
101220200
202012010
20101202
22100021
211301
330001100
113000
2210120
302001002
113003
202012001
211310
22100030
22100000
30030011
22100003
222000200
302001011
124010000
113012
30030002
302001020
21002300
31100
113021
22100012
31103
2210210
100220030
101040002
113030
20101301
31112
20003000
110100230
20003003
100220021
20101310
101040020
11123000
31121
100220012
210122000
410100200
100220000
300001400
100220003
31130
103301000
210040100
2030012
22100210
3013001
100400210
10402100
2030003
2030000
113000210
100400201
113000201
1014200
22100201
2210201
3013010
110100302
3013100
330001001
22100120
211400
302001101
202012100
113102
113000300
2030030
204011000
110002013
110002010
230012000
10320200
12401000
302001110
22100102
330001010
211400000
110002004
2030021
413000000
2210300
110002001
110002031
113120
31202
20003030
200012300
110002022
31211
10140020
110100320
201110030
30210110
300001301
31220
20003012
110002040
10140002
30210101
20003021
401010200
300001310
2030111
10042010
20020022
301100021
2030102
10042001
301100030
201110000
20020031
30211010
201110003
20020001
310012010
301100003
301100000
20020004
110001302
20020010
310012001
20020013
300002300
21003101
301100012
410002001
220002110
2112002
110001320
21003110
20200211
20200220
220002101
410002010
103300100
112000130
113201
101203001
2112020
2030120
104021000
113210
20200202
20102003
20102000
20200310
200012201
300002210
21003011
31301
23100200
302000201
222001010
101203010
21003020
31310
20102012
302000210
222001001
20200301
200012210
312011000
203110010
210401000
412001000
112000202
11320010
2030201
1211003
203110001
1211000
11320001
10042100
112000220
30211001
300002201
20020040
10124000
21003200
401010020
220002200
112000040
1211030
100401020
31030100
120012200
10222100
111230000
100401002
20020130
101203100
113300
31112000
2030210
10304000
331000100
112000013
20020112
103120001
112000010
112000004
31400
20020121
300002120
23002100
302000300
112000001
200110400
200012102
230111000
103120010
10140200
112000031
200012120
401010002
20020100
211220000
20020103
20102021
112000022
20102030
110001203
110001200
310012100
110001230
103120100
2030300
20020211
410002100
23002010
112000100
112000103
20020220
221100002
23002001
203110100
100024100
300100400
300002102
221100020
20102120
20020202
300002111
20200400
20102102
2112200
130121000
310004
12221000
310001
103202000
222001100
310013
310010
23100002
310022
300002021
220100120
200012012
200012003
200012000
200110310
310031
23100011
300002030
23100020
3210020
200012030
220100102
101023001
310040
200012021
3210002
24001100
31030010
2014010
101023010
31030001
3210011
300100301
2014001
200110301
300002000
300002003
300100310
100024001
112000400
100024010
300002012
3210101
110231000
102301010
3210110
210221000
310100
102301001
310103
1031003
22002200
1031000
11222000
20200040
123010100
200110220
20200022
1031021
310112
20200031
1031012
220100210
310121
223000100
331000010
20200004
20200001
310130
220100201
20200013
101023100
1031030
331000001
20200010
112000301
20200112
11320100
300100202
2014100
130301000
20200121
20200100
300100211
103022000
20200103
211040000
200110202
100040300
112000310
300100220
201011300
12041000
301001300
23100101
31210100
1113020
23100110
100122200
1031102
102301100
21101300
1211300
203012000
21003002
1113002
100204100
11402000
310202
300100130
303000011
120012002
31210010
220002011
310211
310220
101400002
303000002
31210001
220002002
130001
220100300
120012020
3030011
130004
104300000
303000020
130010
3030002
130013
101400020
200110130
1031120
300100103
100040210
300100100
130022
3210200
400010300
130031
300100112
120110300
4013000
20200130
220002020
30014000
200110100
130040
200110103
300100121
100040201
100203002
303001100
21200201
22003010
300101102
100301300
400010201
103021100
21200210
200030201
111000200
111000203
310301
21020000
212003
310310
302100002
211022000
21020003
212000
210301100
31211000
1031210
10403000
203010110
301002200
3030020
302100011
203010101
21020012
1031201
212012
102300200
100121030
20004101
302100020
400010210
130100
21020021
130103
212021
111000230
103103000
212030
21020030
20004110
130112
102120020
200030120
300101030
212300000
130121
310210100
131120000
10321100
130130
102120002
20004200
100121003
400010120
100121000
221000012
100301210
1113200
3112010
300101003
300101000
100301201
24100100
221000000
3112001
221000003
200112002
3030110
221000030
111000302
200030111
22003001
300101012
11042000
221000021
200112020
200030102
3030101
300101021
203010200
310400
302100101
123010001
21102020
301002101
212102
102202001
21020102
221000102
1031300
3112100
102202010
123010010
301002110
302100110
200210300
221000120
3030200
201013100
120110000
21020120
120110003
130202
2211002
212120
400010102
200030030
130211
200030021
130220
100301120
24002000
310030010
210301001
232010000
400010003
110230100
400010000
310030001
400010012
200210210
200030012
22003100
110312000
301002020
100301102
32030000
210301010
331100000
200030000
200030003
301002002
102202100
120110030
302100200
201013010
212201
301002011
2211020
411002000
21200300
10321010
212210
400010021
201013001
21102002
10321001
200210201
400010030
130301
301100300
32000
32003
10223000
120011300
101301002
10010012
110001032
130310
10010000
10010003
20102201
32012
4210001
101301020
32021
4210010
100301030
122010200
104201000
32030
102120200
1310003
10010042
30113000
1310000
200210120
100301021
10010033
220000310
100301012
1310012
412100000
10010024
220000301
100301003
100301000
30031100
10010030
230011010
10010021
301100210
22101020
212300
302002001
30031001
114002
1310021
200210102
12140000
302002010
22101002
301100201
1310030
3014000
130400
212120000
102022001
114020
32102
20020310
30031010
230011100
310030100
102022010
10010102
32111
202011002
20102210
131300000
32120
310112000
20020301
200210030
20020400
22101200
103300010
2031002
20004020
1310102
202011020
103300001
200210021
220000400
20004002
20004011
111000320
2211200
21200102
301100120
20102300
110132000
2031020
200210012
302002100
301100102
12320000
32210000
21200120
1310120
200210003
2031011
200210000
21200003
102022100
21200000
24100010
32201
2113001
230011001
24100001
130022000
21200012
30211100
32210
2113010
102104000
21200021
101301200
21200030
2031101
110001002
100022300
1310201
110001023
110001020
4210100
304001000
330002000
210203000
100104200
1130000
1130003
100400120
11321000
21004100
101120003
101120000
4030010
4030001
1130012
211301000
1310210
104020001
304000010
20021030
101120030
10010240
2031110
104020010
114200
220001030
100400102
304000001
110000303
110000300
230110100
10010300
20021012
23003000
10010303
330100100
102103100
32300
20021021
301101020
302001200
120011030
310013000
204010010
1130021
110000312
301101002
20021000
204010001
20021003
1130030
10010330
110000330
104102000
102021200
101300300
410003000
10010321
202011200
110000321
1310300
10010312
20103011
130202000
220001102
100023200
101202002
204010100
20103020
20021102
20201300
300003200
100400030
130120100
1212020
1130102
20103002
30212000
101202020
2113100
100400021
1212002
100400012
22200101
100400003
304000100
100400000
200013200
220001120
22200110
2031200
30130100
130120001
330100010
230110001
110000132
130120010
10010132
330100001
230110010
20103101
10010120
30130010
10010123
1130120
30130001
22102001
220001210
4030100
22102010
220001201
222000020
222000011
100023110
20021120
104020100
222000002
4112000
10010201
110000204
10010204
200013101
300003110
110000201
1130201
3211001
100023101
103201001
110000222
103201010
222000110
122010002
22200200
110000213
210023000
110000210
311000
200013110
222000101
311003
20021201
311012
122010020
10043000
22020011
110033000
110000231
311021
20021210
22020002
10010231
311030
1130210
20103110
10010222
10010210
22020020
300003101
10010213
110000240
130300100
20201012
31031000
131021000
20201021
101202200
331001000
100023011
100023020
30310100
10420100
20201000
20201003
200013002
300003011
100121300
221000201
200111300
23101001
101120300
100023002
300003020
1130300
23101010
3211010
200013020
101022002
100203200
200013011
21102200
1212200
311102
221000210
221000300
11010023
101022020
11010020
1032011
111000020
121010300
111000023
1032002
2310002
311120
300101300
11010032
2310011
300003002
1032020
111000002
110230001
210220001
21020201
103201100
110230010
102300020
3211100
210220010
20201030
21020210
102300011
11010002
102300002
231011000
111000032
210400010
22200020
210400001
22200002
20201120
22200011
110000402
100203110
203011001
21004001
1032110
130300001
100203101
311201
303001001
2310020
310210010
110000420
21004010
1032101
310210001
10010420
130300010
311210
410200001
300101201
30310010
10420010
410200010
131000
300101210
131003
20201102
10010402
303001010
30310001
10420001
20201201
131012
21020300
3031010
23101100
131021
20201210
102300110
131030
203011010
120011003
102300101
120011000
220001021
300101120
220001012
103021001
210400100
103021010
220001000
100203020
2310101
220001003
3031001
100203011
101022200
2310110
