300012001
1
11002021
4
11010220
300020200
302101000
11002030
21021001
10
213001
300012010
13
1024000
23110000
213010
21021010
2302000
221200
102000130
22
140200000
31
131101
34
11100301
131110
101140000
40
110102200
41002
43
100001221
11010202
201010120
41011
11002003
300102100
11002000
100001230
11002012
400300000
41020
120031000
11100310
110020300
100001200
131000200
100001203
102000211
102000220
100001212
210300100
201010102
201100210
20210020
11002102
201100201
11010301
40002100
210210001
11100400
211021000
210210010
102000202
23200000
300020101
100
2220100
20210002
103
300020110
213100
20210011
20300101
112
2130001
302011000
123001
121
2130010
20300110
124
2212000
100001140
20210101
130
131200
123010
11100202
133
110020102
20210110
41101
142
300102001
41100001
110102020
2130100
201010030
11100220
110020120
41110
100001122
300102010
41100010
300110200
10240000
11010100
20300200
14000200
201010021
100001131
11010103
102000310
12001300
100001110
201100120
100001104
201010012
1401010
201010003
201010000
203001010
113002000
100001113
203001001
100001101
102000301
201100102
1401001
23020000
300020002
300020011
202
110110300
211
300020020
2040010
214
21103000
220
123100
2040001
223
320001010
131000110
210300010
100001041
230002000
100042000
20120020
110020201
232
42001000
210300001
33001
140110000
131000101
300200200
110012002
21021100
41200
20120002
241
33010
300110101
20120011
110012020
11010130
320001001
110020210
100001032
300110110
201100030
100001014
102000400
131000011
12100030
100001011
301003000
100001020
201100021
100001023
110004100
131000002
12100021
1311001
10011031
201100012
10101130
120211000
12100012
112003000
203001100
10011022
210202000
200002300
420010000
12100000
1401100
131000020
10011010
12100003
11002300
201100000
20013100
10011013
201100003
100001002
202100011
41010001
210120100
230010001
300110020
202100002
101001004
21201001
41010010
101001001
301
230010010
22012000
304
2122000
101001013
21201010
230100100
210030001
310
13001200
1311010
101001010
41100100
10011040
313
2040100
101001022
210030010
202100020
230010100
300200101
322
101001031
10011100
10011103
10101202
200002210
300200110
200010400
331
13001101
33100
13001110
300110002
340
22020100
101001040
100132000
300110011
114010000
10011130
321000001
321000010
111200200
1311100
111020020
301011100
200002201
3400000
140020000
111020002
10101220
120121000
1221010
3310000
10101022
202100110
321000100
10101010
101001100
101001103
202100101
21201100
10101013
400
202010011
403
10101001
410002
230100001
10101004
202010002
1221001
412
230100010
410011
2032000
111200002
410020
200002120
110004010
421
300200002
110012200
10101040
200010310
202010020
430
11010310
300200011
110004001
101001130
11002120
300200020
210210100
301011010
111200020
100140100
10101031
20300020
41010100
11002210
210120001
11010400
301011001
100222000
1303000
210120010
200002111
200010301
20300002
200100400
200002102
20300011
301101100
400021000
103000003
10011001
103000000
202100200
10011004
1131001
13001002
114100000
103000012
410101
202010110
13001011
10101103
103000021
10101100
101001202
410110
13001020
103000030
11002201
1221100
202010101
220000030
10101400
200002030
320002
10003102
200010220
200010211
220000021
101000200
101000203
200002021
320011
220000012
320020
3220000
101000212
130000300
1131010
101000221
220000000
220000003
200100301
101000230
10003120
30000100
30000103
30000121
100141000
200010202
301020100
10011310
100100032
200002012
211300000
200002003
121120000
30000112
200002000
200100310
10011301
100100041
12010120
10003111
100100023
400111000
301102000
30000010
100100020
1000012
41001010
30000013
110200021
121030000
30000001
22111000
1000003
30000004
1131100
110200030
1000000
43000000
202002010
110200000
1000030
110200003
202010200
12002020
100100002
12010210
30000031
113100010
1000024
402001
41001001
100100014
1213000
1000021
202002001
113100001
402010
100100011
110200012
410200
30000022
30000040
320101
200010121
220000120
21300001
12002002
20022100
1000042
1041001
320110
101000302
200010112
12002011
1000033
12010201
21300010
303100000
230002
20104000
101000311
220000111
12100300
230011
200010130
220000102
1041010
20014000
101000320
210112000
230020
200100202
110003200
210030100
301020001
200100220
12010021
410000101
12010030
112002100
301020010
200010103
410000110
200100211
200010100
10003000
12100120
1000111
100231000
10003003
114001000
12010003
10101310
301110100
12010000
1123000
1000102
12010012
201001300
10101301
402100
1000123
1000120
21210100
1000114
202002100
12100102
3130000
204001000
40100002
21300100
12010102
1000141
1041100
200010031
312001
40100011
12100210
1000132
320200
2401000
10011220
200010022
10003030
220000210
312010
200100130
12100201
21210001
200010040
101000401
220000201
10003021
230101
40100020
22021000
21210010
10011202
101410000
10003012
230110
303010000
101000410
140002
120301000
410000020
200100100
140011
200100103
130000210
200010010
410000002
400201000
210022000
200100121
130000201
200010013
140020
200010001
410000011
200100112
41001100
200010004
201001210
20030002
110200210
1000204
301110001
320000020
1000201
113010100
301110010
20030011
201001201
40100200
320000002
11011000
1000222
100321000
11011003
231010000
211120000
20120101
301200100
40010101
110200201
320000011
14001100
121300000
1000213
40010110
1000210
20120110
111003010
312100
130000030
110020012
200100040
13100002
20202001
1033000
1000231
130000021
20210200
13100011
110020003
110020000
3040000
20202010
12002200
110020030
222001
130000012
13100020
410000200
222010
230200
110020021
130000003
130000000
1000240
200100013
20202100
300004000
111003100
10200031
40010020
130000120
200100010
140101
21013000
200100004
101320000
200100001
140110
10200022
130000111
10200010
200100031
10200013
130000102
10200001
200100022
201001120
10200004
1000303
110102002
1000300
211030000
40100101
40100110
40010002
203100010
301200001
10200040
20030020
201001102
320000101
1000312
100001410
301200010
40010011
203100001
2311000
320000110
110200300
11011030
102000022
12002101
304000
100411000
1000330
211210000
401020000
12002110
102000031
12010300
100001401
1000321
102000004
10011400
10003210
102000001
222100
102000013
10003201
102000010
110110000
110110003
132001
20030101
300012100
231100000
14001010
132010
121210000
110200120
140200
20030110
40002001
20112001
110200102
101230000
40002010
20112010
40010200
20120200
102000040
14001001
201001030
20022001
203010010
1410001
201001021
203010001
20030200
20022010
201001012
11101030
1410010
201001003
201001000
1000411
20112100
320000200
100001320
1000402
110110030
203100100
11101000
11101003
100001302
111003001
102000112
113010010
1000
2221000
100001311
1003
1000420
113010001
102000121
102000100
102000103
214000
1012
113100100
22201000
10003300
1021
1024
201003001
320010001
100000240
1030
132100
31000030
10200220
320010010
10200211
1033
112100002
31000021
120120100
20211001
10110103
10110100
320100100
10200202
101311000
42001
100000231
1042
31000012
120030001
401110000
110011030
2131000
31000000
20301100
31000003
112100020
42010
120030010
100033000
100000213
1410100
200110030
11003011
100000210
10020031
200110021
10110130
300013000
100000222
11003020
10020022
113001100
10020010
22300000
10020013
100000204
10020001
120202000
100000201
10020004
200200111
11003110
200200102
11011300
1102
10020040
200110012
1320001
200200120
1111
1114
200110000
200110003
1320010
1120
10110202
124000
1123
320010100
10102012
401200000
10102003
10102000
201101200
1132
10200310
13100200
21022000
100000132
211020001
13010101
42100
1141
10200301
20211010
100000141
13010110
230001100
211020010
100041100
11003101
101221000
20121010
22210000
13100101
1402000
100000114
2000023
13100110
2000020
300021100
100000120
100000123
113001010
100123000
2000014
100000102
13010002
113001001
2000011
211200001
110101000
100000111
20121001
110101003
2000002
211200010
13010011
10110010
200200012
13010020
10200121
1230001
210004000
10110013
120112000
1230010
20211100
10110001
10200112
200200003
200200000
10110004
200200030
1320100
1201
120030100
1204
411000010
110101030
2041000
201011020
2000041
1210
300103000
200200021
41101000
10200103
1213
411000001
2000032
10200100
201011002
320002000
10110040
100041010
111002200
1222
230001010
20203000
203000020
1231
34000
203000011
100000033
10110031
120022000
1240
30000400
10200130
203000002
230001001
10110022
11003002
11101300
100000042
100041001
100000021
2000122
300021001
100000030
100131100
100000024
2000113
2000110
100213000
211200100
300021010
100000000
110011003
100000003
110011000
2000104
100000012
2000101
101131000
1230100
321001000
2000140
21202000
110003101
1300
1312000
1303
2000131
300111100
201101020
1312
10102201
40200001
12101020
21120100
110003110
1321
110011300
210201001
40200010
1140001
21030001
1330
12101002
211012000
210201010
100131010
201101002
400012000
203000110
21030010
1140010
203000101
10012120
300111010
2000221
21120001
101000002
21120010
41011000
2000212
101000014
12011002
10020310
101000011
100131001
101000020
101000023
400020100
2000203
10020301
100221100
2000200
10102210
10110400
411000100
10012102
100303000
1222000
30000301
101000032
300201100
200003200
101000041
101041000
120300100
120210010
112010200
112002010
2000230
1402
300111001
120210001
112002001
121021000
30000310
411001
10020121
21112000
30000202
1411
411010
10020112
112010020
1420
203000200
21030100
10102030
30000220
1140100
10110220
30000211
10020100
120210100
10020103
10102021
101000101
110101300
211102000
400102000
2000311
101000110
100221010
101000104
2000302
100221001
13002100
110003002
101000113
320100001
10020130
320100010
112010002
101000122
40200100
110003020
112100200
101000131
100311100
10110301
101000140
30000130
10200400
10102102
400110100
300201001
200003110
110003011
200011300
301012000
40110001
300201010
211020100
13002001
411100
13002010
2000320
13010200
40110010
231000100
120120010
10020220
10012030
11003200
20301010
120120001
10020211
321001
10012021
1132000
10020202
10102120
10012012
400020001
200003101
321010
10012000
10012003
20301001
10110310
400020010
410001010
2000410
30001102
210021001
12003001
2000401
100140010
212110000
10012300
210021010
10004110
410001001
100140001
102400000
112001200
10004101
30001111
200011210
14010100
300120001
1001002
200003020
11110030
200003011
300120010
30001120
200011201
100230100
114000100
1001023
1001020
2410000
1001014
100312000
21211000
1001011
403000
114000010
14010001
11020012
101032000
1001032
11020000
321100
114000001
11020003
21301000
111010000
111010003
30001030
14010010
300210100
200003002
121201000
14100100
11020030
200101300
231001
210103000
11020021
1001041
1042000
202001002
41002000
231010
400110010
11200201
400110001
210021100
102310000
231001000
10004200
111010030
12003010
202001020
12011200
11200210
202001011
400200100
1001101
100230010
10102300
100230001
210201100
40101100
400200010
1001113
110002201
1001110
400200001
200011120
40011001
100320100
1001104
30001000
100000
300300100
30001003
100003
2320000
1001131
11200012
10020400
11200003
11200000
21121000
10012210
100402000
313000
10004020
110002210
100012
1001122
110010400
10012201
10004011
11200030
30001021
100021
300210001
200011102
20400001
200101210
301021000
100024
10004002
12011020
1001140
410001100
200101201
20400010
30001012
300210010
100030
231100
11200021
100033
120300010
302200000
20310001
3000040
202001101
120300001
100042
141001
11200102
20310010
141010
2230000
11200120
20400100
11110000
11110003
202001110
401011000
3000013
111100030
212200000
200011021
3000010
12101200
3000004
40101001
3000001
200101120
200011012
100320010
40101010
110002300
3000031
1001212
14100001
102220000
3000022
100320001
111100003
1001203
200011030
14100010
111100000
1001200
1001230
11020201
200101102
300300001
100102
100410100
3000100
3000103
11012002
1001221
300300010
13101001
100111
111002002
10000
200011003
42010000
22120000
200011000
10003
111100300
20031010
100114
3000121
13101010
100120
100123
11020210
223000
10012
11012020
3000112
401101000
204000010
201002200
100132
10021
10201021
20031001
10024
204000001
301111000
100141
10030
120021001
141100
10201012
10201003
302110000
10033
10201000
31000300
120021010
11110300
111002020
202001200
10042
40011100
20121100
2140000
102130000
200101030
31000210
120021100
204000100
20031100
31000201
1001311
100000420
11102200
1001302
20113000
10201030
320001100
40011010
111010300
200101000
200101003
100410010
100000402
1001320
100201
100410001
100204
100000411
3000130
120103000
200101021
100210
100213
10102
122110000
200101012
211201000
100222
10111
10114
212020000
14002000
201002110
11200300
100231
201010300
10120
133000
10123
412000000
201002101
100240
10132
301201000
11102002
10141
302020000
42100000
101401000
3000202
12003100
1411000
322000000
3000220
100000321
1001401
3000211
100000330
3000301
210013000
100300
100000312
1001410
100303
2002
232000000
102040000
100000300
201010210
100312
10201
40003000
100000303
3000310
2011
10204
2014
201002020
22030000
201002011
100321
31000120
201010201
10210
2020
122020000
10213
2023
20023000
201002002
100330
11102020
10222
11020102
120013000
201100300
2032
11020120
31000111
10231
43000
2041
31000102
10240
420000010
10021021
20130100
420000001
120000301
12110002
102002200
10021012
10021000
100003300
120000310
41020000
10021003
20212000
12200110
210003100
12200101
230000020
310000210
310000201
100402
2101
230000002
2104
100411
10300
1321000
130011010
101011000
13003000
230000011
10021030
101011003
2110
10303
10103002
2113
100420
103100002
10312
2122
103100011
10201300
230000101
103100020
10321
101011030
2131
10330
13011100
230000110
2140
2001022
200410000
130011100
11004100
301210000
111030010
31001020
31001011
2001013
420000100
2001010
111030001
111202000
20040001
200000410
212002000
2001004
31001002
100003201
10103020
10021102
2001001
10103011
200000401
20040010
12110020
3000400
104001100
100011400
132100000
100003210
10111003
10111000
13011010
21400000
1231000
2001040
20040100
10201102
2200
2001031
2203
212100100
10402
20122000
11020300
2212
112021000
111300100
420001
200000320
10411
420010
10111030
130101100
2221
212010001
10420
2230
120000400
212010010
10201120
210003001
110014000
11012200
210011200
200000302
100003120
210003010
130011001
11004001
2001112
103010020
130101001
11004010
2001103
2001100
100003111
130101010
100011301
301300000
310000300
212010100
100011310
200000311
103100101
10201210
1100020
1100023
10201201
100003102
103100110
13101100
12200020
100101400
103010002
12200011
101101300
1100002
2001130
12200002
103010011
1100011
2302
1100014
101003002
13011001
2001121
420100
101003011
2311
101003020
200000230
103100200
120000040
2320
1100032
300022000
330001
103010101
21031000
1141000
1100041
103010110
330010
32000200
200000203
100011220
100003030
200000200
120000004
4000030
2001211
120000001
4000021
120000013
10021300
2001202
220030000
120000010
111022000
10013110
120000022
100003012
4000012
12020101
100011202
10013101
200000221
120000031
100003021
12020110
10103200
4000000
4000003
200000212
110301100
120000103
11201002
1100113
100101301
311000011
340000000
120000100
210200002
4000120
100101310
1100122
311000002
210200011
100003000
40201000
100003003
141001000
112300000
1010014
4000111
213100000
210200020
1010011
20220001
1100101
11201020
12012001
120000112
101003101
1100104
2001220
4000102
311000020
30001300
1010002
12012010
131002000
20220010
120000121
1100110
12020200
20310100
101011300
2401
300112000
101003110
412000
200000140
200000131
1010023
2410
1010020
12102100
330100
1100131
300030100
1010041
1100140
1010032
2001310
240001
200000104
12020020
20302000
200000110
32000110
240010
2001301
100011130
32000101
200000101
200000122
100101220
12020002
10021120
200000113
320101000
12020011
1100212
120000130
100101202
10103101
100011103
100011100
1100221
1010110
103002001
12200200
1010104
1100200
103002010
1010101
103010200
1100203
12110200
110301010
200000041
12102010
10021210
200041000
10013020
101003200
1010122
300120100
12102001
10021201
111030100
200000032
10013011
1010113
10013002
300030001
1010140
322000
1100230
100011040
103002100
300030010
110301001
10103110
1010131
10111300
200000011
100011031
20130001
32000011
200000014
2001400
240100
200000002
20130010
32000002
320011000
120000202
4000210
20220100
140100010
30001210
100011013
300202000
120000211
4000201
100011010
140100001
30001201
100011022
120000220
131010100
32000020
200000023
40111000
100101130
200000020
110202001
32001001
100012021
231000001
100020211
1100311
100012030
110210200
100020220
110202010
231000010
210200200
4000300
100110310
1002013
40102000
131100100
1010203
100012003
111013000
131010010
1002010
100012000
12004000
1010200
32001010
100012012
11201200
1002004
100020202
131010001
1100302
1002001
100102120
102100021
1002031
100102102
1010221
210020002
100200400
1002022
100110301
102100030
1010212
140010100
13200100
103001101
210020011
210020020
1100320
13110010
102100000
110030011
103001110
102100003
1002040
101002300
102100012
1010230
13110001
110030002
140010010
232000
40020001
13200010
10300120
10210012
40020010
13200001
10210003
140010001
110030020
300121000
10210000
21130000
10300111
103001200
100020130
200131000
421000000
10300102
140100100
20401000
1100401
11021002
110202100
100020112
1100410
100020121
40110100
100020103
1010302
321010000
100020100
100102021
210102001
11021020
30010300
10210030
30002110
1002103
100102030
1002100
100110220
30002101
210110200
10210021
210102010
40012000
102010000
100102003
3001000
3001003
202000012
1002121
30100300
102010003
100102000
111103000
140002000
10013200
102010012
1010311
202000003
202000000
100102012
101002
102100120
100110202
100200310
1002112
30010201
3001021
30002011
101011
102100102
202000030
100200301
101014
3001012
30002002
1002130
101020
101023
202000021
1010320
210200101
200221000
210200110
101032
30010210
30002020
14011000
101041
131100001
102010021
142000
210110002
102010030
131100010
110300200
100020040
100020022
21040000
30010120
210110020
110120020
100110130
100020031
100020004
110120002
1002202
100020001
100020013
113020000
300211000
100020010
14101000
100110103
213010000
102010102
10300030
1002220
100110100
100200220
202000111
1010410
40020100
102100210
10300021
211003000
3001030
100200211
202000102
1002211
101101
20311000
1010401
10300012
101104
202000120
100200202
12012100
1420000
101110
101113
11002
102100201
10300000
10300003
10202011
2100001
13020100
10210201
111300001
101122
11011
2100004
11014
111300010
10202002
2100010
101131
130002100
11020
2100013
3001120
11023
10300300
101140
2100022
11032
102010120
2100031
11013001
11041
30100201
10120120
3001102
10030012
200311000
10030000
10030003
212101000
300301000
100110040
20032000
100110022
1002301
132001000
30010111
100110031
11021200
30100210
10210210
100200130
11013010
3001111
10120102
10202020
30010102
210012100
100200121
202000201
100110004
1330000
11013100
30100111
102002002
100110001
100200112
1002310
100110013
30100102
102010201
100110010
102002011
110104000
101200
101203
33000100
30100120
30010012
10030030
3001210
202000210
30010000
102100300
30010003
110022100
212011000
100200100
10030021
3001201
101212
11101
100200103
11104
101221
10202110
11110
30010030
10210300
2100040
11113
30010021
10202101
101230
102002020
11122
21310000
102010210
13102000
201040000
11131
301030000
210020101
310000120
2100130
2010013
41110000
2010010
11140
141100000
210020110
2010004
11103010
2010001
100200040
110030110
310000111
112201000
110120200
200401000
110030101
310000102
13110100
102002101
2100100
202000300
2010040
100200031
13020001
2100103
102010300
31001200
102002110
13020010
10210102
100200022
10300210
1002400
11103001
2100112
2010031
100200010
10300201
100200013
33000001
101302
2010022
100200001
3001
2100121
100200004
3004
33000010
101311
104001010
11200
3010
321100000
11203
10120030
3013
101320
2100202
11212
101101003
3022
101101000
10120021
31001110
210102100
1240000
10210120
2100211
31001101
11103100
11221
10120012
3031
10120003
10120000
104001001
2100220
11230
3040
101101030
21220000
310000030
130002010
210012001
130010200
30100012
30100003
2010103
2010100
30100000
210020200
201130000
130002001
210012010
310000021
301120000
41200000
110022010
30100030
110030200
310000012
310000003
3001300
310000000
230000200
30100021
110022001
11300011
100002301
2010130
11300002
101100040
20000032
220021000
300310000
2010121
14200000
11300020
20000041
101401
20041000
130010020
10030210
3100
10022020
2010112
3103
110013100
101410
130010011
20000020
102001201
20000023
104000020
11302
3112
130100200
112020100
130010002
31002100
102001210
11311
104000002
210002101
3121
20000002
40210000
12201100
141010000
210010300
11320
104000011
3130
210002110
20000011
20000014
20000113
31010200
130010110
101100103
101100100
2002012
31002010
130100101
2010202
10030300
10022110
31002001
310001200
130010101
212001001
20000122
2002003
112012000
10022101
2002000
130100110
212001010
10104010
101010004
10112200
20000101
101010001
100002211
104000101
100010401
101010013
100002220
20000104
10104001
100420000
104000110
100010410
20000110
101010010
101010022
101100130
300400000
101010031
2100301
100002202
2002030
2010220
2100310
2002021
101010040
2010211
102001300
3202
10030111
112020010
12201010
10120210
11401
3211
112020001
210010120
421000
10112020
10030102
2100400
312000010
11410
200001400
12201001
10120201
3220
10112002
312000001
2002111
2010301
40120000
100010320
100002130
2002102
110103100
101100202
133000000
10030120
101010100
100010311
20000131
101010103
100002112
101100220
100002121
20000140
100002100
4001020
100002103
131001100
1101010
10202200
1101013
100100401
110013001
100010302
210100300
100100410
4001011
1101022
210002002
2002120
20000230
4001002
101010130
2010310
1101001
110013010
1101004
210010201
112102000
110021200
210002011
210002020
10030201
1101040
130100002
10022011
3301
20000212
13012000
210010210
31010110
130100011
10022002
20000221
31010101
3310
240100000
31100200
130100020
200001310
10120300
1101031
20000200
20000203
104000200
312000100
331000
200001301
100010230
31010011
2002201
220201000
31010002
101100301
10014100
100002040
101100310
100010212
100002022
31100110
101002000
101002003
100100320
101002012
100002031
100010221
101010202
31100101
101002021
100100311
311001001
100002004
100002001
100002013
101010220
101002030
11120002
100010203
100010200
200001220
100002010
320020000
1011004
1011001
100100302
311001010
2002210
1101100
31010020
11120020
2010400
113200000
1101103
214000000
200002
211010002
1011022
110210002
3100012
3400
200011
1011013
3100003
113110000
200014
1011010
3100000
200001211
3100030
40030000
11030011
200023
110300101
200020
1011031
200001202
11030002
3100021
1101130
110300110
240010000
2002300
200032
100010131
120040000
131001001
200041
100010140
241000
4001110
1011040
11202010
4001101
100100230
101002102
11210200
14020000
110210020
101100400
211010020
100010113
101010301
11202001
131001010
20221000
100010122
12013000
200001130
1101202
101010310
100100212
100010101
220111000
100010110
103001002
100100221
200001121
20131000
4001200
101002120
100010104
11210020
103001011
1011103
1011100
210002200
100100203
103001020
100100200
140011000
10022200
11300110
10014010
200001103
32001100
12021010
200101
200001100
11300101
10014001
200104
200110
31100020
31100011
200113
110002
200001112
1101220
1011130
31100002
200122
11210002
110011
12021001
10104100
110014
200131
3010030
11300200
110020
100010032
110023
3010021
200140
100010041
30002200
100010023
140101000
110032
100010020
100100131
110041
100100140
12021100
101002201
420001000
12103000
3100111
211100020
100010002
101010400
1101301
100100113
110300020
101002210
14110000
100010014
3100102
200001031
100100122
100010011
212001100
1101310
110300002
3010012
100100101
1003003
1003000
211100002
3100120
110300011
100100110
300031000
200001040
3010000
3010003
100100104
311000200
21000001
101001220
200001001
211002001
1003021
21000004
103000102
3100201
200001004
200203
211002010
21000010
100011004
200200
211010200
1003012
103000111
21000013
1011202
100011001
11030200
13111000
11022010
3010111
110101
200001022
21000022
200212
100101103
1003030
200001010
11022001
110104
103000120
3010102
100101100
1011220
3100210
200001013
200221
21000031
110110
110113
10211002
20002
200230
21000040
201000400
20011
10301110
110122
110201020
20014
10301101
110131
20020
20320000
111020200
20023
32002000
110201002
110140
20032
20230000
100101040
1101400
20041
120220000
101001301
100101031
12300010
1003102
320200000
30003100
10211020
12300001
101001310
1011310
100101013
3010120
100101010
211002100
1003111
100101022
40021000
1011301
200302
220210000
102001
200311
113101000
102004
110200
110203
102010
100101004
102013
100101001
1003120
21000130
200320
20101
110212
34000000
102022
20104
3002020
30011200
30003010
110221
201000310
102031
20110
130001200
3010210
20113
201000301
110230
102040
20122
32010100
11202100
13201000
300040000
3100300
20131
320110000
311000110
420100000
103000201
11030020
20140
311000101
103000210
3010201
3002011
132000100
211100200
101001400
3002002
10301020
1003210
1011400
1003201
10301011
103000300
3010300
200401
20140000
3002110
132000010
102100
102103
10301002
3002101
200410
220120000
132000001
110302
12001
11120200
102112
21000100
12004
110311
400030000
201000220
21000103
20200
201000211
102121
12010
20203
32100100
12013
30003001
21000112
201000202
110320
32010010
102130
20212
12022
11030110
120130000
32010001
21000121
20221
11030101
12031
10031002
110021002
212100001
310001020
20230
20000311
2101030
210011020
12040
310001011
200140000
212100010
12210100
310001002
110021020
112200100
30011101
400120000
10203010
30101200
10211200
20000302
2101000
1003300
2101003
30011110
300130000
2101012
10031020
201000130
10031011
102202
2101021
110401
201000121
102211
32100010
12100
30011020
10203100
12103
32100001
110103001
30011011
201000112
110410
102220
20302
2101102
12112
210101200
20311
12121
201000103
201000100
20320
102001012
12130
10031101
2011003
2011000
10113010
130001110
102001021
10121200
20000320
110103010
130001101
12120010
10113001
3002200
100240000
12120001
102001000
102001003
300220000
113011000
1200022
40300000
2011030
400210000
4100020
10301200
1200031
13021000
210101002
102001030
201000040
1200001
2011021
100002400
4100011
1200004
1200010
210101020
213001000
2011012
4100002
102301
200230000
1200013
4000
20000401
2101120
4003
201000031
10121020
30101101
20410000
102310
11104000
12202
20000410
4012
310001110
120400000
201000022
10121002
201000010
20401
30011002
12211
4021
201000013
430000
310001101
201000001
1200040
20410
12220
11022100
30101110
4030
201000004
2011102
220300000
30101002
130001020
130001011
130001002
30101020
11014000
30101011
102001102
120310000
33001000
12210010
110201200
1110001
10203001
101100004
1200112
1110004
101100001
100330000
1110010
101100013
12210001
1200121
101100010
1110013
2011120
200320000
101100022
112200001
2101201
100002310
102001120
1200103
1200100
101100031
112200010
2101210
111004000
210011002
12300100
102400
210001030
4102
1110040
220110100
101013001
12301
4111
1200130
2101300
103102000
101021200
12310
1110022
101013010
4120
4010020
241000000
1110031
20001040
100120021
12030100
2003002
400001011
10023100
340000
11301001
4010011
100120030
400001020
4010002
4100110
30102010
100210120
30110200
200023000
100120003
20001031
220020010
100120000
12112000
30102001
100120012
4100101
220020001
400001002
11301010
11301100
410110000
1200211
4010110
30200200
1110100
12022000
1110103
100300210
4010101
210001102
1200220
100210102
311100100
20001121
2003020
121010020
100300201
311010010
2011210
30110110
4100200
1200202
311010001
110221000
20001130
2003011
30110101
2011201
30020011
1020013
1110130
124000000
121010002
210001120
1020010
103020100
30020002
101013100
4201
20001112
1020004
220102000
1020001
1020031
12400
4210
1020022
20001100
30020020
20001103
103012000
20001202
2003101
200113000
12030001
1020040
20001211
12030010
30110020
200031100
100210030
220020100
100210021
12120100
111040000
121100200
10031110
1102000
22000111
31003000
100300120
1102003
1200310
102201010
100210012
33010000
100210000
22000102
100210003
12202000
1110202
1102012
100300111
22000120
2003110
2011300
100300102
102201001
1200301
10023001
22000012
31011100
1020103
110311000
1020100
22000003
4300
200031010
22000000
410020000
22000030
1102021
10113100
1020121
22000021
1110220
1102030
1020112
200121100
311100010
30200110
4010200
4002010
30200101
311100001
210001000
4002001
1020130
401000200
210001003
210001012
30110011
200031001
20001220
30110002
10031200
210001021
10023010
220012000
110000014
1200400
100300030
110000011
1102102
30200011
4002100
110000002
1110301
30200002
100300021
210001300
11203000
120002101
221011000
200203000
100300012
30200020
33100000
311002000
100300003
110000023
10310020
120002110
100300000
110000020
120010300
102201100
31011010
2003200
101300011
1012012
1020202
110041000
110000041
201001
101300002
122001001
1012003
21000301
110000032
1012000
201004
1012030
201010
1020220
21000310
201013
1110310
130021000
122001010
1102120
1012021
1020211
101300020
201022
401000101
10310110
200121001
201031
401000110
10310101
21000202
11031010
201040
21000211
220200010
10400200
13210000
21000220
220200001
200121010
110000110
31011001
3101002
100013200
110000104
1102201
212000200
110000101
10220020
10220011
11031001
200211100
3101020
110000122
104200000
31101100
10220002
3101011
110000113
1020301
3101101
104110000
102021010
101300110
31101010
122001100
1012102
10400020
101300101
201103
201100
21000400
1110400
1102210
31101001
10400011
3011002
1012120
111001
1020310
3101110
101210002
201112
10400002
102021001
111004
212000002
201121
111010
401000002
220110010
111013
240001000
110131000
212000011
201130
101210020
200211010
401000011
220110001
111022
401000020
210001201
212000020
111031
220200100
311010100
210001210
120002200
100013110
111040
100021300
121100020
20001010
20001013
212000101
201022000
212000110
1102300
102103000
20001022
121100002
100103200
200211001
20001001
130111000
100013101
200301100
20001004
2200000
101300200
3011020
2200003
1004011
10310011
1012201
13300000
2200012
1004002
3011011
10310002
10400110
201202
2200021
102021100
201211
1004020
10400101
1012210
111100
111103
2200030
1020400
120010021
21001030
2200102
201220
120010030
10302100
21001
3011110
21004
110032000
31110100
2200111
2110000
102020101
111310000
21010
2110003
21013
2200120
102020110
111130
2110012
21022
200301010
10130110
21031
240000100
300000202
120100102
201030100
211001020
10130101
11023000
120100120
21040
3011101
10212010
300000211
31020010
10220200
120010003
120010000
31020001
200301001
211001002
10212001
120010012
201112000
300000220
3101200
120100201
102102100
1004110
1012300
240000010
100014001
1004101
221020000
100014010
10040020
100022200
240000001
310100020
310100011
120010102
10040011
100104100
3003001
201301
310100002
103000
103003
120100210
10040002
201310
101201002
300000130
111202
103012
2110021
21001000
130201000
21001003
103021
21100
2110030
21103
123000100
12301000
101201020
21001012
102012001
111220
103030
21112
102020200
21001021
102012010
110122000
201030010
11113000
21121
20100022
310010110
300000100
311001100
300000103
2110120
23000020
201030001
21130
20100031
310010101
300000112
310100200
20100001
11031100
23000011
20100004
300000121
20100010
201120100
23000002
20100013
2020030
31110010
100022101
10310200
10302010
1004200
2200201
100022110
100030300
110040100
2020021
31110001
10302001
3011200
201202000
3003010
120010120
21001201
2020012
2200210
13030000
100104001
2110102
31200100
21001210
201400
104101000
2020003
100104010
2020000
100112200
103102
201400000
10130011
120002020
111301
403000000
120010210
103111
13000
13120000
10130002
300000040
13003
104011000
2200300
21001102
111310
102012100
103120
2102002
21202
13012
10220110
31200010
2110201
2102011
21211
31200001
13021
310010020
10220101
300000001
21001120
310010011
111400000
120100300
21220
300000004
13030
313000000
310010002
30004000
300000010
300000013
3003100
100022020
100030210
120002002
310100110
201120010
300000022
20100040
400000300
120002011
201120001
300000031
10130020
120010201
310100101
210100102
100022002
400000210
22000201
2020120
11400100
121001020
201210100
30012100
100022011
100030201
111130000
32011000
12121000
10040200
2020111
10032010
210010000
213000100
11310010
210010003
10032001
210010012
2020102
100120300
121001002
22000210
210100120
11310001
400000201
310002010
100202200
103201
210010021
310010200
2110210
20001301
2102020
103200001
111400
210010030
310002001
103210
103200010
13102
131020000
20001310
102004000
21301
140000110
13111
101201200
140000101
21310
13120
103200100
20001400
10114000
140000020
101021002
140000011
103110001
101021020
140000002
200014000
100030120
103110010
100030102
32101000
100112020
201210010
100120210
1201012
100030111
2012020
210100201
2020210
201210001
1201021
312001000
210010102
100112002
2102101
2012011
210100210
2020201
1201003
1201000
201300100
110401000
2110300
2012002
10032100
100120201
2102110
10122010
111220000
10130200
12211000
120100012
100210300
103300
100202110
120100000
120100003
10122001
100202101
140000200
13201
1201030
123000001
120100030
2102200
21400
13210
120100021
123000010
30102100
101103001
10212100
131110000
30020200
30012010
101103010
210100000
210100003
30012001
210100012
4101010
200104000
221200000
400000120
210100021
400000102
100030021
10040110
4101001
100030030
200022100
400000111
210100030
10040101
400000021
103020001
30020110
4011001
100030003
100030000
121001200
1111000
400000030
103020010
100030012
1111003
310002100
30020101
100120120
2012110
131200000
100120102
2020300
4101100
400000003
201300010
400000000
400000012
100210210
2012101
100202020
1201102
221110000
201300001
300004
100210201
22000300
211001200
100202011
300001
1111030
11400010
300013
100202002
11400001
300010
10122100
103110100
300022
1201120
213000001
13300
100300300
213000010
101103100
300031
10204000
210000004
20100400
210000001
20002102
210000013
300040
20010301
122000200
210000010
20002111
210000022
30103000
202111000
101110300
210000031
1201201
3200020
22001002
30021100
101012002
1201210
210000040
101020201
11220100
101012020
311011000
3200002
120001300
22001020
11130010
2004010
2012200
101020210
11130001
3200011
221002000
22001011
2004001
4011010
300100
300103
30021001
1021003
111031000
110310100
1021000
301000120
11212000
210001
1021021
300112
3110011
3200101
301000102
210004
30021010
32110000
210010
1021012
3110002
300121
11130100
201220000
3200110
210013
301000111
210000100
4011100
210000103
210022
300130
1021030
103101001
210031
10401010
110220001
210000112
20010310
103101010
10401001
20002120
110220010
210040
210000121
101102200
11220010
202021000
22001101
4003000
1201300
101020300
103101100
1103002
11220001
220101010
20010400
20002210
110400001
220101001
22001110
103011001
2004100
100004200
110400010
21100000
1021102
21100003
301000021
20002201
32200000
3110020
21100012
301000030
300202
12031000
301000000
301000003
1103011
210103
21100021
310200010
210100
300211
30111100
300220
11310100
130020100
310200001
301000012
1103020
21100030
30201100
120001
102200020
311101000
210112
3020011
120004
210121
120010
3020002
120013
20002300
201310000
1021120
210130
30111001
102200002
120022
10024000
3020020
11302000
102200011
120031
130012000
103011010
110310001
220011001
101004001
110310010
120040
30111010
200032000
101012200
1103101
101004010
110400100
100004101
3110110
220101100
3200200
100012300
3110101
100004110
1013002
300301
20010040
202003
20100130
300310
202000
1013020
21001300
1111300
130020010
3102010
1021210
1103110
20010022
3110200
210202
1013011
130020001
20010031
3102001
1021201
202012
20010001
210211
330000010
120001030
10311100
20100112
110130100
102110002
20010004
120100
141000001
120103
202021
210000301
330000001
20010010
20100121
20010013
202030
141000010
210220
130102000
30001
110212000
120112
210000310
102200101
30004
20100103
20100100
120121
102200110
30010
30013
12400000
103011100
100004020
101004100
310110010
20100211
120130
100012210
110040010
20010100
100020400
30022
20010103
120001120
200040100
10221010
310110001
12310000
20100220
110040001
330000100
30031
102110020
10221001
130110100
100004002
30040
20100202
310200100
103003000
100004011
100012201
3020110
1013101
30201001
11032000
221100100
120001102
100102300
3020101
23000110
1103200
300000400
300400
202102
221010010
31012000
1013110
23000101
1021300
202111
200122000
221010001
30201010
210301
112000
302000002
112003
210310
210000130
3020200
3012010
310102000
302000011
2201002
120202
202120
3012001
112012
2201011
120211
302000020
30100
112021
120001201
30103
221010100
31020100
120001210
2201020
120220
102200200
112030
102020020
100020310
122000101
30112
11040010
110302000
20010130
200040010
30121
11040001
122000110
200040001
100012120
100012102
20010112
30130
100102210
102020002
100110400
20010121
100020301
3102100
102020011
110130001
141000100
10311001
122000002
110130010
300000301
11040100
210000202
200212000
122000011
100102201
310020010
122000020
10401100
20010211
20002021
110220100
23000200
300000310
210000211
210000220
200130100
202201
310020001
20010220
20002030
1013200
20002000
202210
20002003
210400
20100310
102102001
302000101
130200100
112102
31102000
20010202
120301
20002012
302000110
102110200
102102010
310110100
22000
130110001
22003
120310
11122000
112120
30202
130110010
22012
20100301
10311010
10000024
4200001
130200001
30211
310011001
22021
10000030
10131100
130200010
102101020
30300100
4200010
30220
2111020
10000021
22030
31021000
10213000
10000012
30210010
110031001
310101100
10000000
10000003
30210001
102101002
121000210
100013011
1300021
100021201
3012100
100013020
200220100
10041010
110031010
100021210
2201101
1300030
1300003
10041001
100103110
10000042
1300000
100111300
21002101
200130010
2201110
10000033
312100000
2111002
200130001
100013002
21010300
21002110
202300
121000201
1300012
200302000
104002
211000021
112201
100103101
104011
211000030
3004000
21100300
211000003
300001201
2201200
120400
21002002
211000000
112210
104020
22102
21010201
121000300
300001210
21002011
30301
211000012
22111
10000120
10123000
21010210
10000123
21002020
30310
22120
12130000
310101010
10000114
202300000
112120000
102011002
110031100
310101001
100021120
131011000
10000111
110113000
10000102
300001120
1210003
1210000
2021020
31111000
101200012
4110010
10303000
200220010
101200000
101200003
1300120
2021011
200220001
1210012
4110001
210000400
20101030
2021002
100103011
104100001
1300102
101200030
131101000
21002200
102011020
100021102
100103020
1300111
101200021
104100010
201031000
10131001
30300010
200310100
104101
310011100
20101012
140001010
100201300
100103002
112300
30300001
300001102
20101021
104110
140001001
14002
300001111
10221100
1210021
20101003
22201
20101000
14011
1210030
30400
2111200
2103010
22210
14020
102101200
20011000
20011003
120001003
120001000
100021030
120001012
10131010
12220000
120001021
20101102
202210000
112210000
1300210
100021012
4200100
1210102
221101000
300001030
2021110
110203000
100021021
23001010
101200102
101200120
2021101
101110003
101110000
23001001
310011010
2103001
1300201
100021003
100021000
200310001
211000210
100201210
1120021
21100102
101110030
300001000
104200
100201201
300001003
200310010
24000100
1120030
21010000
1120000
1120003
21010003
140001100
201121000
200400100
300001012
14101
4020010
21100120
211000201
1210120
222100000
22300
300001021
4020001
2103100
21010012
1120012
14110
220011010
10000312
104010001
21010021
104010010
111301000
4110100
102003001
21010030
104100100
10000300
31201000
11311000
10000303
1202002
220011100
101200201
100111030
310003000
104010100
1202011
1210201
202120000
2013010
4102000
2021200
10000330
102011200
102003010
2013001
100201120
10000321
101200210
1300300
121000021
24000010
101020000
101020003
121000030
101020012
1120120
100111003
24000001
100111000
200400001
101020021
1210210
1030012
121000003
121000000
1202020
100201102
1120102
14200
121000012
101020030
200400010
1030003
211000300
1030000
22001200
30013000
1030030
11401000
201211000
130003000
312010000
102003100
21010120
1030021
121000120
121000102
10041100
10000141
301000300
10000132
112030000
220003000
101200300
1202101
222010000
211000120
1202110
1210300
2013100
101102002
211000102
4020100
202030000
100201030
3201010
101102020
101020102
1120210
1112020
100201021
10000222
32020000
10000210
301000
100201012
10000213
132010000
301003
100201000
301012
1030111
10000201
1112002
100201003
10000204
110023000
1120201
3201001
1030102
301021
4012000
101020120
104002000
301000210
301030
1030120
10000240
21100201
10033000
21100210
142000000
21010102
201301000
12040000
301000201
10000231
301001200
120201001
100122100
40000102
221001001
110100103
1202200
110100100
40000111
113000110
110010013
110010010
22002010
20011300
121012000
22010200
10320010
20003110
100204000
120201010
113000101
40000120
110010004
201004000
10320001
200201200
221001010
22002001
110010001
110010031
110010022
202200100
301102
303000100
20003101
110100130
101400100
202110010
101310010
301111
1022011
110010040
1030201
101310001
211003
202110001
211000
1120300
1022002
102121000
300100003
11041000
2300002
200111020
300100000
210040000
301120
11000032
211012
2300011
111001300
1022020
1030210
3111010
10402000
11000041
211021
300100012
100040101
211030
300100021
2300020
100040110
300100030
40000003
40000000
200201101
11000002
110100202
402010000
10230010
100122001
301001110
11000014
11000011
10230001
100122010
40000012
400003000
100130200
11000023
11000020
110100220
3111001
40000021
200111002
200201110
10320100
110010103
110010100
40000030
3201100
31300000
100212100
301001101
201012100
10000411
10410010
24001000
122200000
223000000
10000402
400011100
21101002
102031000
10410001
1104001
1022110
1030300
3111100
301201
1112200
1104010
1022101
101310100
21101020
211102
301210
202110100
202020010
221001100
100040020
110100013
101220010
11221000
110100010
120201100
101220001
121000
220100020
121003
202020001
40000201
110100004
110100001
40000210
110100031
20003200
211120
100040002
220100011
121012
110100022
30022000
220100002
10000420
121021
100040011
100130101
301001011
200201002
2210020
110100040
121030
100130110
30112000
301001020
100220200
201012010
11131000
200201020
201020200
100212010
310201000
400011010
210130000
402100000
411001000
100212001
301001002
201012001
200201011
30030100
2300101
3021001
113000020
201102100
10410100
2300110
100302100
301300
2210002
1104100
1014010
113000011
1022200
101302000
203002
2210011
202102000
22002100
3021010
113000002
1014001
203011
11000230
3021100
211201
211210
2300200
101220100
202020100
203020
121102
100130020
2210101
101130001
31000
31003
101130010
2210110
121120
31012
100130002
20011030
10222000
11000203
100130011
31021
400011001
11000200
20101120
110010301
11000212
400101100
201020110
20011012
31030
3103000
100220110
110002102
11000221
100220101
20011021
201020101
110100400
100302010
20011120
100310200
201110200
112001002
110002120
201102010
110010310
11000302
400101010
100302001
201102001
40000300
410100001
400101001
112001020
11000311
23001100
121020001
410100010
1014100
30202000
121020010
203101
10140100
2120002
310111000
20101201
22100020
203110
211300
101212000
20101210
302001001
202012000
113002
2120011
30120100
20011102
30030010
121201
302001010
113011
22100002
101130100
2120020
22100011
30030001
121210
113020
31102
30120010
11000101
410010100
101040001
2120101
20101300
121102000
31111
11000110
30120001
20003002
100220020
2120110
201020020
101040010
11000104
201020011
31120
100220011
11000113
201020002
100220002
110010130
11000122
100310110
3013000
2030011
2030002
100310101
2202001
22010110
100400200
113000200
201200200
22100200
2210200
22010101
2202010
110100301
330001000
203200
10230100
302001100
113101
110002012
110010202
22100101
22010011
2202100
121300
101122000
113110
110100310
2030020
23002
110002003
22010002
10312000
110002000
22100110
110002030
410010001
101040100
31201
110010220
23011
11000131
410010010
31210
22010020
110002021
11000140
23020
200004100
10140010
20011201
310021000
121020100
20003011
410100100
300001300
401002000
30210100
201110020
10140001
20011210
20003020
100310020
2030110
1301011
20020021
301100020
10042000
10001041
2030101
201110002
20020030
1301020
301100002
110001310
10001032
201200110
20020000
20020003
100311010
1301002
301100011
310012000
20110120
110001301
201200101
203200000
21003100
20020012
410002000
2112001
100311001
20110102
20200210
220002100
2120200
2112010
101203000
113200
103210000
100401100
122011000
20200201
23101
20102002
21011200
200004010
10001113
21003010
200012200
31300
2112100
23110
302000200
10001104
20102011
200004001
20110201
10001110
122101000
401010100
222001000
10001101
20200300
101031001
120012100
2022010
112000201
1301110
2030200
101031010
4201000
1211002
201200020
203110000
23010100
11320000
10001140
2022001
10001131
30211000
201200011
110001400
300002200
10001122
201200002
310020100
112000210
1301101
400003
30301000
400000
120004000
100401010
400012
100401001
3300001
400021
3300010
400030
1211020
200020300
23200
112000012
103120000
200012110
4111000
11000320
20020120
112000000
401100100
101113000
200012101
112000003
20110210
112000030
121200010
20102020
401010001
20020102
121200001
112000021
101031100
10132000
401010010
110001202
20020111
20020210
1301200
20012020
221100010
112000102
110001220
2022100
221100001
23002000
20012002
103030000
300002101
112000120
200102200
20020201
20012011
300010300
121200100
300002110
2104000
400102
10001020
10001023
20102101
400111
10001011
20102110
1121020
20110300
10001014
10001002
310000
11000401
310003
310012
203020000
1121002
11000410
400120
11410000
200012011
23100001
310021
401100010
300010210
120020002
300002020
200020201
220010011
10001311
401100001
200012002
11140000
310030
23100010
120020011
21011020
10001302
220010002
220100110
120020020
220100101
101023000
200020210
200012020
3210001
120200200
31030000
3210010
1203001
2014000
300100300
10001320
200110300
300002002
200102110
111001000
12000130
4021000
3300100
100024000
111001003
300010201
200102101
220010020
300002011
3210100
400201
102301000
120110200
1203010
120102010
310102
1211200
400210
1031002
120102001
31120000
111001030
310111
220003
20200021
10001401
220000
220010110
1031020
200020111
12000211
10411000
220010101
311020000
200102020
300010120
20200030
200020102
12000220
310120
1031011
200110210
220012
20200000
200020120
220100200
220021
20200003
20200012
331000000
21011002
220030
12000202
112000300
20110003
200200300
20110000
23010010
300100201
311200000
20200120
23010001
1203100
20110012
300100210
100032100
20200102
200110201
200102011
300010102
11230000
20200111
402001000
300010111
200102002
12000040
12000022
1121200
120020101
1113010
23100100
10001212
202201000
3120010
201003100
100114000
12000031
10001200
120020110
400300
10001203
3120001
411010000
102211000
1031101
12000004
302002
12000001
21003001
1113001
12000013
12000010
310201
302011
302020
200020012
101400010
300010021
303000010
220010200
200110120
220102
220002010
120012001
310210
12000112
1031110
101400001
3120100
200020000
31210000
220111
220002001
120012010
303000001
12000121
120020200
300010030
200020003
12000103
130000
21101200
200020030
130003
12000100
3030010
10001230
200020021
220120
130012
10001221
3030001
411100000
3202000
400002100
130021
300100102
200200201
300100111
130030
300010000
300010003
100032001
20110021
201003010
300100120
201011200
200110102
311110000
200200210
100032010
20110030
120102100
300010012
100040200
100203001
42000001
111000220
400002001
200112100
42000010
21200200
11001004
400002010
11001001
300101101
400010200
302101
11001013
200030200
11001010
300101110
200022010
1023001
111000202
310300
11001022
302110
300011002
1113100
200022001
302100001
212002
21020002
102210100
12000400
212011
220201
302100010
21020011
203010100
1023010
1031200
40001101
220210
21020020
40001110
20004100
123100000
212020
130102
310120000
130111
210211000
40000
40003
10231000
21110020
130120
100121020
40012
40021
102120001
102120010
100121002
40030
11001031
120200011
42000100
200120200
221000011
200112010
120200002
300101002
100301200
2301001
111000310
200112001
221000002
3112000
111000301
300101011
2301010
200030110
1023100
22003000
11001040
221000020
200030101
3030100
302200
120200020
24010000
300101020
12000310
221000110
123010000
301002100
120200110
302100100
21020101
212101
102202000
203002000
221000101
212110
21020110
220300
120200101
2301100
302010001
122002
130201
2211001
302010010
200202100
12000301
120110002
10001410
122011
3022000
4300000
400010101
130210
102030001
122020
40102
200030020
400010110
102030010
40111
400100200
102120100
100211020
40120
111000100
111000103
210301000
1400020
100211002
200120110
400010002
200120101
310030000
400010011
100301110
121003000
40001200
400100110
200030011
1400002
100301101
400100101
200030002
1400011
111000130
301002001
204001
2211010
301010200
204010
301002010
212200
120110020
110140000
21102001
400010020
201013000
302010100
200202010
122101
10321000
200210200
21110200
21102010
130300
200202001
122110
102030100
101301001
10100122
32002
202101001
10010011
10010014
410011000
110001031
40201
2121001
20102200
10010002
32011
10100113
4210000
40210
10100104
2121010
32020
10100110
122002000
102112000
202101010
101301010
210031000
110001040
10100101
1310002
10010041
11001220
100301020
200120011
10010032
1310011
100301011
200120002
220000300
100301002
1400101
22011001
10100140
200120020
10100131
120003100
1400110
10010020
22101100
2211100
10010023
110001103
110001100
22101010
301010101
204100
301010110
302002000
200210110
114001
30031000
1310020
201021100
200300200
22101001
2203000
122200
301100200
200210101
114010
13000102
10010104
201103000
102022000
110001130
101301100
32101
10010110
202101100
10100221
13000111
401001100
40300
400100020
10010101
32110
10100212
10100203
400100011
10100200
11001301
202011001
20012101
410101000
11001310
400100002
20020300
13000120
20012110
13000003
13000000
1310101
2031001
103300000
202011010
204100000
200210020
13000012
11001130
1310110
20004001
13000021
22011100
301010020
13000030
20012200
20004010
1400200
301010002
1220020
21200101
11001103
201021010
301010011
11001100
2121100
10100023
21200110
210121000
10100020
1220002
21110002
10100011
201021001
10100014
200300101
200210011
114100
301100101
10100002
1220011
200210002
2031010
301100110
200300110
230101000
21200002
24001
32200
2113000
21200011
24010
230011000
111000400
22011010
401001001
24100000
10141000
10100041
401001010
11001202
202011100
21200020
10100032
110001004
1302001
2031100
100014100
30121000
110001001
1302010
1310200
110001022
110001013
110001010
4120000
100310011
1130002
200300020
101120002
100310002
30040000
1130011
4030000
200300002
101120020
104020000
230020000
100400110
1220101
200300011
1220110
304000000
100400101
110000302
10100410
301101010
430000000
20021011
24100
41000020
10010302
120011020
10100401
10002100
20021020
10002103
202003000
201201100
41000002
1130020
204010000
110000311
41000011
330010000
20021002
301101001
12001012
2023000
1302100
20021110
10010320
10002130
220001110
12001021
110000320
20103010
101210200
220001101
10002121
101202010
20111200
10002112
101202001
102013000
12001003
20021101
12001000
10010311
22110001
1130101
122100001
20103001
22110010
401002
122100010
100400020
1130110
130030000
100400011
1212001
401011
22200100
101030002
120101200
1212010
100400002
1220200
401020
101030011
130120000
101030020
110000140
10010140
1040011
230110000
10010131
330100000
201201010
110000131
1040002
20103100
10010122
201201001
10010113
30130000
1040020
10100230
120003001
11001400
22102000
13000300
220001200
222000010
122010100
222000001
3301000
101202100
10010200
1122001
10002010
122100100
10010203
110000203
10002013
22110100
110000200
200013100
3211000
10002001
1130200
100023100
1122010
401101
10002004
10100311
103201000
101120200
13000201
101030101
401110
110000221
122010001
13000210
10100302
41000101
1212100
110000212
101030110
311002
222000100
122010010
41000110
10002040
20021200
1040110
20013010
120003010
22020010
120011200
311011
110000230
311020
1040101
22020001
10010230
10010221
10002031
20013001
10100320
10010212
300003100
10002022
12001201
20201011
20201020
10330000
12001210
402000100
130210000
110320000
100023010
100031200
310300000
20201002
10002310
300011200
11100040
200013001
300003010
221000200
2400001
1122100
121002001
23101000
121002010
30220000
121010200
2400010
100023001
14000101
1204000
101022001
401200
200013010
311101
100113100
14000110
200021200
101030200
101022010
2400100
14000020
11010022
121002100
111000031
311110
1032010
3121000
1040200
11010031
221002
111000022
11100130
1032001
111000013
221011
200103100
2310001
203101000
21102100
14000002
111000010
300003001
111000004
2310010
111000001
14000011
221020
11010040
110230000
21012001
210220000
400001200
21020200
21012010
11100100
11100103
100031110
102300010
11010004
111000040
11010001
402000001
230200000
10002400
102300001
41000200
11010013
402000010
103111000
11010010
1114000
400001110
200021101
10002202
110410000
100113010
101104000
100121200
300011110
40001002
210400000
100031101
200111200
200103010
101022100
40001011
22200001
110000410
22200010
400001101
200021110
303001
40001020
100113001
20111020
110000401
21004000
203011000
120101002
20201110
130300000
100203100
311200
303010
303001000
20111002
1032100
310210000
221101
12001030
10010410
410200000
300101200
200103001
120101020
10002220
221110
20201101
10010401
131002
10002211
300011101
30310000
10420000
2220001
131011
11100010
20201200
11100013
21012100
102210001
202200010
11100001
2220010
202200001
102210010
131020
11100004
30400000
100031011
11100031
12001120
100031020
102300100
120011002
11100022
220001020
300011011
10002301
200021002
23011000
103021000
100031002
300011020
220001011
200021020
101014000
220001002
3031000
2310100
303100
210310000
100211200
12001102
100203010
123001000
200021011
