300012000
3
11002020
4101
21021000
11010210
213000
12300
12
101013000
4110
21
1110021
24
30
1110030
131100
33
100120020
11301000
400001010
11100300
112101000
2003001
4010010
41001
42
4010001
100001220
11010201
41010
100120002
11002002
20001030
4100100
30102000
100120011
11002011
220020000
400001001
1200210
201010110
102000210
1110102
100001202
100210110
210001101
4010100
110012100
100210101
201010101
100001211
20001120
100300200
210001110
11002101
11211000
201100200
11010300
112011000
210210000
311010000
11002110
1200201
2003010
102000201
2011200
30110100
30020010
1020012
300020100
20210001
102
20001111
121010001
4200
30020001
1020003
121010010
20210010
1020000
111
2130000
20300100
1020030
114
121100100
120
1110120
123000
1020021
123
20001102
20210100
110020110
20001201
11100201
2003100
121010100
132
12030000
110020101
20001210
41100
141
300102000
41100000
100001121
11100210
100210020
11010102
201010020
100001130
201010011
22000110
1102002
100210011
201010002
1110201
22000101
100210002
1102011
100001112
203001000
201100110
100300110
102000300
100001100
201100101
100001103
1401000
1200300
102201000
100300101
10023000
300020001
1020111
22000011
110102100
201
1020102
300020010
204
22000002
210
1110210
1102020
213
1020120
22000020
222
2040000
11010120
110012010
100001040
110020200
231
210300000
30200100
33000
131000100
311100000
4002000
210001002
110012001
240
30110010
100001031
20120001
200031000
300110100
210001011
210001020
20120010
320001000
30110001
100001013
110000013
131000010
110000010
1102101
30200010
100001010
201100020
110000004
100001022
12100020
1311000
1110300
30200001
100300020
10011030
102111000
1102110
131000001
110000001
110000031
100300011
120002100
12100011
10011021
201100011
100300002
110000022
100001004
12100002
10101120
100001001
10011012
201100002
202100010
41010000
101300010
1012011
230010000
110000040
1020201
101300001
201003
202100001
201000
21201000
21000300
300
122001000
101001000
1012002
101001003
303
101001012
210030000
201012
312
101001021
1012020
1020210
201021
300200100
10101210
321
401000100
101001030
200121000
201030
10011102
21000201
10310100
330
13001100
10101201
300110001
21000210
300110010
220200000
31011000
321000000
3101001
1102200
10011120
110000103
110000100
11031000
10220010
200002200
111020010
110000121
10220001
3101010
110000112
111020001
1012110
1020300
3101100
10101021
1012101
101001102
101300100
201102
10101012
202100100
202010010
10101003
402
31101000
10101000
101210010
10400010
3011001
201111
230100000
410001
101210001
111000
1221000
111003
21111000
202010001
411
102021000
410010
10400001
111200001
212000001
201120
420
300200001
101001120
111012
401000001
212000010
111200010
401000010
111021
220110000
300200010
110004000
210001200
111030
10101030
11121000
111200100
20001012
212000100
210120000
301011000
20001021
20300001
200002110
200211000
121100001
200010300
20001000
20001003
100013100
121100010
200002101
20300010
10011000
103000002
2200002
10011003
1004010
10310010
1012200
103000011
1131000
2200011
10310001
1004001
13001001
3011010
410100
201201
13001010
101001201
10101102
2200020
103000020
201210
10400100
101210100
202010100
11002200
101001210
111102
120010020
2200101
320001
10003101
220000020
21000
200010210
21003
320010
200002020
101000202
2200110
102020100
111120
2110002
21012
101000211
220000011
101000220
2110011
21021
220000002
200100300
211001010
21030
120100110
30000111
300000201
120100101
10130100
30000102
200002011
30000120
3011100
200010201
300000210
120010002
200301000
31020000
200002002
211001001
10212000
10011300
120010011
10003110
100100040
120100200
100100022
1000014
1000011
110200020
30000012
100014000
100100031
30000000
30000003
1004100
1000002
240000000
310100010
120010101
110200002
100100004
10040010
3003000
402000
100100001
30000030
201300
1000023
10040001
41001000
120010110
202002000
310100001
100100013
110200011
1000020
103002
30000021
113100000
100100010
320100
111201
101201001
103011
200010120
2110020
21300000
12002001
1000041
1041000
101000301
21001002
111210
103020
12002010
21102
1000032
12010200
220000110
230001
101000310
21001011
102012000
21111
220000101
230010
101201010
21001020
21120
200100201
300000102
20100021
201030000
20100030
310010100
300000111
301020000
20100003
20100000
12010020
410000100
23000010
200010111
300000120
200010102
20100012
23000001
200100210
1000110
10003002
100022100
12010002
1000104
2200200
2020020
31110000
1000101
12010011
10302000
10101300
21001200
2020011
1000122
2110101
12100110
100104000
2020002
103101
12100101
1000113
2110110
10130010
40100001
12010101
1000140
312000
101201100
200010030
111300
103110
40100010
12010110
13002
10130001
1000131
21001101
200010021
12100200
2102001
21201
10011210
21210000
13011
220000200
10003020
101000400
21001110
230100
2110200
10011201
2102010
21210
10003011
31200000
13020
10220100
310010010
300000000
300000003
200100111
140001
140010
310010001
200100102
300000012
410000001
300000021
200100120
120002001
130000200
200010012
200010003
410000010
200010000
201120000
120002010
300000030
310100100
120010200
20030001
210100101
301110000
1000203
121001010
22000200
1000200
100022001
20030010
201001200
210100110
100022010
100030200
2020110
1000221
11011002
320000001
100112100
210010002
40010100
20120100
320000010
110200200
10032000
2020101
1000212
11310000
400000200
121001001
210010011
210010020
103200
20202000
20001300
110020011
103200000
13100001
1000230
310002000
130000020
110020002
13100010
13101
222000
130000011
21300
13110
110020020
140000100
130000002
200100012
10200030
140100
101021001
200100000
200100003
10200021
130000110
140000010
200100030
103110000
10200012
101021010
10200003
200100021
140000001
130000101
10200000
1000302
110102001
1201011
100030101
11011020
40100100
100030110
110110200
110102010
210100200
201001110
201210000
1201020
210010101
301200000
40010001
2102100
2012010
320000100
2020200
201001101
100112001
40010010
1201002
1000311
210010110
203100000
100112010
100120200
2012001
102000021
12002100
120100011
102000030
120100002
10122000
100202100
100001400
1000320
13200
123000000
102000000
102000003
10003200
102000012
120100020
101103000
211001100
132000
110110002
20030100
210100002
30012000
101021100
210100011
210100020
40002000
100030020
400000101
20112000
110200101
4101000
400000110
121001100
14001000
10040100
110200110
20022000
400000020
103020000
100030002
1201110
4011000
1410000
201001020
201001011
203010000
1111002
100030011
30020100
201001002
100120101
110110020
400000002
1000410
100120110
2012100
400000011
1000401
201300000
1201101
100001301
100210200
100202010
11101002
300000
111003000
300003
300012
100202001
1002
100001310
113010000
102000120
11400000
300021
213000000
102000102
1011
11101020
1014
300030
102000111
1020
1111020
1023
320010000
110011020
201003000
210000000
112100010
20002101
210000003
210000012
1032
10200210
20211000
10110102
31000020
20010300
112100001
20002110
42000
210000021
1041
31000011
10200201
101102100
100000230
120030000
210000030
31000002
100000212
1201200
101012001
11003010
10020030
22001001
100000221
11011200
200110020
101020200
10020021
101012010
3200001
10110120
10020012
10020000
11130000
3200010
10020003
100000200
22001010
100000203
2004000
200200110
110101200
30021000
300102
1021002
200200101
300111
1101
210003
1104
210000
1021020
1320000
3200100
301000101
3110010
200110011
1110
1113
300120
1021011
301000110
3110001
200110002
210012
10102011
210000102
1122
10110201
210021
201011100
10102002
210000111
1131
103101000
210030
110220000
13010100
211020000
1140
100000131
10401000
10200300
100000140
11003100
210000120
2000031
101012100
13100100
22001100
100000113
2000022
1103001
11220000
110101020
100000122
100000101
2000013
113001000
110400000
2000010
211200000
220101000
13010001
2000004
110101002
103011000
100000110
20121000
13010010
100000104
2000001
1230000
1021101
21100002
10200120
301000020
200200011
10110012
20002200
10110003
10110000
21100011
200200002
300201
1200
1111200
301000002
1103010
1203
10200111
21100020
210102
2000040
300210
201011010
11101200
1021110
200200020
301000011
1212
210111
310200000
10200102
411000000
120000
120003
201011001
3020010
1221
210120
120012
1230
3020001
201101100
203000010
30111000
10110030
120021
100000032
102200001
203000001
100000041
230001000
102200010
100041000
11003001
120030
10110021
100000020
100000023
110310000
220011000
101004000
211110000
2000121
300021000
1103100
2000112
100004100
110011002
100000002
2000103
2000100
100000014
3110100
100000011
1013001
300300
202002
110003100
20010021
1302
202011
210201
2000130
1013010
130020000
20010030
3102000
1021200
1311
20010000
210210
20010003
10102200
40200000
141000000
202020
102110001
120102
210000300
1320
20100120
12101010
330000000
102110010
20010012
201101010
120111
210201000
21030000
30000
1140000
12101001
30003
102200100
20100102
201101001
120120
30012
203000100
20100111
20100210
101000004
2000220
21120000
101000001
30021
20010102
101000013
310110000
2000211
30030
12011001
20010111
110040000
101000010
100131000
101000022
10221000
10020300
2000202
100004001
12101100
10012110
101000031
20100201
10012101
100012200
100004010
1013100
30201000
30000300
3020100
120001101
101000040
120001110
202101
1401
23000100
120210000
300111000
221010000
112002000
202110
411000
210300
30000201
10020120
302000001
102110100
1410
112002
2201001
120201
302000010
112011
3012000
2201010
120210
112020
30102
120001200
10020111
10110210
30000210
10102020
10020102
30111
122000100
101000100
101000103
2000310
30120
11040000
112100100
200040000
100221000
2000301
100012101
320100000
102020001
101000112
110003001
112010010
100012110
20010120
100020300
112010001
101000121
102020010
110130000
122000001
10102110
10311000
10110300
101000130
300201000
110003010
300000300
210000201
110011200
122000010
100102200
10102101
20010210
40110000
20002020
13002000
210000210
112010100
310020000
202200
20002002
302000100
112101
102102000
120120000
20010201
10020210
20002011
321000
10012020
120300
112110
130110000
10020201
22002
10012011
400020000
200003100
30201
10012002
22011
20301000
20100300
4200000
130200000
310011000
30210
2111010
22020
30001101
102101010
210021000
10000020
2000400
12003000
10000023
10000011
110031000
10000014
410001000
100140000
10000002
30210000
10004100
102101001
30001110
300120000
1001004
100013010
100021200
1001001
1300020
200003010
200011200
2201100
11110020
1300002
10041000
10000041
1001022
21002100
10000032
1300011
2111001
1001013
200130000
1001010
121000200
100013001
104001
11020011
14010000
211000020
1001031
112200
11020002
114000000
100103100
104010
111010002
211000002
300001200
21002001
200003001
22101
21010200
211000011
21002010
231000
30300
11020020
2111100
22110
1001040
11200200
10000122
202001001
400110000
10000113
102011001
10000104
310101000
10000110
202001010
111010020
102101100
10000101
1210002
1001103
100021110
101200011
1001100
100230000
1210011
101200002
2021010
200011110
4110000
200220000
104100000
100103010
110002200
1300101
102011010
2021001
100111200
1001112
400200000
40011000
100021101
101200020
1300110
210111000
11200011
20101011
10131000
30001002
100002
1001130
104100
11200002
100011
300001101
30300000
100103001
20101020
1001121
100014
140001000
10012200
14001
10004010
300210000
30001020
100020
12011010
100023
1210020
200011101
20400000
300001110
22200
110121000
20101002
10004001
30001011
14010
200101200
11200020
100032
11200110
20101110
20310000
202001100
102011100
100041
141000
120300000
20011002
120001002
11200101
120001011
120001020
11110002
20101101
3000012
112001100
100021011
101200110
200011020
1210101
200011011
100021020
40101000
111100020
12011100
1210110
3000000
101200101
3000003
2021100
3000030
101110002
1001211
23001000
14100000
2103000
3000021
100320000
1300200
100021002
111100002
1001202
200310000
11020200
200101101
101110020
3000111
11012010
100101
21100101
111010200
1120020
300300000
111002010
100201200
100104
11012001
300001002
3000102
1001220
111002001
13101000
100110
21100110
100113
200011002
10002
300001011
21010002
1120002
14100
3000120
1120011
211000200
200101110
100122
10011
21010011
300001020
4020000
10014
100131
104010000
10020
21010020
10023
10201020
204000000
10201011
20031000
102003000
100140
120021000
10000311
10032
10201002
10000302
10041
11102100
101200200
1202001
1202010
1210200
31000200
1001310
2013000
10000320
1001301
100111020
121000020
100000401
101020002
200101002
100200
111002100
100203
100410000
100111002
24000000
101020011
100201110
100000410
200400000
101020020
200101020
121000002
1030011
1120101
100201101
100212
10101
10104
100221
1030002
121000011
200101011
10110
1120110
10113
100230
10122
1030020
201002100
11110200
121000101
10131
11102010
10000140
121000110
11102001
10000131
10140
3000201
1202100
100000320
211000101
111100200
101102001
1001400
101102010
211000110
101110200
3000210
101020101
3000300
100000311
100201020
10000221
101020110
100201011
10000212
301002
100302
10000200
2001
1030110
1112001
100201002
10000203
2004
100311
301011
3201000
301020
10200
1120200
2010
1030101
1112010
100000302
10203
2013
201002010
100320
201010200
10212
2022
11020110
21100200
201002001
10221
11020101
2031
21010101
10230
31000110
301000200
2040
31000101
10000230
21010110
120201000
12110010
221001000
10021020
40000101
420000000
110100102
12110001
120000300
10021011
40000110
200111100
10021002
110010012
110100120
113000100
10320000
110010003
110010000
12200100
22002000
111120000
110010030
301101
110010021
20003100
100401
310000200
301110
230000001
2100
1112100
1022010
1030200
2103
101310000
211002
202110000
100410
10302
1022001
230000010
101011002
2112
211011
300100002
2300001
10103001
103100001
10311
300100011
2300010
101011020
2121
103100010
11000040
211020
200111010
10320
230000100
100040100
2130
300100020
40000002
200201100
11000004
2001021
11000001
110100201
100122000
40000011
11000013
2001012
31001010
10230000
11000010
111030000
10021110
31001001
20040000
11000022
200111001
100003200
2001003
10021101
40000020
2001000
3111000
11000031
10103010
110010102
10111200
200000400
301001100
110100210
10111002
10000410
21101001
10000401
10201110
10410000
1104000
21101010
301200
101101200
10201101
2001030
2202
1022100
211101
10401
110100012
2211
211110
420000
101220000
40000200
202020000
10410
121002
110100003
2220
11012100
110100000
111210000
120111000
110100030
121011
212010000
220100010
10111020
100040001
110100021
210003000
100040010
121020
220100001
301001010
100130100
200000301
130011000
200201001
11004000
130101000
2001111
2001102
100011300
100003110
301001001
100212000
201012000
200201010
200000310
103100100
3021000
1100022
2300100
100003101
10201200
111001200
1100031
12200010
2210001
1100001
103010001
1100004
113000010
103010010
203001
1100010
12200001
2210010
101003001
113000001
2301
1100013
13011000
2001120
1014000
203010
211200
101011200
2310
101003010
121101
330000
2210100
101130000
103010100
121110
1100040
31002
200000202
31011
120000003
2001210
100130001
120000000
4000020
110211000
120000012
211011000
31020
100130010
11000202
400011000
2001201
110002110
110010300
120000021
20011011
12020100
10013100
11000211
100003011
4000011
200000220
100011201
200000211
120000030
100003020
11000220
110002101
100011210
100220100
20011020
4000002
201020100
1100112
120000102
311000010
100101300
11201001
112001001
210200001
311000001
120000111
1100121
100302000
11000301
201102000
210200010
100003002
410100000
400101000
11000310
1010013
4000110
20220000
1100100
1010010
121020000
12012000
1100103
20011110
4000101
11201010
101003100
1010004
112001010
1010001
120000120
203100
2400
1010031
2120001
20101200
302001000
113001
200000130
1010022
2120010
20011101
22100001
121200
1100130
113010
1010040
30030000
22100010
31101
11000103
240000
11000100
2120100
101040000
110010120
31110
100011120
20003001
2001300
30120000
32000100
200000103
200000100
201020010
200000121
100220010
12020001
11000112
100220001
201020001
200000112
12020010
11000121
1100211
2030010
10103100
100101201
201110100
100011102
1100220
12110100
100101210
100310100
2030001
2202000
103002000
1010103
1100202
22010100
1010100
110100300
200000040
1010121
12102000
10021200
10013010
113100
1010112
10013001
300030000
22100100
22010010
110002011
110010201
23001
110301000
110002002
211101000
1010130
22010001
410010000
31200
100011030
200000010
32000010
23010
20130000
11000130
200000013
32000001
110002020
200000001
110010210
120000201
200000004
20011200
100011012
20003010
200000031
120000210
4000200
100101120
140100000
30001200
10140000
100011021
200000022
32001000
110202000
1301010
100012020
231000000
100020210
20020020
201110010
1100310
10001040
2030100
201110001
210110100
20020002
301100001
1002012
100012002
1010202
301100010
110001300
201200100
20020011
1301001
1002003
1100301
100012011
131010000
1002000
100020201
10001031
2112000
102100020
1002030
100311000
100102101
1010220
210020001
20110101
100102110
1002021
100110300
20110110
1010211
210020010
103001100
110030010
110120100
102100002
13110000
20200200
23100
102100011
110030001
10210011
10001112
40020000
20102001
140010000
20102010
13200000
10210002
20110200
200004000
10300110
10001100
10001103
10300101
101031000
1100400
11021001
112000200
1211001
2022000
100020120
100020102
1002111
10001130
1010301
100102020
201200010
210102000
100110210
1002102
100020111
10001121
11021010
30002100
201200001
10210020
1301100
202000011
400002
100102002
102010002
3001002
1002120
202000002
101001
1010310
100102011
400011
101004
100110201
102010011
102100101
1211010
30010200
3001020
3300000
400020
30002010
100401000
101010
100200300
101013
30002001
102100110
202000020
3001011
101022
210200100
110210100
101031
112000011
112000002
200012100
131100000
102010020
101040
20020101
110001210
401010000
210110001
112000020
121200000
210110010
20020110
110001201
112000110
100020021
121110000
100020030
112000101
221100000
1211100
20012001
110120001
100020003
300002100
100020000
1002201
20020200
100020012
110120010
20012010
100110120
102010101
100110102
400101
1121010
202000110
20102100
10001022
11201100
400110
10300020
100200210
10001010
102010110
10001013
1002210
101100
101103
202000101
1010400
100200201
10001001
10001004
310002
10300011
11000400
1121001
11001
101112
11004
102100200
10300002
310011
23100000
2100000
310020
101121
200012010
10202010
111300000
11010
21011010
2100003
10210200
200020200
11013
120020001
10001310
220010010
401100000
200012001
10202001
101130
220010001
2100012
120020010
10001301
11022
2100021
11031
220100100
2100030
3210000
11013000
3001101
11040
111001020
10030011
30100200
1203000
10030002
300002001
100110021
1002300
10120110
111001002
30010110
300010200
100110030
200102100
300002010
3001110
120110100
30010101
10120101
100200120
202000200
100110003
102002001
30100110
100110000
100110012
102010200
102002010
400200
30100101
310101
30010011
101202
1031001
100200111
120102000
310110
101211
30010002
11100
10030020
3001200
1121100
100200102
11103
20200020
10001400
220002
200020110
12000210
101220
220011
11112
220010100
200020101
30010020
1031010
21101100
10202100
11121
20200002
220020
21011001
11130
12000201
20200011
210020100
20110002
2010012
11021100
20110011
300100200
2010003
2010000
23010000
110112000
20200101
310000110
300010101
200110200
200102010
110030100
20200110
200102001
310000101
300010110
102002100
12000021
120020100
10001211
10210110
13020000
100200030
2100102
12000030
10001202
100200021
10210101
3120000
2100111
2010030
11103000
1031100
12000003
100200012
101301
10300200
302001
33000000
12000000
21003000
100200000
3000
1113000
2100120
100200003
3003
12000012
2010021
310200
302010
101310
11202
3012
300010020
220101
120012000
200020011
2100201
101400000
11211
220002000
101101002
3021
220110
200020002
10120020
303000000
12000120
12000102
10120011
2100210
130002
11220
31001100
3030
200020020
10120002
12000111
104001000
101101020
130011
10001220
21011100
3030000
30100011
2010111
210012000
130020
200200200
300100101
2010102
30100002
300100110
310000020
130002000
310000011
300010002
200110110
100032000
20110020
310000002
200110101
300010011
110022000
30100020
42000000
100203000
11300010
400002000
100002300
11001003
11300001
121011000
300101100
11001000
111000210
302100
11001012
111000201
2010120
21110100
1023000
300011001
20000040
101400
11001021
200022000
3102
12111000
302100000
21020001
212001
102001200
130010010
11301
20000022
3111
212010
21020010
220200
130010001
20000031
40001100
11310
210002100
20000001
3120
104000001
130101
20000004
104000010
20000010
20000013
130110
101100102
20000112
40002
130100100
2002011
100121010
2010201
111201000
20000121
31002000
212001000
130010100
40011
2002002
10022100
40020
20000100
101010000
20000103
104000100
102120000
101010003
100010400
100002210
101010012
10104000
101100120
100121001
120200010
101010021
11001030
100211100
221000010
300101001
120200001
2301000
101010030
2100300
100002201
221000001
200112000
111000300
300101010
200030100
2002020
2010210
3201
21020100
10030110
212100
221000100
11400
3210
10030101
112020000
120200100
302010000
122001
10112010
12201000
10120200
120110010
312000000
130200
120110001
2211000
12000300
122010
10112001
2002110
2010300
400010100
102030000
111000120
40101
2002101
40110
101100201
100010310
20000130
101010102
101100210
111000102
100211010
100002120
100211001
100002102
1101012
110013000
400010001
100100400
200120100
100002111
100010301
400010010
101010120
1101021
4001010
4001001
1400001
210002001
200030010
100301100
1101000
1101003
210010200
400100100
200030001
210002010
1400010
301002000
130100001
10030200
10022010
20000211
204000
3300
10022001
130100010
20000220
31010100
21102000
122100
1101030
20000202
200202000
10112100
200001300
101301000
32001
10010010
202101000
31010010
10100121
10010013
2002200
110001030
40200
31010001
2121000
10010001
101100300
32010
10100112
10010004
100002021
100010211
101002002
100010220
100002030
101010201
10100103
31100100
10100100
101002011
10010040
311001000
101002020
100100310
1310001
11120010
100002000
100002003
200120010
101010210
100301010
11120001
100002012
1310010
200120001
100010202
1400100
100301001
1011003
22011000
10010031
1011000
10100130
100100301
10010022
1101102
110210001
110001102
200001
211010001
1011021
3100011
301010100
200004
200010
211010010
110210010
1011012
3100002
11120100
200013
1101120
200001210
211100100
114000
11030010
200022
111021000
110300100
22101000
11030001
1011030
200210100
200001201
3100020
200031
13000101
32100
100010130
131001000
10100220
13000110
10100211
200040
10010100
110001120
10010103
10100202
101211000
101002101
4001100
202011000
400100010
11001300
20012100
100010112
400100001
101010300
11202000
101002110
100010121
100010103
1101201
100010100
13000002
100100211
2031000
1310100
11001120
103001001
1101210
100100220
200001120
13000011
20004000
103001010
1011102
13000020
100100202
301010001
200103
200001102
10100031
200100
21200100
11300100
10014000
11001102
301010010
10100022
31100010
10100010
110001
11210010
201021000
1220001
200112
21110001
200300100
200210010
110004
301100100
10100013
1220010
21110010
200121
11210001
31100001
10100001
110010
110013
200001111
10100004
200210001
12021000
1011120
24000
200130
21200001
110022
3010020
21200010
401001000
100010040
110031
100010022
10100040
100100130
11001201
100010031
110040
101002200
11001210
11210100
3100110
100010004
1302000
1101300
110001003
110001000
100010001
100100112
3100101
100010013
100010010
200001030
101121000
100100121
100100103
110300001
100100100
110001021
211100001
1003002
3010011
110300010
110001012
3010002
121101000
211100010
21000000
200001003
100310010
1130001
211002000
21000003
200001000
1003020
1011210
103000101
3100200
101120001
200202
100310001
1130010
21000012
101120010
1003011
103000110
100011003
100011000
1011201
200211
200300001
3010110
21000021
110100
200001021
1220100
110103
11022000
3010101
100101102
200300010
21000030
100400100
200220
200001012
20001
110112
10211001
110000301
110201010
20021010
20004
201111000
120011010
10010301
10002111
110121
20010
10100400
20013
10002102
41000001
10301100
110130
20022
110000310
110201001
20021001
301101000
41000010
111012000
20031
12001011
20040
12001020
220001100
10002120
101001300
100101030
1003101
101202000
10211010
12300000
12001002
20021100
10010310
22110000
101120100
100101012
1130100
122100000
1003110
20103000
100101021
1011300
200301
401001
100400010
102000
102003
1212000
101030001
401010
200310
100400001
120011100
110202
100101003
102012
101030010
100101000
110211
20100
102021
1040010
20103
10010130
110000130
110220
1040001
102030
20112
10010121
201201000
201000300
10010112
20121
120003000
20130
211010100
103000200
311000100
111102000
3010200
3002010
222000000
3002001
1122000
10010202
110000202
10002012
101112000
10002000
401100
10002003
10100310
13000200
1003200
10301010
101030100
110000220
200400
10301001
122010000
41000100
10100301
102102
3002100
111020100
110301
110000211
311001
132000000
102111
12000
12003
21000102
311010
110310
201000210
102120
11112000
20202
1040100
12012
22020000
21000111
30003000
201000201
20211
10010220
12021
10002030
32010000
21000120
20013000
10010211
20220
11030100
10002021
12030
10031001
212100000
20201010
210011010
20000310
12001200
110021001
310001010
310001001
30011100
10121100
20000301
110021010
20201001
112110000
200013000
2400000
121002000
2101002
100023000
14000100
2101011
101022000
311100
102201
10031010
2101020
110400
11010021
111000030
201000120
102210
12102
110103000
111000021
32100000
11010030
221001
30011010
20301
2101101
1032000
12111
111000012
221010
2310000
14000001
201000111
20310
2101110
210011100
12120
300003000
111000000
201000102
111000003
14000010
21012000
110021100
2011002
10031100
102001011
102001020
11100102
11100120
10113000
130001100
11010003
402000000
11010000
102300000
12120000
11010012
102001002
200021100
10002201
1200021
10211100
100031100
40001001
1200030
210101001
40001010
20111010
1200003
22200000
1200000
2011020
4100010
210101010
400001100
303000
102300
110201100
2011011
110000400
1200012
100113000
4100001
20000400
120101001
4002
201000030
30101100
10121010
12201
4011
20111001
201000021
221100
20400
30011001
12210
10121001
4020
200103000
310001100
201000012
201000003
20201100
10010400
131001
120101010
10002210
201000000
300011100
2220000
30101001
102001110
131010
2011101
120101100
11100012
102210000
11100000
11100003
202200000
130001010
20111100
100031010
130001001
11100030
30101010
102001101
11100021
120011001
1110000
12001110
10203000
300011010
1110003
10002300
101100003
200021001
101100000
210101100
12210000
1200120
101100012
1110012
220001010
100031001
112200000
2101200
101100021
1200102
220001001
101100030
2011110
12001101
100121100
210011001
1200111
200021010
