1
4
200330230
300020200
300020203
30032320
10
13
2302003
2302000
300233200
303010330
22
303133
23323000
32023030
303130
31
10330300
400300030
10330303
34
333100030
200330200
40
200330203
43
32023000
32023003
20300032
332002300
433003000
333100003
333100000
320320300
400300000
400300003
203230300
23200033
10330330
330200032
303002203
303002200
23200003
23200000
233000320
330003400
300200320
30032302
100
300323200
303202
300200323
103
300200332
330200002
2302030
303220
2302033
303223
330200023
303002230
330200020
23200030
323032000
3023023
30032203
3023020
30032200
130
303232
133
320230300
23233000
300200302
233000302
3023032
43000330
20300200
20300203
23020030
300020032
330003202
33022300
30032230
3203230
3203200
303002302
3203203
3023002
23020003
23020000
330003220
200330032
30040330
303301
300200230
300331300
300020002
230002033
233000230
330003310
303330001
3203320
330331000
202
303310
303304
300200233
303330010
330003301
300233002
200330020
300020020
303313
3203302
300020023
200330023
300233020
230002030
34030300
220
303322
303002320
223
200330002
230002000
230002003
301003030
303331
233000203
232
303340
301003033
33001
20333020
233000200
300200200
33004
300200203
200002330
33010
20300230
33013
200002333
33030400
20333002
20300233
32203030
33022
23003230
33031
301003000
320320030
33034
301003003
3031330
32203003
33040
330003130
32203000
33043
200002303
320320003
200002300
320320000
332002000
332002003
23003203
23003200
303330100
30040303
30040300
332002030
3031303
300323020
3031300
303400
301
303403
304
330003103
323302000
310
330003100
313
302003002
303430
322
30032002
40330030
331
302003020
33100
3023203
3023200
334
302003023
33103
3023230
30130330
3400033
130033300
340
223030300
343
302003032
2302330
300323002
30032023
103303030
30032020
33030310
320230003
33030301
320230000
30032032
33130
3400030
33133
103303000
3400003
103303003
3400000
40330003
40330000
2302303
2302300
2032030
3310003
3310000
233000032
300200032
303322000
33202300
300003430
333001300
30302302
400
330003001
403
330003004
320230030
2032003
2032000
233000002
300200002
300003400
300003403
430
300200020
433
33202
300200023
233000023
30130303
33030220
233000020
30130300
33022030
2032033
30302320
20300020
30220300
103000033
20300023
30220303
33030202
33022003
33220
33022000
33223
1303003
1303000
330003040
33232
20300002
30302230
103000003
300003331
103000000
3310033
1303030
330003022
23003320
30220330
3023302
330003010
1303033
300003340
330003013
300331030
3023320
23003302
3310030
330003031
103000030
220000030
300332002
200002030
320002
300004330
3220030
130000303
320020
3220000
3220003
300332020
130000300
320023
33301
33304
200002033
220000000
3433000
33310
220000003
33313
32302030
320032
20030230
20030233
33322
30303202
300004300
30000100
300004303
30000103
33331
300430300
200002003
30303220
200002000
320000302
33340
220000033
3302002
20030320
20030323
30000010
30000013
130033030
30000001
1000003
20030332
30000004
43000030
1000000
43000000
23020303
320000323
1000030
320000320
43000003
23020300
30303130
30000031
32302000
3400303
320000332
32302003
3400300
30000022
30000040
30000043
34300003
34300000
30000034
1000033
303100030
20030302
331330000
303100000
3220033
43000033
230002
130000333
303100003
130000330
23020330
34300030
33400
33403
302002300
303313000
302002303
130303300
3130030
230023
230020
33031030
30303040
303100033
230032
33430
302330002
302002330
3130033
333001030
10003000
33031000
302330020
3302032
320033200
10003003
33031003
130033000
130033003
3343000
2032303
30303103
30303100
2032300
3302023
33203020
3302020
3400330
3130003
3130000
33203002
10003033
430300000
300340003
430300003
300340000
3310330
33301300
303223000
43303000
320200
10003030
320203
30303004
2032330
30303001
300340030
430300030
303010003
303010000
30303022
303010030
230330200
320230
220303300
30303013
32023300
30303010
3310303
320233
3310300
333001000
333001003
220033000
220033003
30303031
303010033
20030002
320000023
320000020
3302203
3302200
3040033
320000002
1303303
20300320
20300323
1303300
20300332
10003330
10003333
230330020
130000033
300004033
130000030
1033003
300430030
1033000
230330002
23200330
320302
3040003
3040000
230002330
3040030
1303330
320000032
43033000
230203
20300302
230200
130000003
130000000
300004000
300004003
334000300
320320
1033033
320323
320332
1033030
23200303
23200300
230230
233230000
300430000
303133000
230233
300430003
3220330
302330200
23020033
300004030
1000303
20030032
1000300
3302230
330232000
20030020
20030023
320303200
43000300
3220300
3220303
43000303
300020320
1000333
300020323
3302320
304000
1000330
34300300
304003
300020332
3130303
3130300
220303030
304030
202330003
303100300
230302
303002002
202330000
303100303
202330030
304033
20333200
233320000
303043000
303002023
303002020
3302302
300020302
230323
301003330
230320
34030003
34030000
220303000
220303003
303100330
230332
303002032
230002300
20030200
34030030
230002303
20030203
3032032
32203300
301003300
343300000
301003303
323023000
320000203
320000200
33301030
130303000
130303003
330322000
300020230
300020233
1000
1003
3032002
320033020
303010303
130303030
303010300
320000230
33301000
3130330
33301003
320033002
3032023
3032020
320000233
10003300
10003303
3040303
3040300
1030
31000030
300013030
300013033
302200330
1033
2303023
33302002
2303020
33400300
100303330
31000000
31000003
2303032
100033003
100033000
200323030
300013000
22300030
300013003
30033400
313030300
22300000
22300003
31000033
2303002
100303303
100303300
30230002
232303000
203303002
33220030
200323000
332003200
200323003
30320002
303003202
30033310
1033303
33220003
30320023
33220000
30320020
1033300
303003220
30033301
3040330
30320032
203303020
430030300
1033330
40003303
31303000
40003300
31303003
3032230
2000023
2000020
30033220
200200033
300103030
300103033
2000002
202033300
303003310
233032000
230230300
3032203
3032200
340300000
304300
303003301
340300003
31303030
304303
303331000
200200003
200200000
323000302
200200030
33310030
340300030
300103003
300103000
2000032
2303203
3032302
320002003
320002000
2303200
323000200
323000203
20203000
302020300
33310000
203000020
203000023
304330
20203003
302020303
33310003
34000
34003
100000033
22300033
30000400
30000403
203000002
2303230
320002033
323000230
330004300
30000430
32032000
302020330
100000030
32032003
223300003
34030
223300000
200003332
223300030
34033
100000000
100000003
32032030
30033202
30000433
203000032
320002030
30000331
332003020
303200023
30033103
303200020
30033100
303003400
30000334
30000322
200003302
200003323
303200002
330340000
430030000
430030003
200003320
1300
230320300
33023200
1303
30000340
30000343
30033130
33400030
430300300
3032320
32302300
303200032
1330
1333
33400000
203303200
33400003
100303033
200003233
100303030
30033031
300332200
2000203
2000200
30033040
40003330
2033023
100303003
100303000
2033020
30000301
2303302
30303400
200003203
200003200
430030030
30000313
332003002
200003230
2033002
2000233
2000230
30000304
2303320
33031300
30000310
30303310
330430000
323000002
30000202
330004003
330004000
30303301
203000200
203000203
323000020
330004030
30000220
30000223
323000023
2033032
323000032
30000232
30033001
304003003
203033020
304003000
30033004
300340300
203033002
203000233
2000302
30033022
230230030
30033010
203000230
30033013
23332000
304003030
30000130
30000133
2000332
303200203
303200200
33023020
2000323
2000320
303020002
33023002
303200230
203000302
303020023
33203200
303020020
34300
34303
302003200
333002200
302003203
340030030
31033300
20203300
303232000
20203303
203000332
203000320
203000323
34330
331003300
302003230
200003023
200003020
2033203
330020230
300300232
2033200
300333001
200003032
300333010
403003
403000
32303020
30001033
340300300
223030030
3303031
330020320
300300202
30001030
403030
3303010
200003002
2033230
33040300
3303013
322033000
300300223
300300220
40330300
3303022
403033
330020302
302003302
203033200
3303001
3303004
133030300
340030000
20203330
32303002
340030003
302003320
2320033
300300133
300300130
2033302
313300000
22030300
3303103
3303100
313300003
22030303
313300030
13330003
13330000
322000300
232000330
322000303
2320003
100000
30001000
300300103
100003
30001003
300300100
23300032
2320000
13330030
333010300
403300000
403300003
22030330
313000
33032020
330200320
313003
3303040
403300030
2033320
33032002
2320030
100030
203320030
302200003
100033
330020203
23300002
313030
302200000
330020200
100033330
33130300
3000040
3000043
333002002
313033
30304003
30304000
3000034
30304030
2230003
2230000
31000330
30230302
23300023
31000333
400003330
333100300
23300020
203320003
302200030
203320000
3000013
100033303
100033300
302200033
300300034
3000010
3303130
3000004
3000001
300300043
300300040
3000031
300013330
232000300
232000303
322000330
3000022
30230320
333002020
300300004
3303220
300300001
330200230
330020002
3000100
3000103
300300013
300300010
30320320
10000
3303202
300300022
10003
300013300
300013303
340030300
223003
300300031
30230230
223000
22333000
330020023
31033030
330020020
20203030
330200203
313030030
330200200
331003030
2230030
203230000
322303000
20203033
203230003
10030
400003303
10033
400003300
304330000
2230033
31000300
223030
31000303
33220300
223033
232033000
302323000
330200302
300103330
33302200
203230030
31303300
30320302
403303
403300
133030030
300103303
33040030
300103300
3000133
330020032
3000130
31033000
31033003
303003004
30230200
30230203
303003001
33040000
33040003
22030033
303003022
3033004
223300300
403330
30320203
3000232
30320200
3033001
133003
333010000
133000
333010003
303003013
2320303
303003010
2320300
322000033
3033022
303003031
3033013
3033010
133030000
133030003
22030030
200330320
302020000
33310300
302020003
133030
3000202
30320230
302233000
133033
322000030
303003040
322000000
3000220
322000003
3000223
40003030
13330300
333010030
3303301
223030003
100000333
223030000
40003033
3303310
133300300
302020030
100000330
3000301
331003003
302020033
331003000
32032300
403300300
20023030
20023033
30230020
232000030
30230023
100300
200330302
100303
313300
303003103
2002
313303
303003100
232000000
3000313
232000003
33130030
313030000
22300300
100000300
40003003
100000303
40003000
3303400
313030003
22300303
3000310
30230032
3000304
313300300
22030000
22030003
2020
2023
20023000
2320330
33130000
3033031
20023003
33130003
100330
302200303
100333
302200300
100033030
2032
203320300
403030000
232000033
303003130
403030003
313330
43000
33302020
43003
22300330
3033040
100033033
330202030
3033130
100003300
310033003
330030010
100003303
310033000
230000032
43030
330030013
2230330
30403030
43033
330030001
33303010
330030004
230000020
300030403
3033103
230000023
200033230
300030400
3033100
330300301
3000334
33303001
3000331
3000322
230000002
330300310
3000340
310303300
3000343
10300
300030430
13003003
2230303
330202003
13003000
2230300
330202000
10303
220030300
220030303
3000430
223303
223300
23030032
23030023
32033200
230303200
10330
23030020
200033200
3033202
3000433
10333
200033203
330300400
223330
330030031
300030340
220030330
203302003
330030022
203302000
330030040
30403003
30403000
3000400
3000403
300030304
303004300
300030310
330300202
23030230
300030313
203302030
300030322
330300220
333200200
230303020
2200
300030331
2203
230303002
32000332
200000332
200000323
320003002
32000320
3033220
200000320
32000323
333020020
310000330
301300033
133303
133300
30034300
2230
310000333
2233
333020002
300202330
300030301
200000302
32000302
320003032
301300030
20302330
340303000
334003000
133330
3320032
310000303
301300000
310000300
301300003
300202300
4303000
4303003
300202303
320003023
233203000
320003020
200033032
23030203
3320023
3320020
23030200
20302300
20302303
300030223
300030220
300022030
300022033
3320002
3033310
4303030
300030232
3033301
310033030
2302
32000233
200000233
32033002
3230002
200033002
23300203
220300330
23300200
200000230
32000230
200033020
2320
300022000
330004
300022003
200033023
20023330
2323
32033020
330001
3033400
300030202
330013
4000033
2332
330010
200000203
32000200
100003030
200000200
32000203
4000030
330022
43300
43303
330300040
200303320
330031
100003033
220300300
220030000
220300303
220030003
20023300
430330000
200303302
20023303
330034
4000000
330040
4000003
330043
340000003
43330
340000000
333200020
220030033
100003000
330300130
100003003
300030130
220030030
300030133
340000030
30001300
333200002
30001303
3230032
340000033
302300002
330300103
300300430
330300100
302300020
330100
330103
302300023
3230020
300030103
3230023
300030100
130330300
30001330
30001333
203302300
23300320
302300032
20302000
4303300
20302003
332020300
32303200
200303230
200303200
330133
200303203
3320230
300300403
300300400
330130
30034003
30034000
30034030
300030022
330103300
340033000
23300302
23030002
300030031
300030034
3320203
300030043
3320200
300030040
330300013
203032030
300300322
330300010
32000032
3230200
300202030
3230203
300333100
200000032
330300004
300300331
330300001
13003030
330300031
300300340
300030001
322000
4033000
300202033
4033003
300030004
322003
300030010
203032003
330300022
203032000
3320302
13003033
330013300
330202
300030013
30304300
20302033
23300230
200000002
330220
32000002
322030
330223
300300301
310033300
33032200
300300310
300202000
322033
300300304
300202003
20302030
200000023
32000020
330232
200000020
32000023
300300313
320330002
320002330
340000330
30223300
303020032
4000300
300301303
4000303
300301300
30010330
30010333
202303003
202303000
233302000
33000430
10300033
20032300
20032303
300203002
230320030
33000403
3230230
33000400
3320320
320330020
202303030
330301
230320003
230320000
4033030
303200302
232003
3230320
232000
330310
330304
200303032
230230000
230230003
301030330
330313
303200320
130330000
300334000
130330003
330322
200303020
30043030
232030
330331
200303023
330340
232033
33000340
302332000
130330030
200303002
340000303
3304030
301030300
301030303
340000300
3230302
4000333
3304003
3304000
323230000
33033100
30010300
33000322
30010303
32230300
4000330
20032330
33000331
33000310
13003330
30100303
3001000
333003100
230033200
3001003
30100300
33000304
202000003
202000000
33000313
202000030
430003000
430003003
30313300
33000301
30002002
332200300
30100330
303020203
330400
30100333
330403
303020200
202000033
30002020
30002023
30043003
30043000
30002032
330430
30133003
32320300
30133000
303020230
33033010
330013030
320330200
33033001
333003010
33000232
330013003
13003303
13003300
10300030
330013000
3001033
33000223
332020003
332020000
3001030
33000220
30133030
332020030
203032300
430003030
322300
304003300
322303
10300000
33000202
10300003
300301030
303020302
300301033
20032033
10300300
10300303
230000302
322330
333003001
10030000
4033300
10030003
30403300
300301003
300301000
20032030
303020320
10300333
20032000
20032003
33000133
33000130
10300330
323000320
23030302
1330000
43330000
1330003
310303030
10030033
202303300
33000103
33000100
30223000
30223003
10030030
30010000
330103030
30010003
3304300
301030033
202033003
202033000
310303003
32230030
1330033
303430000
310303000
133000330
30010030
232303
303004003
23030320
232300
303004000
303004030
330103000
230000320
230000323
330103003
30010033
230000332
1330030
30223030
301030030
3034030
133000300
301030000
133000303
301030003
323320000
30313030
232330
30100033
202033030
332200000
332200003
332200030
33000034
32230003
32230000
33000043
301300330
33000040
33000022
202000303
202000300
200032330
33000031
33000004
33000001
301300300
3001
301300303
33000013
3004
3034003
33000010
3034000
202000330
200032300
33303100
3010
200032303
133033000
3013
202000333
230033020
3022
230000230
10333000
10333003
3031
3001333
403330000
3034
310000033
300022330
230033002
230000233
3001330
3040
3043
310000030
30313003
30313000
30100003
30100000
320002303
32320000
320002300
32320003
100003333
32320030
303340000
30100030
100003330
310000003
3001300
310000000
3001303
233023000
10333030
230000200
301333000
300022300
230000203
300022303
30330310
30232000
30232003
20000032
30232030
303300103
300310003
300310000
303300100
3100
330031030
3103
330203020
20000020
20000023
330031003
223003003
303300130
223003000
20000002
330031000
3130
33304000
3133
300023200
333103000
300023203
10030300
10030303
300400033
20303230
2002003
2002000
20303200
20303203
320020303
320020300
300023230
10030330
10030333
300400003
332300200
233030020
40300033
300400000
1330300
1330303
2002033
303300220
2002030
30330301
320020330
300400030
303300202
300031330
343030000
3202
33230200
23203300
230302003
230302000
133000033
1330330
233030002
3034300
30330202
3220
3223
30322003
30322000
30322030
3232
30330220
300031303
300031300
331030300
133000000
133000003
40333000
133000030
303202003
303202000
300203302
23023003
303300310
23023000
3403003
3403000
20033020
20033023
330203002
20000230
20000233
20033002
330301300
223003030
300203320
30330130
303300301
3301
3304
23023030
10333300
20303320
3310
3313
303030013
20303302
230302030
33320200
303030010
20000200
20000203
3322
303030004
323002300
303202030
331000
331003
303030001
303030031
3331
3334
303030022
3340
300023020
300023023
233300200
3343
331030
303030040
300023032
331033
303300400
300203200
3403030
300203203
133303000
40030030
332300002
320020030
320020003
230023300
320020000
40030033
30330103
332300020
300203230
30330100
300023002
320233000
33230020
200002
3400
33230002
3403
40300330
3100003
3100000
40030003
3100030
320020033
40030000
30330013
200023
30330010
30002332
200020
303030103
3313003
30002320
3313000
30002323
30330004
303030100
30330001
2002303
30330031
2002300
200032
3430
30330022
40300303
3433
40300300
30043300
313303000
30330040
320200300
320200303
303030130
2002333
2330023
2002330
2330020
400030303
232030300
400030300
20303032
2330032
20303020
20303023
320200330
203203000
203203003
33320020
400030330
3100033
20303002
2330002
23203030
3313030
331030030
303030202
30002302
303022003
33320002
323002
303022000
304300003
303022030
304300000
3010030
303030220
430003300
233300002
3223030
323020
330301030
203203030
323023
323002000
30002200
30002203
233300020
323002003
300031030
23203003
23203000
300031033
3010033
323032
304300030
330301003
330301000
300203020
3223000
3223003
300203023
323002030
303202300
30002233
1003003
300301330
1003000
300031003
300031000
300203032
3010000
3010003
30133300
30002230
43003030
32002030
303103000
200203
303103003
200200
23302003
23302000
34303000
1003033
300302320
20320033
3403300
20033320
32002033
1003030
230032300
300130303
300130300
220300033
331300
31330300
20002
331303
200230
303103030
20033302
20320030
233002
200233
302300200
302300203
20020
20320003
20320000
330022300
20023
32002000
300302302
32002003
233023
233020
20032
302300230
20230000
20230003
331330
331030003
3133030
320200030
331030000
233032
300220330
200230330
320200000
2330230
30003100
320200003
30003103
3133003
3133000
300220300
300220303
200302
200230303
300302230
200230300
331300300
30003130
320200033
30003133
2330203
2330200
403003000
403003003
200323
203023000
203023003
3100333
200320
300040033
303013003
323200
34000003
3100330
33001330
400030033
34000000
303013000
323203
30003022
3002020
302300302
3002023
30003010
103033000
30003013
103033003
200332
403003030
30003034
3043003
3043000
34000030
400030030
323230
2330302
300302203
3002032
300302200
30003031
100330330
3100303
33001303
300040003
300040000
3100300
33001300
302300320
20230033
322330000
3313300
34000033
303013030
30003040
30003043
103303300
203023030
320323000
302030002
200320330
20230030
300040030
3002002
302030020
100330303
100330300
302030023
103000303
103000300
400300300
302030032
3010300
3010303
400300303
200320300
300310330
200320303
103033030
323302
400030003
400030000
43003000
20200
33034000
220333000
43003003
20203
330030400
23302030
233203
30003001
2330320
233200
30003004
400300330
203203300
3043030
300310303
300310300
323320
331300030
20230
20233
31330003
300130030
233230
31330000
330202300
300130033
400333000
331300003
20000302
331300000
30232300
300302023
300302020
330022030
330030220
230032030
1003303
103000330
1003300
300400330
103000333
31330030
300130003
3010333
300130000
43003300
230032003
3223300
230032000
300302032
3010330
20033032
333004000
300343000
300400303
1003333
300400300
1003330
330030310
20302
303103300
300302002
3002233
233302
3133300
3002230
20320
200230030
20323
300220033
233320
20332
34033000
20000320
20000323
3002200
3002203
330030301
302030200
302030203
20000332
200230033
300433000
20033200
20033203
300220000
40300003
40300000
300220003
320003230
320003203
320003200
3002302
302030230
40300030
330030130
300220030
23023300
200230003
200230000
4000
403003300
4003
303300022
34000303
34000300
303300031
33001030
30322300
303300001
430003
430000
303300004
303300010
303013300
330030103
33001033
4030
303300013
330030100
220300000
4033
220300003
200033320
430030
3043300
3330040
100330033
34000330
200320033
330030202
100330030
3330022
430033
330022003
233030200
330022000
303300040
33001003
400300033
203023300
3330031
302030302
220300030
33001000
3330001
230302300
3330004
300023302
300310030
3330010
100330003
100330000
320003320
223003300
200320030
30330400
3330013
103033300
200320000
302030320
333020200
3002332
200320003
320003302
300310033
300023320
200033302
3002320
3002323
20033230
323003200
3330103
3330100
30020032
200023033
200023030
100333030
30200302
2003002
340000
232300030
340003
330032002
100333003
33133000
100333000
200023000
332203000
32330200
200023003
232300000
232300003
340030
330032020
31003033
330040300
304030300
30200200
340033
2003032
30200203
22303000
22303003
31003030
2003023
2003020
3330130
22303030
30200233
30233002
30020002
30200230
30331300
30233020
30020023
30020020
30323020
302023300
33010033
334300000
33010030
3322030
343000300
3330220
303301300
31003000
3322003
31003003
330220300
33223000
3322000
300032320
33010003
33010000
303203002
3330202
203300023
203300020
23032300
203300002
32330020
22000003
300032302
4300
22000000
4303
3330301
310330030
22000030
330130300
303031003
202030303
202030300
303031000
430303
430300
203300032
303203020
320300023
320300020
332002
333022000
4330
310330003
4333
22000033
310330000
202030330
332020
32002330
332023
30323002
320300002
200203033
200203030
33100033
303031030
133003030
100300033
430330
32330002
2003230
30003400
30003403
100300030
300032230
332032
33100030
430000300
333030100
430000303
30200002
32002300
33313000
133003000
200203003
133003003
200203000
32002303
30200020
100300003
20320303
33100000
100300000
20320300
33100003
30200023
2003203
220003330
2003200
300032203
300032200
30200032
330310300
3232030
30003430
3232000
3232003
302302000
3330310
302302003
323003002
2003233
30003340
330302200
340300
302302030
340303
30003331
3330400
30331030
2003323
2003320
300040330
430000330
330040000
330040003
340330
330040030
203300203
203300200
2003302
20320330
23032030
330302002
33403000
13300033
333202000
300040303
20230330
300040300
3322300
303203200
303023002
203300230
2003332
23032003
330400300
23032000
30003304
303023020
333030010
30003310
20230300
333030001
20230303
30003301
332200
332203
30003322
30331003
30331000
30003313
2200033
300032032
310330300
330130030
332230
430033000
30003202
400033300
323003020
203300302
30003220
30003223
300032002
2200000
2200003
13300003
30003232
13300000
203030002
13300030
330302020
300032023
300032020
300130330
330130000
203300320
330130003
23302300
2200030
203030032
300000232
332302
300033001
300033004
23303020
300033010
303030301
300033013
40030330
2323003
2323000
230203300
300033022
203030020
3232300
203030023
300303301
32003020
332320
32003023
300303310
303030310
300000202
32003032
23303002
40030303
300000220
40030300
330310030
300000223
13030030
33330100
330220003
330220000
330220030
403303000
4330003
3003004
32003002
4330000
3003001
322003300
13030033
340330000
103000
333300100
103003
300000130
300000133
4330030
30340003
30340000
30340030
2323030
103030
302203003
103033
302203000
103003303
300303202
13300303
300000100
13300300
300000103
103003300
30004033
23000023
2233003
23000020
2233000
100030333
330023200
100030330
3003040
3003043
303030400
300303220
302203030
400000333
232030030
23000002
400000330
30430030
13300330
2020030
203030200
203030203
3003022
33330010
33002320
3003013
100030303
100030300
33330001
330400030
3003010
330400000
330400003
13030003
13030000
3003034
3003031
2020003
23000032
2020000
330310000
230023030
13333000
330310003
300000034
22033300
403000000
403000003
13000
313000033
33002302
300000040
300000043
13003
2200300
2200303
203030230
3003133
303022300
232300300
3003130
403000030
400033030
2020033
30430000
300000001
103003330
30430003
403000033
232030000
2233030
300000004
13030
232030003
313000000
13033
30004000
30004003
313000003
300000010
300000013
230023000
230023003
3003100
3003103
313000030
30004030
333300010
300000022
400000303
400000300
300303130
333300001
300000031
33002230
30020302
203030302
322003000
322003003
100333300
22303300
400303300
300303103
300303100
31003330
313000330
30020332
300303040
203030320
30020323
30020320
2200330
304030003
2200333
33002203
230203030
304300300
304030000
33002200
400033000
332030200
400033003
22033000
22033003
30020233
300303013
300303010
2323300
300303022
30020230
3003232
304030030
300303031
302023000
13030303
13030300
302023003
322003030
33010330
330031300
3003202
302023030
3003220
3003223
300303004
13030330
31003300
31003303
4330300
300303001
313033000
22000333
3003310
22000330
103300
3003304
103303
33010303
3003301
3331003
3331000
33010300
332030020
200030332
3003322
200030320
303301000
3003313
223330000
200030323
303301003
30020203
133330000
30020200
103330
103333
100030033
302203300
403033000
200030302
303301030
100030030
30233200
230203000
30200332
33043000
230203003
313000300
100030003
100030000
313000303
330023020
33002032
400000030
30200320
30323200
30200323
100300330
33002023
2020303
333013000
2020300
33100330
33002020
400000003
22033030
400000000
100300333
22000303
300004
3003340
22000300
3331030
33002002
300001
403000300
300013
403000303
330203200
300010
3003331
330023002
300022
2020333
2020330
13300
100300303
200030233
33100300
400000033
100300300
2233300
33100303
320332000
13303
332030002
200030230
300031
300320230
330000301
300034
3003430
33003004
300040
303040030
33003001
403000330
300043
30103003
3200032
303040000
13330
330000313
30103000
303040003
203020300
13333
203020303
330000304
220330300
310003303
330000310
310003300
333400000
3200020
3003400
3003403
3200023
303302200
300320203
300320200
23033200
30103033
3200002
203020330
230300032
30103030
300100
300103
400303000
400303003
3323002
23000332
32323000
23000323
23000320
303220300
330000331
300230020
300133
300230023
233200003
233200000
300130
330033100
330000322
400303030
300230032
233200030
330000340
4003000
4003003
32200033
301000033
300230002
300033400
43030030
23320003
23320000
32200003
330000130
32200000
303130300
301000030
330000133
300202
301000000
301000003
32200030
300220
300223
23320030
3323020
330033001
330000232
300320032
333004
3020002
300232
333001
230300023
200032033
20002300
3233020
303032002
230300020
20002303
333013
3200230
3331300
333010
230300002
3200233
3020023
330033010
3020020
3233002
303032020
333022
330000202
333031
4003033
300320002
30332200
4003030
200032000
200032003
300320023
200032030
300320020
330000223
333040
330000220
300033301
310003330
3200200
3200203
300033310
330000043
30340300
301303030
330000040
320030230
330000034
300301
200302330
32003302
220330030
32003320
202003
300310
202000
300304
300313
302303002
3200302
330000010
233003200
300033220
330000013
300322
302303020
333100
333103
330000001
300334
200302300
301303000
202030
301303003
3020032
200302303
330000004
300331
300340
220330000
30001
220330003
202033
300343
330000031
30004
30010
303040300
330000022
30013
2332003
23303200
2332000
30022
323020300
330000103
320030302
330000100
300000430
333130
30031
300033202
300000433
30034
103003003
30040
103003000
30043
2332030
320030320
32003200
32003203
3200320
300000400
3323200
300000403
3200323
300400
32003230
300403
33232000
3200332
332302000
3233200
333031000
302000002
3020203
30004300
3020200
30004303
303032200
300033130
300430
43030300
30430300
330303010
302000020
30100
300433
302000023
333202
30103
302000032
333220
30004330
300000322
330303001
300000331
30332002
300033103
300033100
300000334
23000302
30130
103003030
30133
300000340
300000343
103003033
30332020
203332000
20002033
330303100
300000301
300303400
300000304
23000203
23000200
300000310
300000313
4003300
4003303
20002030
20002000
20002003
23033020
302303200
300033031
3020233
3020230
33322000
233003020
22000
333301
300033040
22003
23033002
23000233
23000230
30202
333310
3020332
10000030
20330302
30300103
30300100
303031300
300034030
30220
3020323
3020320
22030
30223
22033
10000000
30232
320300302
10000003
3020302
200302033
320030002
230030230
43300030
30300133
30300130
1300030
1300003
300034003
300034000
1300000
43300000
320300320
43300003
10000033
202303
130003330
200302030
23230300
4003330
202300
200302000
200302003
320030032
3430000
230030320
30300043
30300040
3430003
300304300
303400030
30300034
3004000
3004003
1300033
3004030
320030023
303400000
303400003
320030020
302302300
202330
33200032
30013330
333400
30301
202333
30304
20330320
30310
30313
230030302
202300003
33200023
202300000
33200020
233020300
323200300
303023200
202300030
30322
33200002
30331
30334
33003400
302032000
32020330
302032003
30340
10303000
10303003
30343
202300033
302032030
433000300
30300013
10303033
32020300
303310000
30300010
301033300
32020303
303310003
30300004
10303030
3004033
2332300
30300001
30300031
30300022
3430030
30013300
30013303
30400
30403
33331000
103330030
30103303
3340030
230030200
230030203
200023330
30103300
3340003
3340000
33003301
333301000
130003303
33003310
303310030
130003300
30430
30433
300001030
200023300
320030203
300001033
30103330
200023303
320030200
220003300
103330000
220003303
103330003
20330032
230030002
300001000
300001003
10033033
20330023
20330020
332023000
320300032
230300320
1333000
22300
10033030
1333003
22303
310003033
33003220
20330002
20002330
310003030
23230030
20002333
303220030
303220003
1333030
303220000
230300302
10000300
33003202
10000303
22330
22333
323200003
310003003
310003000
323200000
202333000
233200300
23230003
23230000
10000330
10000333
300230320
43300300
334030000
1300303
323200030
1300300
43030000
32200330
43030003
230030032
300304003
303302002
300304000
230030020
230030023
300304030
1300330
303400300
301000330
300230302
1030003
301000333
1300333
1030000
233020003
202300303
1030030
303130000
30013000
202300300
303130003
30013003
233020000
130003003
32200303
3332020
130003000
32200300
3004330
433000003
33003130
433000000
23320300
303302020
3332002
433000030
230300203
230300200
34330000
301000300
233020030
1030033
301000303
323020000
30013033
3004300
3004303
323020003
220003000
202300330
300320320
220003003
3430300
33003103
32020033
33003100
200203330
302032300
343000030
30013030
343000000
343000003
300230230
301033030
202030003
202030000
320300203
323020030
320300200
303130030
20330230
32233000
202030030
220003033
32020000
303310300
300320302
200203303
220003030
200203300
32020003
301000
301003
320300230
103330300
32020030
33003040
10303300
301033000
10303303
301033003
202030033
300230200
300230203
33003031
301030
330032200
130003033
130003030
20330203
301033
20330200
10033000
301303300
10033003
33003013
33003010
33003022
230300230
10303330
400003030
332000200
232003030
332000203
33004030
403030030
10033300
302230030
400003033
10033303
33430000
33004003
30202330
223303000
320023300
33004000
30030301
330001330
31300033
103030330
1333300
300313030
300100033
30030313
303000103
30030304
10033330
303000100
30030310
323300200
332000230
30030331
103030300
30030322
103030303
330001303
3340300
330001300
300100003
2300002
40000033
300100000
30022030
30030223
30030220
303000133
300313003
303000130
300313000
30030232
2300023
2300020
33020320
3332200
30022033
300100030
40000003
40000000
203003002
31300030
400003003
232003000
400003000
232003003
30202300
30202303
33020302
40000030
31300000
31300003
203003032
303000202
223000003
40033003
223000000
40033000
20003233
1030303
303000223
1030300
303000220
223000030
203003020
203003023
40303300
2300032
320302003
303033001
320302000
303000232
302320300
223000033
20003230
30030202
20003200
300403030
33020230
20003203
1030333
323030002
1030330
334000
334003
30022003
30022000
303033010
30300430
20003320
20003323
332000002
334030
133300030
133300000
133300003
20003302
320302030
300403003
33020203
332000020
30030103
332000023
30030100
233002300
300403000
33020200
303000301
332000032
301300
301303
303000313
30030130
203002
303000310
330034000
30030133
303000304
303033100
303000331
30030031
2300203
2300200
203023
30030022
32332000
303000322
200332030
203020
200332000
301333
30030043
30030040
200332003
3103033
301330
31000
30030034
403030300
3103030
203032
31003
303000340
300034300
302230300
330001033
40000330
330001030
40000333
320203300
3103003
31030
3103000
31033
33200320
30300403
30300400
30300301
203003230
40000303
40000300
313003000
313003003
33200302
30300313
30300310
203003200
203003203
30202000
303000403
30300304
230020330
30202003
303000400
303000430
30202030
30333100
40033030
2300230
30300331
2333002
2300233
30300322
30030010
33020032
30030013
230020300
230020303
30300340
30030001
30202033
30030004
2333020
2300323
33020023
2300320
33020020
3013033
30300232
30333001
20003002
3013030
2300332
33020002
33200230
30333010
203003320
3013000
3013003
2030002
2300302
331000330
330304000
33200203
230200330
33200200
304303000
203003302
203203
303320020
330001003
203200
330001000
233002030
2030032
300001330
300001333
303320002
2030023
334300
2030020
23002
203230
400330300
203233
30300202
323300002
20003032
23020
322030300
23023
233002003
323300020
30300223
30300220
233002000
300001300
300001303
23032
20003020
20003023
203200030
320203030
32300002
20020030
20020000
20020003
331033000
330230200
32300020
233003002
32300023
203200000
20233000
203200003
20233003
300002302
203302
2333200
203323
203320
203200033
34003003
34003000
223000330
31300
203332
31303
302000200
302000203
3103330
34003030
331000303
331000300
300133300
300002230
20200300
300002233
333040000
20200303
31330
2030203
31333
203323000
302000230
2030200
3103303
302000233
302033002
3103300
20020033
20233030
300002200
300002203
302033020
200020333
322030000
322030003
3300022
400003
30301003
200020330
400000
30301000
2030233
2030230
3300031
3300001
3300004
400030
3300010
3013300
3013303
3300013
103333000
200020300
23200
300223300
200020303
23203
400033
30301033
30301030
330230020
302000302
322300300
20200333
200233300
300010330
300010333
20200330
23230
433030000
302000320
2030302
23233
103300330
302000323
320023003
31030033
320023000
333130000
400330000
302000332
23002003
23002000
400330003
20323300
103030000
103030003
31030030
300010300
300010303
2030332
103300300
320023030
103300303
203020030
22330300
2030323
2030320
23002033
23002030
3300034
400330030
300043030
310000
203233000
310003
330320200
203020000
3300043
203020003
3300040
33004300
322030030
3013330
300002020
23302
300002023
343003000
300100330
310030
300100333
3300130
31300300
300002032
31300303
200323300
310033
3300133
203020033
23320
300043003
300043000
23323
330320020
23332
31030000
103030030
31030003
300100303
300100300
232003300
203200300
302033200
330320002
300313300
203200303
300002002
103030033
20003332
3300103
3300100
31300330
300133030
322300030
3300223
303303001
3300220
322300000
20200033
30022303
203200330
322300003
31333000
30022300
3300202
331000033
330230002
220003
34003300
200200333
220000
200200330
331000030
300133003
20200030
300133000
433003
433000
30022330
20200000
303303010
20200003
331000003
331000000
333220000
220030
433030
200200303
200200300
220033
300403300
302320000
330000430
302320003
30030403
30030400
20323003
20323000
30030430
302320030
33340000
3333010
223000303
223000300
303303100
200233030
400303
400300
200020033
302002
330000403
3300232
330000400
3333001
302020
3202033
303000013
302023
200233003
22330000
303000010
3300340
200233000
22330003
332032000
400333
303000004
200020000
400330
30030340
303000001
200020003
300010030
40303030
300010033
3300322
303000031
130000
200020030
130003
300223030
3030013
302032
3030010
303000022
3300331
230332000
3030004
343000
3202030
343003
3333100
3030001
20323030
3202000
3300304
223033000
3202003
303000043
3300310
331303000
303000040
3300313
320203000
333310000
303000034
320203003
130030
302230003
130033
300010000
300010003
433300000
302230000
343030
22330030
313330000
40303003
300223000
40303000
300223003
3300301
3300403
3300400
220033300
30031303
30031300
32030200
13303003
13303000
32030203
200030200
22003033
200030203
310300
22003030
300322300
310303
330330001
3030031
30031330
3030022
330330010
3030043
3030040
310333000
310333
330002320
13303030
3030034
33103300
310330
40000
40003
330330100
300330400
3030133
3030130
40030
200333200
40033
334000000
30203302
334000003
22003003
30203320
334000030
22003000
3030103
3030100
302200
3300430
302203
203002000
203002003
30203200
220303
320303002
230003002
30203203
220300
30023002
340003030
30203230
433300
302230
3030202
3022003
330002230
302233
3022000
303034000
300330310
4300000
4300003
300232000
30023023
300232003
30023020
203002033
200030020
220330
200030023
310030033
32030020
220333
32030023
330002203
30023032
202330300
330002200
310030030
203002030
32030032
320303020
300232030
200030032
4300030
20332030
310030003
310030000
32300320
3202300
3202303
200300320
33013030
200300323
310300330
20332003
330002302
20332000
303001303
32030002
302302
303001300
300330301
200300332
200030002
3022030
3030223
32300302
3030220
230003032
310300303
310300300
302320
3030232
302323
302332
230003020
230003023
323203000
23330200
340003000
33013003
130300
303001330
200300302
130303
340003003
33013000
3022033
343300
32002
3030313
300322030
3030310
333000400
300330220
3030304
330010303
32020
3030331
330010300
32023
220033030
130330
130030300
130333
3030322
130030303
32032
32300230
3202330
200333020
220000300
220000303
3030301
300322003
200300230
300322000
200300233
130030330
200333002
300330202
320032300
4300033
30203020
30203023
32300200
32300203
33103030
302002000
220000333
30031003
30031000
302002003
30203032
220000330
200300200
2203000
2203003
200300203
20020330
20020333
30301330
20233300
33103000
33103003
3030340
40300
302002030
40303
302002033
330010330
30031033
300330130
30031030
20020300
20020303
310030330
23002330
13000003
13000000
23330020
103300000
4333000
40330
103300003
40333
300330103
300330100
103300030
13000030
340003300
203002300
310030303
330133000
203002303
310030300
13000033
3030403
3030400
333000310
3030430
23330002
333000301
30203002
2203030
2203033
30301303
30301300
300330022
203002330
31030300
333000220
31030303
330100330
300043300
32200
300330031
32203
203330002
330002023
330002020
333000202
330043000
3022330
330002032
300330040
330100300
23002303
23002300
31030330
330100303
32230
103300033
32233
32300032
303403000
200300032
3022303
300002320
3022300
300002323
300330004
300330001
330002002
203330020
300330013
300330010
300002332
30334000
430000033
304000030
200300020
300003301
330010030
33030130
200300023
30040003
300003304
30040000
230020030
320032030
4030000
130030030
4030003
300003310
320032003
300003313
230233000
130030033
200300002
320032000
30040030
230020000
230020003
330010033
333000130
300003322
304000003
300331003
304000000
300331000
303230002
33030103
430000000
430000003
33030100
23003002
30040033
32302
202003003
202003000
30302203
330223000
30302200
330010003
20332300
330010000
430000030
304000033
32320
300003232
32323
2023003
2023000
130300300
130300303
13000333
13000330
32332
33300400
4300300
4300303
30310303
30310300
202003033
230200300
303230020
230200303
202003030
300003202
2023033
2023030
4300330
4030033
130300330
33030040
130030000
33030022
130030003
4030030
230020033
30310330
300003220
40033300
300003223
33030031
333000100
333000103
13033030
230323000
33030004
2203300
30400330
203330200
2203303
333000031
33030001
301330300
30302023
30302020
33030013
130333000
330100000
33030010
330100003
333000022
330100030
333000010
33202030
3301030
333000013
30343000
30130003
330313000
333000001
30130000
3301033
303320200
333000004
30302032
30130030
13000303
33202003
13000300
33202000
33300310
333000040
33300301
3301003
30130033
3301000
430303000
332230000
313003030
23003032
232330000
30220033
13303300
332320000
23003023
23003020
300003130
300003133
30400303
2203330
30400300
303230200
13033003
330100033
13033000
304033000
30302002
300003100
300003103
310300030
33300220
300003040
300003043
330403000
10330000
10330003
33300202
310300003
310300000
300003010
300003013
22003303
22003300
10330033
30220000
30220003
300003022
304000303
304000300
10330030
30220030
300003031
30433000
300003034
30310030
3334000
130300033
323030020
4030330
30023302
30023320
304000330
303304000
300003001
230200033
300003004
33300130
30310033
4030300
4030303
230200030
202003303
202003300
230200000
33300100
230200003
33300103
3301303
3301300
202003330
332000320
300232300
3203002
313003300
13033300
32030320
303004
2023303
2023300
301330030
303001
303013
130300000
303001003
301330000
301330003
303010
130300003
303001000
303022
230003230
303031
33300040
230003200
230003203
32030302
130300030
2023330
30310003
30310000
303034
33013300
33300031
303040
303001033
303043
133003300
303001030
33300022
320302300
30400003
230003320
22003330
30400000
30400030
33300013
230003302
33300010
3031033
3031030
33300004
33300001
3301330
332000302
3203032
30023203
30023200
30400033
30023230
3031003
3031000
303100
323030200
303103
200332300
3203020
32030230
310300033
3203023
