300012000
300012003
3
204000300
310203000
310203003
204000303
403200000
213003
321033000
403200003
213000
12
21
403200030
24
200330220
30
303010320
300012030
33
213030
400300020
200330202
213033
42
400300023
320230200
233000400
20300034
20300040
400300002
20300043
23200032
321000303
321000300
2130030
20300133
2130033
43320000
23003400
20300130
102303300
23200002
1032303
204000330
200330130
1032300
102
30032301
130320300
2130000
20300100
20300103
2130003
23200023
303420000
23200020
120
2343000
123
30032310
34030200
30032202
200330100
23200230
132
1032330
200330103
20300220
20300223
3031203
233000301
3031200
3031230
233000310
30032220
2310330
20300202
13320300
321000330
23020023
23200203
23200200
23020020
203001000
203001003
24003030
2310303
23020002
230133000
2310300
230002032
200330040
30032130
201
204
203001033
230002020
230002023
210
24003003
213
200330022
24003000
230100330
32031030
222
203001030
200330031
200330001
200330004
20333010
403020000
403020003
230002002
231
33000
233000202
200330010
234
33003
310203030
200330013
32031000
240
32031003
243
33012
332010300
200002332
230100303
200002323
320001003
320001000
300323100
403020030
230100300
200002320
20300232
33021
233000220
20333001
33024
133302000
33030
342300000
33033
23003220
310023030
33042
200002302
23003202
233000130
310023003
310023000
403200300
300323010
3031302
300
30032103
30032100
303
210030000
213303
3031320
210030003
213300
312
30032010
321
321000033
233000103
130320000
103303020
324
233000100
130320003
30032013
210030030
330
30032001
333
30032004
33102
201330000
213330
200002233
201330003
303240000
210030033
30032031
342
22200330
200133300
130320030
30130320
2130300
30032022
200002230
2130303
300323001
33120
321000003
321000000
30032040
33123
33030300
320230002
33132
201330030
200002203
103303002
200002200
321000030
3310002
2032023
230100030
203034000
233000040
2032020
20103330
312300300
230313000
320230020
402
230100003
230100000
22020300
2032002
22020303
233000001
420
232230000
233000004
423
233000010
233000013
100320330
432
33201
33204
233000022
20103303
30130302
20103300
22020330
2130330
33030210
33210
233000031
33213
340203000
2032032
33030201
20300022
33222
20300031
203001300
203001303
33231
30130203
20300004
323130000
30130200
20300001
100320303
100320300
20300013
33240
310203300
332010003
332010000
23331000
20300010
3310032
332010030
203001330
23003310
3310023
230100033
3310020
23003301
30130230
200100333
21300033
32130030
200100330
20202300
403020300
20202303
200002023
300340200
200002020
33300
23430000
33303
200002032
20022033
33312
200100300
23004030
200100303
320000304
200313300
320000310
33321
320000313
30000102
30000120
33330
30000123
31032300
200002002
32130003
32130000
23004003
320000301
23004000
20022030
220303200
30213000
30000012
320000340
30213003
30000000
3310203
30000003
3310200
200133030
1000002
320000322
23020302
30000024
433200000
2032203
30000030
2032200
210030300
1000023
202002003
320000331
202002000
210030303
1000020
30000021
234000300
320033100
30000042
202002030
200133000
21300000
200133003
21300003
30000033
30213030
20202330
1000032
230001
230004
230232000
2032230
230010
33402
202002033
21300030
201330300
210030330
230013
23020320
320000403
320000400
230022
3130023
3130020
230031
33420
230034
402003300
33031020
230043
230040
340023000
3130032
33031002
3310230
322032000
2032302
103302300
320000430
3130002
3310320
300340002
312000
430300002
312003
300012330
430300020
300340020
223023000
230103
230100
312030
303010002
2032320
32310030
312033
303010023
303010020
3310302
300012300
300012303
230130
133023000
323310000
230133
303010032
102303000
20300340
102303003
320000022
1000203
20202033
31032030
1000200
320000031
301323000
320000001
320000004
20300322
320000010
31032000
20333100
20202030
31032003
32310000
20300331
32310003
320000013
230330010
23200320
20300310
130303200
20202000
230002320
20300304
1033002
1000233
20202003
1000230
230330001
200100033
20300313
102303030
320000034
1033023
1033020
22332000
200313030
20300301
320000043
230202
320000040
400332000
20300400
20300403
1033032
23200302
230223
200100000
230330100
200100003
230220
200100030
302322000
200313000
3130230
200313003
230232
120030330
23020032
1000302
312300030
203100030
234000030
234000003
234000000
3130203
202002303
320000103
203313000
202002300
320000100
3130200
120030303
203100003
120030300
203100000
312300000
312300003
230002230
1000332
24003300
1000323
220303020
1000320
202002330
320000130
3130302
303010203
320000133
303010200
23020230
203100033
202330002
230301
402003030
132003
132000
230304
230310
230313
202330020
32031300
230002200
230002203
330240000
230322
34030002
230331
303010230
220303002
20300430
132030
20022000
20022003
34030020
132033
3032040
230340
133203000
230002302
402003003
320000223
402003000
320000220
320000202
30032400
130303002
300012033
320033010
3032013
3032010
130303020
312300
3032004
1002
312303
3032001
303010302
3032031
23020203
223203000
23020200
3032022
320033001
320000232
1033203
1020
1033200
3130320
1023
201003003
230403
1033230
323000130
201003000
230400
220203300
33310200
1032
300013032
3032103
3032100
31000020
31000023
312330
120030003
120030000
31000002
230430
22300020
32032200
100303320
310302300
22300023
300013002
30230013
230001030
22300002
30230010
31000032
30230004
202033200
230001033
100303302
30230001
300013020
300013023
1033302
30033300
323000100
323000103
1033320
120030030
3032130
120030033
2000031
100303230
20334000
2000022
200003430
200200032
2000013
2000010
400020303
100303203
100303200
2000004
400020300
320133000
2000001
200003403
1230003
1230000
200003400
3032202
10323000
10323003
340300002
200200002
323000301
1200
3032220
1203
2000043
323000310
2000040
33310020
200200023
200200020
340300020
2000034
400020330
320002002
20301300
20301303
1230033
3032301
203000031
323000202
10323030
132303
231000330
20203002
132300
33310002
1230
203000022
1233
34002
203000010
203000013
22300032
203000001
320100300
3032310
320100303
30000402
323000220
1230030
230001000
203000004
230001003
103023300
320002032
34020
200331030
200003340
34023
200003331
132330
32032002
223300002
30000420
30000423
34032
30033210
203000040
203000043
320002023
320002020
2000103
30000432
2000100
223300020
203000034
30033201
32032020
202230000
202230003
320100330
230230200
30000330
202230030
200003304
30000333
30033102
200003310
200331000
30000321
21300300
21300303
200331003
20022330
30000324
200003301
200003322
32130300
1302
200003313
2000133
2000130
30000342
330012300
231000300
1320
30033120
231000303
1323
20022300
20022303
21300330
1332
220203030
203000100
203000103
2000223
100303032
2000220
300324000
200003232
30033030
21333000
400200330
2000202
100303023
100303020
103302000
103302003
203000130
203000133
100303002
2033022
30000300
30000303
200003202
2033013
231033000
2033010
30000312
2033004
343200000
2033001
2000232
30213300
200003223
3032400
200003220
30000201
323000001
323000004
203000220
30000204
203000223
323000010
430300200
323000013
2033040
343020000
203000202
400020033
323000022
30000222
2033031
34200
34203
30000210
30000213
323000031
30033003
30033000
30000234
302340000
103302030
2000313
203033010
323000040
2000310
320100030
2000304
30000231
433020000
203000232
203033001
2000301
320100000
400200303
400200300
34230
320100003
30033021
30000240
30000243
230230020
30033012
320313000
322230000
220023000
220023003
2000343
2000340
222300300
1230303
30000132
1230300
2033103
2000334
200003130
23004300
20301030
2033100
320100033
2000331
200003133
33031200
20301033
2000322
40323000
203000313
340300200
1230330
400020030
203000304
220023030
203000310
32310300
400233000
400020003
203000301
200003103
233130000
2033130
400020000
200003100
10323300
20301000
20301003
34302
320001303
320001300
200003043
200003040
20203320
203000340
2000403
2000400
34320
202230300
203000331
20203302
203033100
203000322
320001330
4032030
432300000
23103300
200003022
200003010
2033202
200003013
2000433
2000430
200003034
200003031
4032000
4032003
30001032
313300200
203000400
203000403
30230400
200003001
200003004
322000230
231003
2033220
231000
33032100
402330000
231030
203000430
322000200
322000203
231033
2033310
200232300
400200030
2033301
300210030
313300002
20023230
20023200
20023203
232000320
300210033
20400033
130302300
313300020
400200003
400200000
103203003
103203000
322000302
30312300
100002
30001002
20400030
31033200
403300002
23300040
313002
300423000
33032010
20400003
300210000
100020
30001020
100023
30001023
20400000
300210003
313020
33032001
400200033
313023
403300020
100032
333010200
23300001
23300004
3000042
330012003
23300010
330012000
3000033
313032
23300013
2230002
30230301
23300022
31000332
330012030
3213030
31000320
31000323
100320033
23300031
3000012
100320030
2033400
30132003
300013320
30132000
30230310
3000000
3000003
103203030
322000320
3000030
30132030
3000024
3000021
100320003
3213000
232000302
100320000
3213003
220302300
310023300
30230220
230001330
204000033
3000102
4032300
22300230
320001030
3000120
3000123
300013302
220023300
320001033
232000200
232000203
230001300
33130200
230001303
2230023
2230020
223300200
20301330
204000000
204000003
20203032
400003320
203230002
310302030
400003302
232000230
2230032
204000030
31000302
20203020
20203023
400003230
310302003
310302000
300013230
200330400
31000200
31000203
400003203
23103030
400003200
203230020
403300200
31033020
100200
3000132
100203
31000233
300013200
300013203
31033002
313200
30230202
313203
23103000
23103003
22300200
22300203
31000230
231303
3033003
3033000
231300
100230
3000234
133002
100233
130302030
313230
3000231
333010002
30312003
30312000
30312030
220302000
322000032
220302003
103023030
3033021
2230203
30230100
2230200
30230103
3033012
133023
3000240
133020
3000243
231330
3000204
3000201
322000020
322000023
133032
200232003
200232000
200232030
322000002
3000222
200330310
3000213
103023000
333010020
103023003
30230130
3000210
232000020
204033000
3000300
103203300
3000303
30230031
232000023
320034000
3213300
20023032
30230022
200330301
100302
2001
313302
2004
30230040
3000312
232000002
22300302
2010
20023020
33130020
2013
20023023
100320
100323
203230200
230034000
2022
3033030
20203230
20023002
33130002
313320
100332
220302030
2031
2034
232000032
130302000
22300320
20203200
2230230
130302003
20203203
2040
2043
120000303
120000300
3033120
400302030
2230320
30231000
30231003
230000034
330030012
330030003
330030000
230000040
230000043
3000333
300030402
3033102
120033030
230000022
3000330
200033220
3000324
230000031
3000321
230000004
230000001
2100
300030420
2103
230000013
30231030
3000342
2230302
230000010
200000430
32000430
223020300
302013000
3000420
3000423
302013003
20302200
20302203
20040033
230000100
133203
230000103
330210300
133200
2130
23300400
3033210
2133
200000433
3000432
200033202
3033201
330030030
302013030
120000333
400302000
133230
120000330
330030021
400302003
20040030
20040000
20040003
2001003
2001000
321330000
200000403
32000400
200000400
32000403
3000402
31230300
200033130
203130003
300030312
203130000
24300030
24300003
23022030
24300000
300030321
323001300
2001033
300030330
2001030
2202
23202300
20220330
200033100
200000331
200033103
20302230
32000331
32033100
200000334
202032300
200000322
32000322
320003001
2220
320003004
2223
313023000
133302
203130030
20220300
2232
233031000
20220303
200000343
32000340
300030303
300030300
200000340
203310300
300030240
320003031
20302320
32000301
200000301
133320
320003010
32000313
200000313
30034200
400023300
320003013
32000304
200000304
320003022
200000310
32000310
300030210
300030213
200033031
20302302
23022003
300030222
23022000
320003040
300030231
3033300
200033040
2301
200033004
32000232
3230001
2304
220300320
32033001
200000232
200033001
3230004
120000033
2310
23300202
2313
3230010
3230013
200033022
2322
330000
330003
200033013
330012
32033010
2331
300030201
4000032
200033010
2334
300030204
23300220
330021
200000202
32000202
120000003
2340
120000000
2343
20023320
4000020
4000023
330030
330024
220300302
330033
200000223
32000220
200000220
20023302
32000223
120000030
4000002
330042
330210030
23300130
300030123
20220030
300030120
2034003
2034000
20220000
320232000
300030132
20220003
313302000
20433000
30001302
2400
223200300
30001320
30001323
324000300
2403
23300103
23300100
200000130
3230040
32000130
32000133
200000133
2034030
330102
302013300
300030102
3230022
330210003
30001332
330210000
300210330
3230031
2430
2433
3230130
323001030
20302002
30132300
30001230
2001303
2001300
200000103
23202030
32000100
330120
330123
200000100
32000103
330132
31230030
420303000
20400303
300210300
30034002
30001233
20400300
300210303
3230100
3230103
203130300
300030021
300030024
2001333
300030030
2001330
3312030
23300301
30034020
23202003
3312003
23202000
3312000
300030033
23300310
20220033
300030042
330013200
200000043
32000040
4033020
200000040
32000043
200000034
32000034
3230202
120033003
203032020
120033000
300030003
300030000
4000233
4033002
203032002
330204
4000230
330201
430002300
300243000
300030012
330213
200000010
310320030
32000010
20302032
32000013
200000013
330210
323001000
32000001
200000001
323001003
330222
31230000
32000004
200000004
31230003
20302020
20302023
330231
200000031
4000200
4000203
32000031
30001200
30001203
310320003
200000022
20400330
400203300
32000022
310320000
32001000
320002320
32001003
231000000
330240
320330001
231000003
22023000
22023003
400023003
320330010
400023000
4000302
33000420
231000030
30133200
30002130
1002003
30002133
100323300
1002000
222300000
400023030
1002030
222300003
231000033
33000402
22023030
13323000
330300
330303
3230220
222300030
1002033
301030320
232002
230230002
324000003
3132003
330312
324000000
3132000
324000030
3132030
232023
330321
3230310
232020
330330
320330100
2034300
232032
3230301
301030302
4000332
402300300
33000321
33000330
4000320
30002100
24300300
4000323
30002103
30100302
3001002
202000002
4033200
33000312
3001020
203032200
3001023
30002010
30002013
403002000
403002003
33000303
30002001
430003002
33000300
230000430
202000023
30002004
202000020
3312300
230000400
230000403
30002031
301030230
30100332
330402
30100323
202000032
403002030
30100320
303012003
303012000
30002022
303012030
30002040
330420
133320000
30002043
30002034
30133002
30100233
23301030
33000240
301030200
30231300
301030203
400203030
30100230
33033000
33000231
32230200
232032000
30133020
233310000
220203000
220203003
330013002
33000213
3001032
33000210
23301003
33000222
23301000
430003020
3230400
22203300
330013020
33000204
33000201
2100000
230000310
2100003
230000304
2313003
232203
2313000
232200
230000313
323000400
300342000
230000301
2100030
30100203
400203003
400203000
30100200
232230
22203003
22203000
10030002
100323030
4230000
1002303
4230003
1002300
33000132
30313200
202000203
100323003
202000200
100323000
1330002
340320000
10030032
33000123
33000120
33000102
310303020
1002333
1002330
20040300
10030020
3001200
20040303
10030023
3001203
202033002
230000340
301030032
2100033
202000233
310303002
1330032
2313030
202000230
232302
32230020
1330020
1330023
301030020
202033020
301030023
230000322
230033100
230000331
23022300
301030002
232320
402300030
34032000
320002203
320002200
3034020
30100032
313203000
33000033
402300003
32230002
402300000
33000042
310303200
33000021
3132300
3001230
202000302
320002230
33000030
200032320
33000024
230000133
33213000
33000003
33000000
230000130
3000
403002300
3003
20040330
33000012
3034002
3001233
200032302
303012300
230033010
22203030
3012
3001320
202000332
3001323
202000323
202000320
3021
4230030
3024
3030
3033
3001332
230000232
230033001
3042
30313002
230000220
30100002
230000223
320002302
30313020
3001302
30100023
230000202
30100020
10030233
430020000
303210003
430020003
303210000
321003300
2133030
330031020
1330200
10030230
1330203
30232002
200034300
300310002
320020230
323002200
204030000
33132000
30232020
204030003
22302030
3102
430020030
1330230
230310300
2133000
2133003
20303130
223003002
3120
330031002
3123
233030100
303210030
3132
302030400
20303220
10030302
430200300
123030300
31002000
31002003
2100330
2002002
2100333
20303202
320020302
22302000
10030332
204030030
22302003
31002033
10030320
10030323
1330302
2100300
2002032
2100303
30330300
320020320
3034200
31002030
2313300
2002023
2002020
3201
1330320
3204
3210
3213
233030001
3222
30330201
233030010
3231
3234
300031302
3240
320430000
3243
320004030
30330210
320004003
320004000
300031320
103320300
23023002
223003020
30330120
230130030
200001330
32001330
4230300
200001333
10030200
23203200
10030203
230130003
3300
230130000
3303
33230100
20303301
3312
23023020
303030012
340302000
3321
34230000
20303310
303030003
200001303
32001300
33312000
3324
303030000
200001300
32001303
331002
303030030
300031203
200034030
3330
300031200
331030200
3333
2002203
2002200
3231030
331020
331023
303030021
3342
2133300
300031230
320200200
331032
320200203
320020023
40030023
40030020
320020020
2002233
2002230
3231000
30002400
3231003
30002403
303210300
320020002
40030032
320200230
230310030
321003030
30002430
32034000
30330102
200034000
200034003
30002313
33230010
200001
200004
200010
30002304
33230001
3402
3100002
200013
3313020
30002310
40030002
30002331
30330012
320020032
200022
3100023
3313002
303030102
123030030
3100020
30002322
200031
3420
30330003
30330000
222003300
3423
30330030
2002302
200034
430200000
430200003
303030120
200043
3432
200040
30330021
30002340
204030300
430200030
320200302
20303031
2002332
2330022
2330031
2002323
2002320
20303013
320200320
20303010
40030203
40030200
20303022
2330040
430003200
200103
200100
20303004
20303001
23203020
201033300
3100032
2330001
30002301
303030201
2330004
2330010
2330013
331030020
203031003
200130
203031000
331200
200133
331203
230310003
20303100
230310000
20303103
300031023
303030210
323100300
300031020
323002002
30002202
22023300
2330103
23301300
2330100
23203002
300031032
331230
32001033
200001033
323002020
30002220
30002223
203031030
200001030
32001030
30002232
20303040
1003002
320020203
300031002
320020200
200001003
1003023
332013000
3313200
200001000
32100330
1003020
3100203
432003000
3100200
103303200
23400300
200202
32002020
32002023
23302002
20320032
1003032
32002032
200223
300130302
200220
220300032
323100003
20320023
20001
323100000
20320020
331302
20004
32100300
32100303
233001
20010
200232
20013
233004
2330130
233010
20320002
233013
20022
32002002
323100030
233022
331320
20031
320200020
23220003
320200023
23220000
20034
234030000
233031
31330200
20040
331030002
20043
223200000
322002300
223200003
2330220
223200030
233040
300130230
320200002
30003102
320003400
23220030
200230320
32133000
3133002
3100233
3100230
200301
201000330
200230302
102000
102003
3133020
200304
320200032
3231300
200310
30003132
201000333
300130203
2330202
30003120
200313
30003123
300130200
403003002
200322
3002031
3100332
34000002
20100
30003021
303013002
20103
200331
403003020
220300200
220300203
3002022
3100323
233103
200334
30003012
3100320
233100
102030
30003033
102033
34000023
34000020
303013020
201000303
200343
3002040
3002043
201000300
200340
30003024
2330301
30003030
33001320
3002034
3100302
33001302
20130
123030000
20133
123030003
34000032
223020003
233130
223020000
30003042
3002013
302030001
302030004
223020030
3002010
200230230
3002004
302030010
3002001
201033030
302030013
302030022
1003203
302030031
1003200
201033003
20320230
200403
1003230
400300302
201033000
310320300
200400
200230203
300310320
200230200
302030040
321003003
3002100
321003000
3002103
2232003
2232000
2330310
220300230
23302020
20202
200430
1003233
30003000
233202
30003003
200433
300310302
33001230
400300320
2232030
20220
20320203
230032200
20320200
20223
31002330
2330400
300130023
33001203
312303000
300130020
233220
33001200
22302300
20232
223003200
31330002
320003103
320003100
300130032
302030100
302030103
400300230
20303400
203031300
230032020
23400000
23400003
320003130
32100033
1003302
330030210
300310230
300130002
302030130
230032002
1003323
1003320
3002133
31330020
23400030
23023200
3133200
3002130
3002220
3002223
403003200
32313000
30232200
32100000
32100003
1003332
34000203
20301
34000200
20304
3002232
233301
20310
32100030
20313
233310
300310203
300310200
322002030
303013200
34000230
322002000
322002003
20322
31002300
31002303
200230023
200230020
20331
430020300
20334
400300200
20340
330030300
400300203
20343
3002202
132303000
302030202
200230032
330030120
320003220
202032003
202032000
302030220
1200030
320003202
3002301
1200003
1200000
202032030
200033400
201000033
200230002
21303000
102300
21303003
102303
4002
201000030
34000302
203310003
203310000
20400
21303030
1200033
20403
430002
4020
4023
201000003
201000000
233400
102330
102333
330030102
33001032
4032
430023
430020
220300002
34000320
33001023
3002340
230130300
33001020
2232300
20430
203310030
20433
330030201
220300020
220300023
430032
3330021
400300032
3330030
302030301
33001002
433002000
3330003
300310023
3330000
300310020
3002313
302030310
103320000
103320003
3002310
3002304
3330012
320331000
200033310
103320030
300310032
3002331
320003301
200033301
333012000
320003310
3002322
200023020
30020043
120330030
30020040
200023023
3330102
310002303
302400003
310002300
302400000
30020034
3002400
300024300
3002403
3002430
200023032
302400030
313230000
302023200
30200301
2003004
330040200
2003001
232300020
200203203
200203200
200203230
30200313
200023002
30102003
232300002
30200310
30102000
120330000
30200304
120330003
33100230
31003032
2003034
303301200
30200202
400230300
2003031
22303002
2003022
30200220
33100200
33100203
30200223
430230000
31003020
31003023
2003013
2003010
203103300
30020010
30233001
30200232
30020013
4200
30020001
4203
1020003
30020004
1020000
1020030
23040300
30020031
22303020
1233003
1233000
3330120
30020022
2003043
430203
2003040
430200
30233010
2003103
2003100
12030003
4230
12030000
30200133
4233
1020033
30200130
30331200
430230
3330210
340002000
1233030
340002003
20304300
32330100
203300031
31003002
2003133
2003130
203300022
340002030
303203001
3330201
203300013
203300010
22303200
203300004
1200303
1200300
203300001
4002033
3330300
330204000
4302
303203010
4002030
203300040
1200330
430302
310330020
230301030
1200333
310002330
302220003
4320
200203023
332004
200301330
200203020
302220000
4323
332001
12030033
320013300
300204300
30200100
332013
30200103
4332
310330002
4002000
4002003
332010
230301003
230301000
332022
200203032
430320
32330010
32002320
343000200
12030030
33100032
332031
301302030
32330001
302220030
30200013
30003402
200301300
231300300
301302000
332301000
301302003
330220200
30200010
200301303
30200004
2003223
2003220
33100020
30200001
332040
303203100
33100023
430000302
30200031
200203002
30003420
32002302
20320302
203300103
203300100
30200022
33100002
2003202
300024003
300024000
331023000
30200040
330302100
3232020
310330200
30200043
201003
230022300
302400300
201000
23220300
30200034
42030000
42030003
3232002
302302002
203300130
300024030
2003232
200334000
302302020
21303300
23040030
332100
30331020
332103
201030
201033
30003330
42030030
400230030
2331003
23302200
2331000
23040003
123000330
32002230
23040000
430000320
203300220
300040320
33231000
2003322
332130
330040002
2003313
32002200
2003310
32002203
203300202
20320320
2003304
330040020
2003301
1020303
330302001
1020300
1233300
330302010
300040302
2003340
303023001
220323000
2003331
1020333
1020330
300302400
400230003
400230000
20304030
30003300
303023010
30003303
332202
30003321
30331002
20304000
301023300
2331030
20304003
340002300
332220
30003312
302040000
4002300
2200032
4002303
302040003
30003210
300040230
30003213
430000230
203300310
30003201
203202000
12030330
30003204
203202003
203300301
2003403
2003400
30003231
320013003
320013000
333120000
302040030
30003222
30003240
2200002
12030303
430000200
300040203
430000203
300040200
12030300
203202030
303023100
320013030
2200020
2200023
2003430
3232200
302302200
23303010
331203000
32003040
21000
332301
21003
20403003
20403000
234003
40030320
234000
332310
200301030
200301033
30004200
300303300
30004203
32003022
21030
31020030
4002330
30430200
21033
32003010
32003013
234030
203300400
31233000
200301000
31020000
23303001
31020003
200301003
40030302
32003031
13030023
13030020
330220002
240000003
240000000
240000030
4330002
32003001
32003004
201303
3003000
3003003
13030032
201300
33002400
330220020
103002
20403030
4330020
400033200
103020
103023
240000033
302301300
201330
40030230
300123030
332400
201333
303022200
302203002
330400200
103032
30020430
100030323
100030320
2331300
2200230
300303201
2233002
2200233
30004032
100030332
304300200
300303210
302203020
3003042
400000323
30430020
201300330
400000320
300123003
4330200
423300000
400000332
300123000
2233020
3003021
330400020
240033000
100030302
203022000
2200200
2020023
3003012
203022003
2200203
2020020
33330000
201300303
33002310
201300300
330400002
3003033
13030002
123000300
123000303
3003030
2020002
3003024
31200030
403000002
313000032
22320030
33002301
204300000
204300003
2200302
403000020
3003132
403000023
204300030
22320000
30102303
200022330
203022030
22320003
30102300
230023020
31200000
3003120
2020032
3003123
23303100
31200003
203202300
100030230
30430002
403000032
313000002
30004002
230023002
100030233
200022300
30102330
200022303
3003102
300303120
230203200
400000302
30020403
30020400
313000020
333300000
123033000
31200033
30004020
30004023
313000023
240000330
10032030
30020301
310002033
100030203
100030200
30020313
310002030
330023100
300303102
10032000
10032003
30020304
33002220
400000203
30020310
400000200
2200320
103200
30020331
2200323
103203
400033020
313000320
30020322
310002003
310002000
1332030
2200332
33002202
400000230
400033002
230203020
1332000
21300
1332003
21303
320340000
10032033
332022000
400000233
30020340
234300
103230
103233
30020232
300303012
302203200
3003240
300303021
300303030
103323000
2233200
21330
21333
13030302
302023002
3003213
240000303
31003320
240000300
33002130
3003210
3003204
302023020
3003201
232300200
3003231
202203000
2020203
202203003
13030320
2020200
3003222
233103000
300303003
300303000
31003302
33002103
33002100
31003230
103302
303301020
3331002
3003300
123000030
3003303
403000200
403000203
313000230
13030230
123000000
3003321
123000003
2020233
2020230
31003200
103320
31003203
103323
202203030
30200400
3003312
303301002
30200403
313000200
30020202
30200430
403000230
313000203
103332
100030032
32232000
100030023
100030020
200202330
123000033
30020223
30020220
201300033
400000023
201300030
30233100
230203002
400000020
100030002
203022300
30102030
313000302
30200331
330023010
30020103
230301300
30200322
30020100
33002040
2020302
200202303
33002022
200202300
213000033
400000002
30200340
33002031
33100320
30102033
201300003
332202000
201300000
200022030
33002004
300000
33002001
300003
30020130
300012
301302300
33002013
403000302
213000030
33002010
3003330
30020133
213000003
300021
213000000
2020332
330023001
400000032
33100302
300030
300024
200022033
13030203
2020323
13030200
2020320
3331020
310003320
210000000
303040020
403000320
300033
210000003
33003003
20010300
20010303
300042
33003000
30103002
3200034
303040002
2430000
2430003
203020302
30201300
3200040
210000030
30201303
3200043
310003302
2004030
30103023
210000033
3200022
20043030
30103020
3003402
43030200
300320202
3200031
3200001
3003420
230300040
30103032
3200004
10032300
10032303
203020320
3200010
300320220
2004003
3200013
2004000
30201330
30021003
30021000
300102
203430000
321030003
321030000
10032330
3200100
301303200
3200103
230300130
1332300
300120
30234000
2004033
300123
300132
30021033
233200002
310003230
300320130
200040330
203004030
20010330
2430030
20010333
30021030
20223300
233200020
203004000
310003203
203004003
310003200
230300103
230300100
200040300
300320103
300320100
200040303
4003002
300402030
332040000
32200032
432000300
43030020
232020300
310200033
32003400
23320002
310200030
300204
32200002
321030030
300201
300213
303204000
3200130
3331200
230103300
300402003
3200133
300210
23320020
300402000
300222
32200023
310200000
310200003
32200020
120000
120003
3233010
3020013
300231
3020010
230300031
3020004
230300022
333000
333003
300320040
300234
3020001
230300010
3020031
333012
300240
31020300
31020303
230300013
300243
3233001
3200232
303040200
3020022
333021
230300001
230300004
120030
120033
300320004
333030
4003032
300320001
24303000
300320013
3200220
300320010
3200223
300320022
4003020
4003023
31020330
300320031
3200202
200302320
20010033
3200304
210033030
20223030
30201033
32003310
3200310
201333000
300300
3200313
30201030
30332100
300303
32003301
202002
32331000
301303020
3102003
300312
302303001
3200301
320030220
20010030
3102000
300324
20010000
20010003
202023
3020043
300321
302303010
3020040
202020
210000300
300333
210000303
333102
20223000
3020034
200302302
300330
20223003
301303002
300342
202032
403230000
2332002
200220330
333120
300123300
210000333
3020133
3020130
210000330
320030301
2004303
2004300
20403300
330123000
2332020
200220303
40032003
3102030
40032000
200220300
30201000
3200340
200302230
30201003
3020103
32003202
3020100
3200322
2004330
320030310
300402
302303100
2430300
3200331
40032030
32003220
3233100
3102033
300420
300423
3020202
30004302
200302200
200302203
200040033
312330000
303024000
310200300
3020223
310200303
3020220
304302000
333201
300432
203004300
31200330
3200430
333210
3200400
432000030
4003230
3200403
30332010
330303000
30004320
200040000
332220000
200040003
30332001
200040030
232200300
310020033
432000003
4003200
4003203
432000000
233003100
310020030
4003320
20043000
20043003
30004230
32003130
320030400
310233000
31020033
202203
310020003
310020000
4003302
202200
233003010
342000003
342000000
3020232
232020030
210033000
120300
120303
210033003
31200300
333300
22002
31200303
400032300
232020000
32003100
202230
232020003
32003103
22320300
202233
130323000
342000030
4200000
233004000
4200003
230202300
22020
3020331
22023
30300102
2332200
120330
10000020
120333
3020322
10000023
302220300
210033300
22032
30300123
30300120
10000002
3020340
33200103
4200030
33200100
200302032
4200033
320030001
23304000
3020301
1300023
320030004
1300020
320030010
30300132
320030013
1300002
200302020
200302023
3020313
10000032
3020310
230022030
200400330
202302
3020304
303400020
200302002
30300042
3430002
32004000
320030040
32004003
30300033
3004002
332400000
202323
33200040
1300032
202320
320030022
34002003
3102330
34002000
32004030
303400002
3004020
3004023
320030031
200400300
42030300
3020403
200400303
32430000
3020400
202332
33200031
34002030
231300000
231300003
202300002
33200022
200220033
33200010
3102303
3102300
231300030
33200013
202300023
202300020
33200001
33200004
320030103
320030100
32020320
200220003
202300032
200220000
200220030
200433000
3020430
320030130
30300012
32020302
301320030
30300003
3004032
30300000
300304200
30300030
3430020
301320000
301320003
30300024
22200
300222300
22203
30300021
230022000
400032030
230022003
433000200
20322300
233020200
300042030
30103302
342000300
430002030
33003300
30103320
2103030
22230
400032000
304203000
2103033
22233
400032003
320030202
200023302
302040300
32020230
430002000
300042003
430002003
300042000
200023320
2103000
1300203
2103003
1300200
203103003
32020200
203103000
32020203
4020030
3004200
3004203
1333020
3430200
10033032
20043300
1300230
230202030
30021330
1300233
4020000
303400200
4020003
1333002
22302
310003032
202300203
202300200
303220020
230202000
230202003
230300310
4200300
203103030
4200303
303220002
22320
120033300
22323
310003023
310003020
10000302
33003201
230300301
22332
33003210
310003002
202300230
230300400
200023200
200023203
200400033
200023230
10000332
10000320
10000323
1300302
43030002
300304002
303302001
4233000
30103203
32200320
30103200
3004230
303302010
200400030
1300323
200400000
200400003
300304020
1300320
30103230
300320400
34002300
4020033
30021303
31332000
30021300
1300332
202300302
233020002
32200302
432003
230300220
432000
33003120
433000002
3004320
230300202
3332001
233020020
432030
3332010
433000020
300402300
3004302
343000020
32020032
33003102
300222030
233200200
202300320
343000002
303302100
1333200
304023000
200203302
234003000
32020002
4200330
300320301
32200230
301002
331302000
10000200
300320310
10000203
300222000
200203320
300222003
20322030
3201000
301020
3201003
301023
32020020
32020023
32200203
33003030
32200200
20322003
10033020
20322000
10033023
23320200
330024000
301032
10000233
10033002
33003012
303220200
33003021
10000230
403030020
2103330
33004020
33020400
340020300
400003032
10033302
103030320
33004002
400003023
232003020
320310030
400003020
30202320
31300032
310332000
2103300
33102300
2103303
303123000
10033320
3201030
3332100
3201033
103030302
213030030
204330000
30120330
40000032
2300001
2300004
2300010
302320200
30022023
2300013
30022020
2300022
4020330
200332200
30022032
2300031
203003001
40000002
33020310
203003004
31300020
31300023
10230000
400003002
232003002
10230003
4020300
4020303
30202302
40000023
40000020
33020301
312003300
31300002
132030300
40000230
40033002
230004030
40000233
230430000
203003031
30202200
301200
230004000
230004003
203003022
30202203
301203
203003010
203003013
23403000
40033020
2300034
34020003
30120303
202233000
34020000
30120300
2300043
202020003
40000203
10033200
202020000
40000200
10033203
432300
301230
2300040
300403020
323030001
202020030
301233
334002
30022002
203003040
34020030
30202230
323030010
403030200
213030003
2300130
334020
213030000
320130000
203003100
203003103
2300133
320130003
3021033
3021030
30300420
202020033
33020220
10033230
300403002
33020202
300321030
202200300
3234000
202200303
203003130
2300103
34200300
3021003
3021000
2300100
33200400
432030000
301302
320130030
203001
203004
3103023
200004330
203010
3201330
3103020
200332020
302304000
203013
202200330
2300202
301320
203022
300321003
300321000
301323
301332
200332002
203031
33020130
3103032
203034
2300223
2300220
203043
40000323
40000320
203040
200004303
32004300
3201300
200004300
3201303
213030300
200430300
40000332
33020103
230020230
33020100
3103002
33102030
233002200
330042000
30300402
30300303
30300300
322030200
33102000
33102003
40000302
33200310
203003220
313003002
230020320
30300312
320031300
33200301
342003000
203003202
203103
30202002
203100
231003300
30300330
30202020
2333001
2300232
30202023
30300321
2333010
203130
230020302
30202032
334200
203133
331320000
33020040
2300322
33020022
30333000
2300331
30120003
33020031
30300231
30120000
243030000
10230033
2333100
2202030
132030030
2202033
10230030
33020004
30120030
33020001
2300340
301320300
33020013
33020010
30300240
4332000
203331000
33200220
30120033
2300301
33200202
2202000
2202003
2300304
2300310
203003310
230200320
2300313
203003301
203202
202020303
202020300
233002020
34020300
3103203
3103200
2300403
3103230
40033200
2300400
203223
303320001
203220
3021303
23001
3021300
23004
230020200
230020203
303320010
300042300
202020330
23010
30300204
203232
320310003
23013
320310000
30300201
233100300
132030003
132030000
23022
30300222
233002002
23031
33200130
23034
30300213
30300210
23040
32300013
23043
400330200
32300010
203200020
320031003
32300004
203200023
320031000
32300001
203003400
32300031
233003001
32300022
203200002
330222000
300043200
320031030
203301
200004033
203304
2300430
203310
203313
203322
203200032
200430030
34003002
3021330
23100
23103
203331
230103030
200430003
200430000
200004003
300420000
34003020
200004000
300420003
423003000
40032300
203340
200004030
300420030
23130
23133
3103302
230103003
32103300
2022003
2022000
230103000
310200330
3103320
33201030
200020332
10230300
322030002
10230303
400002
30301002
13032003
313002030
13032000
3300021
203403
123330000
232200030
3300024
203400
3300030
200020320
223320000
200020323
2022033
204003000
310020330
2022030
3300003
33201003
400023
30301023
3300000
33201000
400020
30301020
204003003
232200003
232200000
13032030
2202300
2202303
3300012
23010303
200020302
23202
23010300
203430
10230330
400032
30301032
300010320
300010323
23220
310020303
310020300
20323200
23223
313002000
201003330
313002003
100032330
300010332
23232
323013000
400002330
400330002
30432000
203200200
103030002
203200203
100032303
100032300
201003303
201003300
300010302
200020233
23043000
200020230
203020020
203020023
300043020
3300033
322030020
400330020
3300042
203200230
203020002
2202330
204003030
200020200
300223200
23301
34003200
200020203
23304
23310
23313
31300302
3300132
300010230
300043002
300010233
203020032
23322
200233200
103030020
312003000
103030023
312003003
23331
400002303
1203003
3300123
1203000
3300120
400002300
23340
330320001
203200302
103030032
3300102
300010200
330320010
300010203
31300320
3300210
1203030
3300213
1203033
303303000
3300222
400203
312003030
400200
232003200
330320100
30022302
31300230
3300201
203200320
12033003
3300204
12033000
33004200
400230
330402000
220002
200200332
23400
23403
433002
200200323
200200320
202332000
400233
220023
220020
433020
30022320
200200302
2022303
2022300
220032
23430
302320002
23010003
20323002
3120033
23010000
302320020
313002300
12000033
103030200
30022230
103030203
32103030
3300240
2022330
400302
12000030
13032300
200020032
3120003
23010033
3120000
302004
203020200
23010030
32103000
3120030
203020203
32103003
12000003
31300200
302001
3300231
31300203
12000000
302013
3333000
23223000
321030300
302010
3202032
302022
200233002
400323
300010020
400320
300010023
200200233
200200230
34200000
300223020
34200003
400332
302031
204003300
200020002
300010032
200233020
3300321
200331300
3202020
302034
100032033
34200030
3202023
3300330
200020020
200020023
302040
203020230
302043
201003033
3202002
200200203
200200200
300403200
100032030
3300312
201003030
30022203
103030230
300321300
30022200
300010002
100032003
100032000
230004300
20323020
3300303
3300300
300223002
42000000
3300402
42000003
400002003
232002000
400002000
232002003
313200300
20340030
230003130
30023130
302100
240030300
302103
1023003
20340003
20340000
1023000
32022000
32022003
200022000
42000030
200022003
220320000
42000033
220320003
304320000
120003330
400002033
220203
230003100
230003103
220200
302133
1023033
433200
302130
310300230
400002030
1023030
232002030
223302000
220320030
40002
2301030
220230
300240300
2301033
220233
30023040
203133000
40020
310300203
310300200
202330200
40023
40032
30203310
2301003
30203301
2301000
1203303
30023103
1203300
30023100
3300420
200300430
300322200
302202
200300400
3120303
200300403
3120300
33021300
3202230
340003020
302220
230003004
203002002
302223
230003001
220302
30203202
302010000
1203330
330420000
302010003
30023001
203100303
30023004
203100300
12000303
30203220
323031000
33103200
12000300
302223000
32300400
3022002
302232
220323
4300002
220320
102030000
30023022
102030003
3202200
30023010
203002032
3202203
302010030
220332
30023013
203100330
12033030
302010033
4300020
4300023
233001300
203002020
30023031
203002023
200202030
200300340
102030033
32202030
313020000
313020003
3202302
200300322
230003040
313020030
302301
102030030
200300331
200333100
310300320
200202033
200300304
204003
32300301
230003031
302310
204000
302304
3120330
200300310
200300313
3022023
3022020
302313
230003013
310300302
23322000
302322
230003010
32202003
12000333
32300310
230003022
32202000
200202003
200300301
12000330
204030
200202000
340003002
3022032
302331
302340
204033
300322020
40200
40203
30203100
2334000
30203103
330010302
231330000
130030302
3202320
430032000
200333010
313020300
300420300
40230
40233
42000300
42000303
130030320
300322002
30203130
200300232
200333001
203002200
4300032
203002203
30203022
302400
23010330
32300202
30301320
302403
1023303
30203013
42000330
1023300
200300220
30203010
200300223
32300220
2301303
33103020
3022203
130030230
3022200
2301300
200300202
302430
2203002
30203031
324030000
33103002
300240000
300240003
30203040
1023330
33201300
40302
203002230
302043000
300240030
330010320
40320
40323
13000002
4300230
40332
32300130
13000023
33021030
200300130
13000020
200300133
12033300
233001030
13000032
203002302
32300100
32300103
2203020
2203023
30203004
2301330
200300100
30203001
200300103
130030200
3022230
30301302
2203032
130030203
302010300
303321000
33021003
302010303
33021000
120003303
24000
120003300
24003
203330010
340003200
233001003
102030300
203002320
233001000
102030303
203330001
302010330
330010230
30301203
3022320
24030
30301200
1302003
30301230
24033
1302000
32300040
42033000
4300200
4300203
420300000
420300003
102030330
330010203
3022302
200300034
420300030
330010200
200300040
200300043
430000032
230020020
230020023
1302033
130030020
340200003
303402000
200300022
130030023
340200000
320032020
30040002
32301030
30220230
204303
330010023
200300031
204300
330010020
130030032
200300001
320032002
200300004
40230000
40230003
230020002
340200030
200300010
330010032
200300013
1302030
30040023
230200230
30040020
430000002
32301000
32301003
204330
203330100
30040032
230200200
202003002
303320100
230200203
30302202
430000020
430000023
13033200
31203300
330010002
402000330
31023000
31023003
2023002
202003023
13000323
202003020
13000320
13000332
200103330
4300302
231003030
202003032
230200302
222303000
402000303
30302103
402000300
30302100
4300320
2203200
2203203
30220200
2023032
30220203
313003200
200103300
200103303
22323000
31023030
2023023
130030002
2023020
3432000
230020032
30302130
2203230
30302031
2203302
30302022
30400320
30302040
2203320
3301032
120003003
402033000
33202020
120003000
313003020
13000302
33202002
3301023
3301020
33300300
3301002
231003000
231003003
10002000
10002003
13000203
30220032
13000200
20013030
20013033
320032200
13000230
30400302
303222000
33120030
10002033
40230030
13033002
24300
13000233
24303
120003030
30302013
32022300
30302010
10002030
20013000
33120000
13033020
20013003
33120003
30302004
120003033
30302001
240030030
420300300
10002330
233100000
30400203
10002333
2400033
233100003
13230030
30400200
202003203
310300023
202003200
310300020
31203030
24330
320310300
1302303
220320300
33300210
10330002
1302300
120330300
202003230
323030100
33300201
233100030
310300002
203232000
2023230
30023400
2400000
2400003
232002300
313200003
1302330
30400230
340200300
313200000
10330032
30220002
313200030
10330020
30220020
10330023
2400030
30220023
2023203
2023200
30023310
30023301
43032000
402000033
230200032
3301230
3301203
3301200
340020000
31203000
33300120
340020003
31203003
402000030
230200020
202003302
230200023
202003320
402000003
402000000
13230000
230200002
340020030
13230003
20340300
33300102
240030003
230003400
240030000
3301302
2023320
3203001
3203004
200103033
2023302
200103030
303000
303003
303012
230003220
303021
303030
303024
200103000
200103003
230003202
303033
302403000
303042000
2220000
33300030
230331000
2220003
30203400
403032000
303042
33300021
202200000
2433000
30400002
202200003
230003301
3203040
33300012
202200030
32202300
30400023
330321000
230003310
30400020
33300000
33300003
2220030
343002000
10002300
32022030
10002303
3203031
320130300
30023202
202200033
30400032
3203010
3203013
40230300
3301320
303102
310300032
3203022
30023220
243003000
32023020
2400300
210300033
230010300
230010303
300200430
3203130
2400303
300020202
2302002
303120
13230300
303123
303132
300020220
303002130
200322030
300020223
200322000
2220033
200322003
10330302
20013330
32203200
3203100
301003230
333100020
3203103
301003200
220032300
32023002
301003203
300200400
300200403
333100002
30204300
323040000
300020130
300020133
330200040
10330320
332002200
31302030
303002202
203304000
303204
330200013
303002220
2302023
330200010
300020100
303201
300200322
300020103
2302020
300233100
303213
330200004
300102030
2400330
303210
230010330
330200001
300200331
300200340
330200031
300102033
303222
2302032
330200022
123000
123003
303231
102033000
102033003
3023022
300200301
30024003
30024000
3023013
3023010
303240
43000320
300102003
102033030
300200310
300102000
300200304
30024030
213003300
320304000
123030
123033
3023031
40002303
300200313
40002300
330003210
300020034
3203220
300020040
300020043
330003201
31302000
31302003
3203202
3023004
303002301
3023001
102000300
102000303
303300
300020001
2040030
303303
303330000
10330200
300020004
10330203
200043300
303002310
30040320
300020010
300233001
300200232
300020013
130230030
230043000
330003300
3023103
3023100
303312
3203301
300233010
300020022
2302203
102000333
2302200
2040003
303321
102000330
3203310
300020031
2040000
303330
32203020
210300000
301003032
210300003
10330230
300200202
3023040
210300030
300200220
300200223
301003020
2040033
301003023
220032030
320320020
210300300
230010033
210300303
332100300
301003002
2220330
30302400
33022200
32203002
320320002
32301300
230010030
332002002
330003120
220032000
31023300
220032003
230223000
300200133
210300330
30040302
230010000
230010003
300200130
300331200
332002020
2220300
2220303
303402
303002400
130230003
130230000
3023130
2302230
330003102
303420
302003001
302003004
300200100
30040203
302003010
30040200
100230330
40330020
300200103
302003013
3023202
302003022
2302320
3400032
302003031
3023220
302003040
323220000
3400023
100230300
100230303
3400020
30040230
3400002
40330002
40002330
3203400
2302302
102033300
300200034
300200040
300200043
330003003
330003000
30302301
302003100
302003103
300200004
43230000
300200001
123300
123303
30302310
312030000
300200013
312030003
200223300
300003402
240300030
30204000
300200010
30204003
240300003
200010330
240300000
300200022
30204030
33022020
200010333
4203000
302003130
4203003
300200031
300003420
40330200
210333000
30302220
103000032
30220302
123330
20013300
33022002
20013303
1303002
304002003
304002000
200010303
33120300
200010300
312030030
232320000
423000300
320320200
3023310
103000002
33202200
300003330
330003021
300331020
1303032
3023301
30220320
330003012
130033200
304002030
2040303
2040300
103000023
103000020
200043030
1303023
330003030
1303020
320004
300004320
3220020
320001
323400000
331002300
3220023
3023400
300332001
220000020
320013
303231000
220000023
300332010
320010
130000302
320022
3220002
200043000
2040330
3400230
200043003
302002200
302002203
320031
220000002
30303210
320034
32302020
20030232
333001200
320040
320043
300004302
30303201
30123003
30123000
302002230
3400203
301200330
3400200
220000032
20030220
20030223
32400300
20030322
3302001
43000020
3302004
43000023
3302010
20030331
3302013
20030304
43000002
402003
4203030
402000
20030310
20030313
301200303
3400302
32302002
30303120
301200300
320100
320103
303100020
33203100
303100023
300004230
332100003
402030
34300002
332100000
20030301
43000032
301020033
3220032
303100002
130000332
332100030
402033
130000323
302002302
130000320
34300020
320133
23340000
320130
32220003
300004200
300004203
32220000
301020030
302002320
303100032
300430200
301020000
301020003
302330001
200403300
32220030
301233000
302330010
10003002
130033002
3302040
1303230
1303203
30303102
1303200
3400320
3302022
20030340
33203010
130033020
3302031
10003032
3302130
33203001
200010030
4023030
320202
342030000
220000200
10003020
30303003
30303000
130000233
220000203
10003023
320220
130000230
200223030
3220200
200010033
3220203
320223
220033020
30303021
103032000
4023000
333001020
3302103
4023003
3302100
203403000
103032003
230322000
30303012
320232
20030430
20030400
302330100
20030403
333001002
130000203
200223003
220000233
220033002
130000200
200223000
30303030
200010003
220000230
103032030
200010000
321303000
20030001
322302000
20030004
3302202
20030010
1303320
20030013
3040032
331002030
1303302
43000200
43000203
10003332
420330000
130000032
300004032
34300200
130000023
331002003
320301
331002000
130000020
300430020
3040002
33301200
300020430
222003
320310
222000
320304
43000230
3220230
303100200
3040023
3040020
303100203
130000002
320313
31302300
300004002
10200030
320322
32023200
222030
320331
320340
3220320
300020400
301200033
222033
300020403
300004020
303100230
300004023
10200003
300102330
300430002
10200000
20030034
4203300
20030040
20030043
301200030
32400003
32400000
301200003
32400030
301200000
20030022
402303
10200033
402300
300102303
43000302
20030031
3302220
300102300
3220302
20030130
300020322
20030133
10003230
304002
102000030
300020331
40002030
3204030
3204000
304020
303002013
40002033
3204003
304023
102000000
320400
3302310
300020340
303002010
102000003
320403
10003200
10003203
303002004
402330
303100302
303002001
334000200
303002031
304032
20030100
20030103
30024300
200403030
303002022
320430
300020301
3302301
303100320
40002003
300020304
40002000
102000033
300020310
303002040
300020313
10003233
302232000
203223000
103032300
301003320
3040230
203010000
200403000
203010003
200403003
20030202
301003302
332001300
10003320
33301020
10003323
3040203
3040200
203010033
300020232
33301002
203010030
303002103
303002100
10003302
3040302
120300330
320010003
2303010
320010000
302200320
330201003
2303013
330201000
33302010
100033023
100033020
2303022
33302001
320223000
42000
100000230
42003
2303031
100033002
100000233
30402003
30402000
30402030
320010033
120300303
10020030
120300300
30320103
30320100
42030
42033
3302400
10233000
10233003
10020000
4023300
2303001
10020003
200323020
320010030
100000200
100000203
2303004
30320013
30320010
303003210
203303001
200323002
1320030
30320004
304200
33220020
303003201
30320001
304203
30320031
1320000
1320003
33220002
30320022
10020033
10233030
2303103
222303
34023000
2303100
222300
304230
2303040
30320040
302020200
330201030
302020203
3040320
10200303
1320033
33400200
10200300
222330
203303010
40003302
32040300
302020230
31303002
202320003
300103023
202320000
4302030
300103020
313030200
202320030
331200300
12330030
300201330
40003320
300103032
203303100
304302
303003300
12330000
3024003
3024000
12330003
300201300
3024030
31303020
300201303
334002000
2303130
300103002
230304000
2303202
304320
300021030
300021033
302020302
100000032
332003100
2303220
430030200
21030300
21030303
302020320
100000020
40003203
100000023
40003200
310032030
213330000
222030300
300021000
300021003
320043000
420003300
30123300
4302000
4302003
300234000
100000002
310032003
310032000
21030330
40003230
3204300
40200033
303200022
332003010
303200031
430030002
303200001
42330000
303200004
303200010
303200013
320403000
302004000
302004003
40200000
40200003
33400020
120300033
21030000
21030003
302430000
303200040
40200030
42300
302004030
33400002
42303
330004200
331020030
10233300
10020300
10020303
331020003
331020000
42330
301020330
233040000
430030020
2303301
32220300
130032300
2303310
332003001
10020330
10020333
303200103
303200100
1320300
1320303
301020300
301020303
12330300
3024300
222030003
330004002
30303300
222030000
2303400
33023100
303200130
10200330
32302200
10200333
330020400
4302300
1320330
330004020
300201030
300332100
202320300
331200030
304003002
32040000
32040003
300201033
420003000
330102300
420003003
322320000
32040030
331200000
331200003
300201000
21030030
303200220
300201003
21030033
304003020
13002003
33023010
310032300
13002000
303200202
30123030
420003030
303020013
120333000
303020010
13002030
303020004
321000
303020001
33023001
321003
303020031
230320200
222030030
13002033
303020022
340030020
302003202
300120033
321030
230403000
31320030
30304200
12003003
321033
12003000
32303100
30222300
302003220
31320000
31320003
300120003
300300231
300120000
22030200
22030203
300333000
300300240
403002
300120030
130032000
130032003
3303030
213003003
403023
213003000
403020
300300204
32303010
223030020
300300201
20031330
300300213
300300210
3303012
300300222
30042003
30042000
130032030
403032
3303021
12003030
400323000
30042030
302003301
330020301
100230033
3303003
3303000
12003033
302003310
20031300
32303001
340030002
20031303
100230030
302331000
330020310
300300132
2320032
100230000
330020130
100230003
3303102
22030302
13330002
13002330
22030320
300300102
2320002
330102030
240003300
330020103
333002100
13330020
330020100
33040200
2320023
204303000
2320020
340030200
300300123
300300120
302200002
330020202
333002010
312030300
20310000
22030230
20310003
120300003
302003400
333002001
203320020
120300000
30304002
302200023
133030200
120300030
302200020
330020220
33204000
30304020
203320002
100033320
30320400
100033302
304002300
3303120
302200032
300300033
23013300
300300042
123003300
223030200
13002303
13002300
331003200
330200400
330020010
30222030
300300003
403203
300300000
403200
330020013
20031030
20031033
330020001
300300012
200322300
330020004
321300
10002
321303
3303201
300300021
3123003
330020031
3123000
300300030
403230
3303210
223002
330020022
300300024
330200202
10020
10023
20031000
20031003
123003000
313030020
223023
123003003
223020
10032
330200220
30402300
331003020
321330
100033230
223032
330200301
100033203
2320230
100033200
12003303
12003300
330200310
330102000
330102003
403302
330020040
30320301
300103302
2320203
133030020
2320200
33040020
34203000
333100200
303003003
303003000
30320310
3123030
33040002
300103320
30222000
30222003
403320
22030032
303003021
30320202
302200203
330200103
330200100
302200200
303003012
2320302
33220200
30320220
22030020
203320200
22030023
303003030
133030002
302020002
213003030
302200230
33302100
40003023
40003020
300021330
302020020
100000320
3303300
100000323
302020023
223030002
100000332
40003032
331003002
302020032
300103203
123003030
300103200
30320130
303003102
13330200
23013003
301332000
300021300
300021303
23013000
40003002
10200
313030002
100000302
10203
300103230
223203
22030002
10332030
2320320
223200
330200130
302200302
10230
403030002
23013030
10233
43002
10332000
31303200
223230
100033032
10332003
303003120
30403020
310033020
420000000
23030103
201303030
330202020
420000003
220030230
23030100
43020
100003320
100003323
20310330
43023
310033002
10332300
100003302
310000233
420000030
43032
310000230
301300200
333020100
301300203
304020030
2304003
203220030
330300300
2304000
33303000
201303003
201303000
303004200
420000033
20310300
20310303
23030130
310000203
310000200
300022230
203220000
13003002
330202002
304020003
2304030
304020000
10302
203220003
220030302
223302
23030040
30321030
3123300
304200300
23030031
10320
10323
100003233
23030022
300022200
300022203
223320
10332
232302000
333102000
100003230
203302002
220030320
203400300
100003200
30403002
100003203
330300201
40332000
102330000
102330003
23030220
230303010
203302020
330300210
230303001
420003
30321003
420000
30321000
333020010
300202320
12003330
301300032
310000332
102330030
42003000
420030
333020001
310000323
310000320
42003003
210003000
210003003
43200
301300020
301300023
43203
230303100
420033
20130303
20130300
210003030
310000302
42003030
301300002
200303400
300202302
3320040
4303002
210003033
43230
420033000
3320022
23030202
300022020
300022023
300120330
4303020
330120000
3320031
330120003
300022032
330120030
3320001
3320004
3320010
303201003
303201000
3320013
203040030
13003203
302103300
210003330
13003200
300120303
2304300
300120300
300202230
300022002
303201030
3320103
3320100
13003230
203040003
203040000
3402030
3402003
4303200
3402000
20310033
203302200
43302
402030300
100003032
220030002
31320300
200303301
333200100
43320
100003020
100003023
20310030
300202200
200303310
300202203
340000002
310033200
220030032
100003002
203220300
304020300
340000023
333200010
340000020
220030020
220030023
333200001
302300004
300300420
340000032
302300001
332004000
302300013
330300102
302300010
3320130
302300022
30042300
330300120
302300031
240003
240000
200303220
340000203
340000200
302300040
103002030
310230000
310230003
103002033
200303202
300300402
240003030
130330200
240030
23030013
240033
102330300
340000230
23030010
23030004
23030001
3320220
103002003
103002000
3320202
302300100
300202020
3222000
20130033
3222003
302300103
300202023
330300012
303021003
3320310
303021000
300300321
13003023
420303
13003020
420300
330300003
300300330
330300000
330300030
300202032
322002
330300021
20130030
13003032
3320301
210003300
20130003
322020
210003303
20130000
322023
42003300
220030200
220030203
302300130
300300303
303021030
300300300
200303130
420330
20343000
233301000
120303300
322032
240003003
240003000
300202002
33024000
300300312
43002000
340000320
43002003
303020040
40200300
40200303
200303100
330103200
200303103
3402300
300301302
202303002
30010332
300203004
30010320
30010323
10300032
300203001
20032302
330021300
24030030
303102000
202303020
332020200
40020033
303102003
303200310
130002330
230320020
200303040
203040300
402030030
230320002
34302000
43002030
303200301
3222030
133230000
40020003
40020000
402030003
402030000
233220000
30043020
200303031
303020103
300301230
13200000
13200003
303020100
302004300
40233000
200303010
200303013
130330002
13200030
40020030
24030003
200303022
24030000
303102030
130330020
3320400
3304020
13200033
200303001
200303004
32304000
340000302
303020130
3304002
20032320
100200330
100200333
300301203
300301200
30010302
303200400
231303000
30010200
30010203
100200300
100200303
2403000
322200
120303030
304003200
2403003
322203
303020202
240303
30223200
240300
120303003
30043002
30010233
322230
120303000
303020220
100020033
100233030
30010230
130002303
3042030
130002300
332200200
320322000
100020030
240330
100233000
100233003
100020003
100020000
13003302
332020002
10300020
10300023
202303200
40200330
2403030
322302
3042003
13003320
332020020
3042000
10300002
303020301
13200330
40020330
330021030
300301032
20032032
10300302
322320
303020310
330021003
333003000
330021000
420000300
20032020
32320200
20032023
420000303
233400000
20130330
43002300
300301002
320010303
40020303
3222300
320010300
40020300
10300332
20032002
340230000
300301023
300301020
3304200
10300320
10300323
330103020
4320000
33123000
420000330
23030301
4320003
240330000
13020033
320010330
303102300
30403200
30223002
30321300
30010002
4320030
304200000
30223020
304200003
13200300
13200303
300432000
133000320
30010020
303004002
30010023
330103002
23030310
30010032
330201300
303004020
304200030
303020400
133000302
2010003
332200002
2010000
301300320
2223030
332200020
100200033
13233000
13020003
100200030
13020000
2010033
2010030
10300200
10300203
331020300
100200000
13020030
2223000
2223003
100200003
301300302
2403300
10333020
133000230
130002033
130002030
300022320
3042300
10300233
10333002
20032230
302103000
310000032
302103003
10300230
23030400
133000200
133000203
130002003
310000023
310000020
130002000
32320002
100003332
301300230
302103030
310000002
20032200
32320020
20032203
300022302
100002300
100002303
303300120
20000034
103230003
303300102
103230000
20000040
20000043
204300300
20000022
330203010
20000031
20000001
20000004
213000330
20000010
20000013
230302200
300023202
300400032
13020303
13020300
202023003
202023000
20000100
300023220
20000103
303300210
2043003
300400002
40300032
2043000
230040030
103230030
13020330
300203400
4320300
43020030
43020000
300400023
312033000
330203100
43020003
300400020
230040003
230040000
303300201
202023030
312000030
230302002
2043030
332300100
33222000
34320000
133000032
43200030
10333200
303120030
43200003
303120000
333021000
303120003
43200000
203301003
203301000
230400300
312000000
3321003
213033000
3321000
312000003
302022300
30420300
30322002
40300230
2010303
2010300
243000030
202203300
30322020
133000002
20000130
20000133
233202000
243000003
203301030
133000020
312000033
133000023
243000000
300023130
330301200
303202002
300203301
20033010
2010333
20033013
2010330
3403002
300203310
40300203
30240000
40300200
30240003
20033022
30240030
330203001
20033001
20000232
213000303
20033004
300023100
213000300
300023103
303300300
300023040
2223300
20000220
20000223
3321030
303202020
20000202
230302020
300023010
100002033
300023013
300023022
300023031
210330000
210330003
100002030
332300010
100002000
100002003
300203202
210330030
332300001
300203220
24030300
300023001
300023004
3403020
230220030
40300320
302301000
302301003
230220000
33320100
230220003
200304300
302301030
233300100
40300302
33402000
103230300
23031003
23031000
400030302
303202200
30043200
202023300
132000330
230023200
243000300
300203130
230400030
203203002
400030320
23031030
203301300
312000300
333201000
33320010
312000303
230400003
300203100
323004
230400000
2043300
300203103
323010300
303120300
303022002
33320001
323001
43200300
400030230
304300002
323013
300203040
233300001
323010
3010020
3010023
323022
303022020
233300010
203203020
312000330
323031
304300020
3223020
3010032
300203013
323040
330301002
300203010
3321300
300203022
3223002
30420030
300301320
30420000
132000303
132000300
300203031
30420003
3403200
330301020
3010002
21000000
300302310
21000003
300204000
303201300
300204003
303103002
232023000
32043000
323100
300204030
323103
43003020
21000030
21000033
20033301
400030203
302300202
400030200
20033310
210330300
132033000
302300220
300302301
303103020
202302003
202302000
323130
202302030
340032000
300220320
12300030
20230002
334020000
20033400
2322030
12300003
12300000
300220302
300302220
200304030
200304000
2322003
200304003
310230030
2322000
300040032
203023002
103000230
323202
400030032
302300301
103000233
103033002
400030023
323010000
302202003
323220
3223200
302300310
400030020
323010003
332103000
302202000
330022200
3043002
3010233
123300300
301203300
103033020
3010230
203203200
300302202
300040002
300220230
20230032
103000203
100330320
103000200
302202030
323010030
200320320
20230020
20230023
203023020
300040023
3010200
300040020
3010203
23310300
132000030
100330302
32010030
301023030
300220200
103000302
23130030
300220203
3010302
300302130
331300200
32010033
132000003
132000000
200320302
12000
323301
3043020
12003
400030002
423000030
301023000
43003002
301023003
323310
13332000
23130000
303103200
300302103
300302100
23130003
32223000
302300400
423000003
423000000
32010000
201303300
32010003
303021300
22032300
12030
132000033
20000304
12033
10203033
20000310
20000313
331300020
100330230
10203030
200320230
20000301
331300002
103000323
300302022
100330203
20033040
100330200
103000320
300400320
300302031
334200000
232203000
103000332
330022020
3010332
20033031
200320200
200320203
3010320
3010323
300302040
203400030
300400302
3420030
323400
202302300
300302004
103033200
3420000
3420003
300302001
230040300
23031300
20033130
300302013
203400003
300302010
203400000
2322300
310230300
300220032
20000340
20000343
302022000
20000322
302022003
12333000
203023200
20000331
20033100
20033103
20000334
20000433
300400230
20033202
40300002
300220002
300023400
302022030
300220020
40300023
40300020
300220023
234300000
20000430
20000400
20000403
301203030
303300021
33042000
300400203
303300030
133032000
23310030
3043200
300400200
303300003
303300000
230220300
12300033
302202300
303300012
330120300
301203003
100330032
301203000
22032030
200320032
43003200
23310003
22032000
233022000
23310000
22032003
32403000
30322200
330022002
100330023
100330020
130230300
10203003
30240300
10203000
200320020
300023301
123300030
200320023
100330002
100002333
313032000
1323000
100002330
1323003
300023310
200320002
20033220
330202200
123300000
123300003
1323030
220233000
103200303
103200300
12300
12303
21033300
330032010
103020033
220020030
430320000
100333020
340002
12330
330032001
133003200
12333
100333002
340020
340023
100300233
20001030
20001033
100300230
10203303
220020000
32322000
220020003
10203300
340032
330032100
100300203
100300200
30323100
10203330
220020033
103200330
3240030
220200303
202030203
3240000
202030200
3240003
300032400
220200300
302310000
302310003
33010032
302310030
30323010
320103300
33010023
12300330
33010020
220200330
3322020
202030230
40203000
40203003
3322002
33010002
203013300
12300303
330130200
12300300
3420300
10023000
10023003
231030030
22000002
300032301
202030302
300032310
200031033
303031002
23032200
22000023
223002003
223002000
200031030
22000020
20034030
133003020
320300022
20034000
10023033
20034003
303031020
223002030
42300000
42300003
320300031
313320000
340200
10023030
340203
22000032
400320300
320300004
200031000
320300001
200031003
30323001
202030320
100300032
320300013
42300030
322020300
320300010
340230
21033030
103020330
42300300
20230200
100300023
100300020
20230203
133003002
100300002
10023300
10023303
13300203
13300200
300032202
103020303
21000300
103020300
21000303
1323300
231030000
231030003
323003001
10023330
300032220
220200030
201030330
340302
320103000
320103003
302130003
302130000
220200003
3240300
220200000
300032130
320103030
20230230
201030303
340320
201030300
21033000
3322200
21033003
302130030
40203030
220200033
20230320
300032103
300032100
330310200
13300032
23032020
322020030
322020000
322020003
40023030
302310300
323003100
23032002
324000
324003
333030000
20230302
303031200
32010330
40023003
40023000
324030
400320030
323003010
330130020
21000330
300032040
21000333
222330000
32010300
33321000
32010303
322200300
20001000
20001003
400320000
23130300
400320003
203030010
300032001
203030013
300032004
203030001
13300002
300032010
203030004
300032013
300130320
300032022
230030400
13300023
300032031
13300020
330130002
222003003
203030040
222003000
300000231
300033003
300033000
300000234
300000240
300000243
303030300
203030031
300033012
2323002
203030022
300033021
300000201
232030200
300000204
322003200
300000210
330310020
300000213
132003300
33240000
300000222
30012300
30012303
333210000
203030100
203030103
103003203
22033200
103003200
30012330
300000132
201030033
203030130
30340002
222003030
213303000
2323020
230031300
201030030
30340020
103003230
23000031
13300302
103003302
300000102
201030003
23000022
201030000
20100030
232030020
20100003
20100000
23000013
23000010
302031000
300000120
23000004
300000123
103003320
302031003
43020300
20313000
301032300
20313003
23000001
22230003
203030202
22230000
130332000
31323000
13300320
10302000
10302003
23000043
23000040
302031030
23000034
300000033
220332000
300213030
330310002
324300
13002
300000042
13300230
10302033
10302030
203030220
13020
13023
300000000
300000003
232030002
13032
322200030
233013000
300213000
300000012
300213003
20313030
20100033
322200000
300000021
322200003
300000024
300000030
123303000
230031030
20001330
203030301
22000203
20001333
103200033
22000200
132003030
322003002
33420000
2323200
103200003
20001300
103200000
22000233
20001303
22000230
200030400
22033020
230031000
304030002
230031003
200030403
200030430
103200030
22033002
203030310
30012033
220020300
220020303
304030020
332030100
132003003
132003000
33010320
200030340
100333200
220020330
322003020
22000332
200030313
33010302
200030310
200030304
22000323
22000320
13200
13203
200030331
203030400
200030322
30012000
30012003
13230
301032030
200030301
301032000
13233
301032003
30012030
400303200
103020003
10302300
33010230
10302303
103020000
302031300
330031200
20034300
103233000
133002300
100300332
231030300
100300323
100300320
103020030
320004300
200030220
22000302
200030223
10302330
304030200
33010203
33010200
332030010
100300302
200030232
223002300
13302
332030001
330000303
100332030
330000300
13320
200032230
13323
23000403
23000400
320022300
330000312
13332
300230130
100332003
100332000
200032200
300312003
300312000
200032203
23000430
300230100
300230103
300312030
400303002
303130200
23000340
3323001
22230300
210003
23033100
210000
130020330
23000331
23000322
423003
423000
330000330
300230022
321300300
300230031
330000321
210030
400303020
130020303
102003300
423030
210033
130020300
102003303
300230040
2340003
2340000
20133300
20002230
20002233
210303000
301000032
300230004
210303003
300230001
102003330
300230013
2340030
300230010
301000020
301000023
20002200
20002203
330000132
3323010
301000002
40302300
210303030
230013300
330033000
133002030
303032010
130200330
403320000
200032032
330000231
303032001
20002302
330000240
320301003
320301000
330000201
330000204
200032002
30324000
3323100
320301030
330000222
300033300
200130330
200032020
330000210
200032023
133002000
133002003
203340000
330000213
130020030
330000042
220330020
321300003
220002330
321300000
330000033
200130300
200130303
321300030
23000133
332130000
130020003
23000130
320022030
130020000
323004000
330213000
330000012
330000003
320202300
330000000
303032100
130200303
130200300
30000
220330002
30003
330000024
330000030
243003
243000
30012
330000021
300000420
30021
300000423
310323000
30024
330000102
30030
330000123
30033
300000432
330000120
300033201
243030
300033210
103003002
30042
22230030
130233000
300000402
23000103
23000100
210303
223230000
130020033
210300
302000001
423300
300033120
302000004
302000010
302000013
3012000
3012003
3012030
20133030
302000022
30102
210330
100020333
100020330
210333
302000031
300000321
302000034
300000324
30340200
23000313
23000310
302000040
30120
300000330
302000043
30123
300000333
103003023
300033102
100233300
23000304
103003020
23000301
30132
300000342
20133003
100020303
100020300
103003032
20133000
23000223
20002032
23000220
423030000
240303000
200310330
210303300
300000300
300000303
300213300
230013030
23000202
20002020
20002023
20100330
300000312
20100333
20313300
20002002
300033030
302000100
302000103
200310300
3012033
23033010
200310303
2340300
132330000
23033001
23000232
220330200
30201
30204
230013000
20100303
230013003
20100300
130200003
320300310
130200000
30210
200130030
320202000
30213
320202003
300034020
30423000
20330301
30222
30231
320300301
30234
130200030
200130033
30210000
30210003
43300020
30240
30210030
130200033
30243
24000330
200343000
300132300
300001230
300034002
300001233
43300002
230030220
301230030
320202030
200130000
30210033
200130003
332310000
40203300
24000303
30013320
24000300
301230000
301230003
300001200
300001203
230030310
30300
30303
10303230
320300400
243300
230030301
30312
20232030
20330310
30321
20232000
30324
20232003
30330
331032000
30333
10303200
10303203
302130300
220003230
302032002
30342
230030130
10303002
302032020
20330400
23001033
23001030
220003200
103002303
220003203
103002300
13203030
230030100
130003230
230030103
10303032
303310002
10303020
10303023
130003203
130003200
30013302
30402
3340020
130003320
3012330
103330020
230030202
303310020
3340002
30420
30423
130003302
30013200
30013203
320022003
30432
200310033
3012300
3012303
320022000
220003320
300230400
30013230
323020200
300001032
13203000
13203003
23001003
100332300
23001000
103002330
4323000
220003302
103330002
200310030
400302300
200310000
230030004
301033200
200310003
230030001
230030013
300312300
300001002
20330040
230030010
20330022
20330031
300001020
300001023
320300040
20002320
20330004
20002323
23230020
20330001
20330013
102003000
20330010
20002332
102003003
300132003
323200002
20330103
102003030
20330100
300132000
300230310
302032200
102003033
24000033
320300103
23230002
320300100
2013003
2013000
323200020
300132030
40023300
303310200
230030040
24000003
24000000
24000030
301000320
230030022
301000323
320300130
2013033
2013030
300230301
230030031
301000332
1030002
303130002
30013002
130003002
24033000
1030023
323200200
1030020
200031330
203013000
203013003
30013020
30013023
23230200
3340200
301000302
1030032
30013032
323020002
20330130
220003002
200031300
40302030
300230220
200031303
320300220
13203300
103330200
323020020
303130020
202030002
320300202
203013030
220003032
10303320
202030023
301033020
202030020
220003020
332031000
220003023
40302003
40302000
301000230
301000233
202030032
20330220
10303302
301033002
13023003
13023000
300230202
130003032
20330202
130003023
13023030
130003020
342000
342003
324003000
301000200
301000203
43300200
100302330
10320030
332000202
330001320
40303200
302230020
43023000
20003130
342030
20003133
30030303
332000220
30030300
133300200
230340000
22002003
10320000
10320003
22002000
243300000
22002030
30030312
300100032
100302303
100302300
303000102
20003100
20003103
30030330
1030203
303000123
202323000
1030200
303000120
21330300
13302003
13302000
130023300
30030321
10320033
330001302
22002033
323300100
300100002
30030222
30030210
332000130
303000132
300313002
30030213
3324000
300100023
1030233
300100020
1030230
300313020
30030231
320220030
2013303
2013300
30030240
320220003
320220000
13023300
303000204
303000201
223000002
2013330
331230000
20003232
1030302
303000222
323202000
300231030
330001203
303000213
330001200
223000023
303000210
223000020
320302002
20003220
20003223
303033000
303000231
223000032
332000100
332000103
20003202
1030332
30030201
320400300
30030204
302230200
200340300
1030323
300231000
300231003
1030320
303000240
20003313
332000010
332000013
133300020
332000001
33012030
20003322
20331003
332000004
20331000
133300002
320302020
20003301
33012003
332000031
30210330
33012000
20003304
30030102
20003310
332000022
303000303
332000040
30030123
30030120
303000300
330001230
303000312
430023000
213300300
30030132
30030024
30030030
303000330
303000321
30030021
30030042
21330000
21330003
342300
31002
30030033
330001032
301230300
100302033
21330030
31020
31023
30210300
10320300
10320303
30210303
100302030
31032
100302003
100302000
222033000
10320330
20232300
303000402
130203300
302001000
302001003
303000420
30243000
30030012
30030003
30030000
300034200
3013032
320400030
302001030
20003001
23001303
302001033
23001300
20003004
330132000
222000303
222000300
320400000
320400003
233010300
2030013
2030010
3013002
2030004
23001330
2030001
3013020
3013023
320023200
331000320
330001002
13302030
2030043
2030040
130023030
300001320
300001323
2030034
32340000
200340030
23034000
200340000
20003040
2030031
20003043
200340003
100023330
330001023
300001332
330001020
2030022
430203000
31200
31203
130023003
323300001
20003031
130023000
20003034
132300300
323300010
222000330
100023303
100023300
20003010
20003013
300001302
31230
20003022
31233
302000130
20020020
302000133
20020023
20233020
2030103
2030100
22330200
12303030
31030230
20331300
20200230
20020002
320203020
331000230
32013300
300002301
322300200
20200233
20233002
12303003
12303000
23133000
2030133
2030130
331000203
331000200
20200200
20200203
103300200
103300203
3013230
31302
223000320
302000202
300002220
300002223
130203030
331000302
21003030
31320
21003033
300002232
323103000
20200302
31323
302000220
302000223
31030200
31030203
2030202
31332
302000232
302033001
20020032
302033010
300002202
3013200
3013203
2030232
2030223
2030220
430302000
3013302
302000301
103300230
302000304
300133200
300002130
20200320
300002133
302000310
20200323
20200332
130203003
302000313
130203000
30342000
302000322
2030301
20233200
103300320
320023002
31030032
23100330
302000331
23002002
302033100
302000340
320203200
300002100
13302300
300002103
20020200
20020203
31030020
31030023
220002300
220002303
2030331
3013320
103300302
23100300
2030322
23002032
23100303
330312000
310002
2030313
2030310
23002023
23002020
330230100
2030304
320023020
23100000
300100323
310020
132300003
3210033
132300000
23100003
300100320
310023
300002022
23313000
32013030
300002031
300100332
302000400
302000403
300002034
310032
300002040
2030340
300002043
132300030
23100030
3210030
304032000
20331030
32013000
3210000
32013003
3210003
43203000
31030002
3423000
300100302
302000430
22002303
300002001
20003331
22002300
300002004
300002010
300002013
20003340
2030430
322300020
20200032
330230010
322300002
20003430
331000032
2030403
2030400
330230001
20200020
300231300
20200023
300100230
300133002
300100233
331000023
331000020
200323200
20200002
331000002
20003400
20003403
12303300
300133020
300100203
30030402
300100200
330000420
300313200
30030420
223000302
403203000
21003000
330000402
21003003
33012300
310200
310203
223000203
223000200
303000012
22330002
3243000
40303020
303000003
220002000
303000000
220002003
303000030
310230
3030012
130002
22002330
303000024
303213000
303000021
3030003
310233
3030000
343002
23100033
320301300
130020
303000042
130023
343020
223000230
220002033
303000033
320203002
22330020
302230002
130032
220002030
40303002
100203000
22003023
100203003
22003020
3210300
30031302
3210303
13303002
32030202
30031320
200030202
22003032
310302
330330000
3030030
302100000
302100003
13303020
3030024
33013200
3030021
302313000
330002310
310320
3030042
310323
310332
3030033
302100030
302100033
3030123
3030120
330002400
220230000
102333000
304230000
220230003
23330100
200030133
32030130
3030132
200030130
334000002
3210330
22003002
200030100
3030102
200030103
334000020
32030100
303001203
32030103
303001200
303001230
330002220
320303001
3030204
102300300
102300303
3030201
130200
130203
403023000
42303000
203043000
200030031
343200
32030031
300232002
30031203
200030022
310030032
30031200
220230030
32030022
32030040
300232020
330002202
102300330
200030040
30031230
320303010
200030043
130230
130233
310030023
200030034
310030020
301002033
20332020
310030002
3030240
332001030
200030013
32030010
20332002
32030013
200030010
330002301
200030004
32030001
303001302
300330300
20004330
32030004
200030001
301002030
301002000
3030222
301002003
203010300
203010303
303001320
320303100
20430300
33013020
3030213
3030210
3030231
20004300
33013002
20004303
130302
310030203
32001
310030200
21003330
203010330
32004
300330210
23002203
23002200
3030312
302133000
32010
32013
130320
130323
3030330
32022
330002103
130332
330002100
32031
3030321
332001000
332001003
32034
23002230
32040
32043
3030303
220000302
3030300
20020230
20020233
300330201
302100300
302100303
220000332
30031002
20020320
20020323
302002002
220000320
20020332
220000323
133020300
21003300
302002020
32100
30031023
30031020
21003303
302002023
32103
322023000
13303200
302100330
300330120
302002032
30031032
330002130
20020302
300002400
300002403
32130
20430003
2031003
32133
2031000
20430000
103300002
310030320
23002320
20004030
300330102
20004000
20004003
103300020
103300023
300002430
310030302
2031033
2031030
330100230
3030402
220033200
23330001
333000300
23330010
3030420
300330021
330002031
300002340
31030302
300330030
32202
333000210
330100320
323301000
330002022
333000201
330002040
32220
32223
23002302
300002304
330100302
300002310
103300032
300002313
32232
31030320
310030230
20004033
330002010
300002322
300330003
300330000
330002013
200013330
20430030
330002001
300002331
300330012
330002004
300003300
300003303
304000023
304000020
4030002
300003312
300003321
200013303
304000002
300331002
200013300
33030120
33030102
23003004
303230001
23003001
303230010
32301
32304
32310
32313
304000032
32322
20103030
330100200
33210300
330100203
300003240
130300302
20103033
32331
322203000
302034000
30310302
32340
420030300
133200300
300003201
333000120
24330000
130300320
40320003
300003204
40320000
20103003
20103000
300003210
300003213
4030032
33030021
300003222
403302000
33030030
40320030
4030020
4030023
30310320
300003231
320040300
333000102
23003103
130300230
23003100
3342000
33030003
303230100
333000030
33030000
103332000
33030012
333000021
133020000
233010030
133020003
203322000
22020033
330100002
32400
133020030
32403
302001300
303312000
333000012
302001303
330100020
30310230
333000000
30130002
333000003
222000033
330100023
23003130
222000030
30130023
32430
30130020
233010003
302001330
233010000
222000003
100203330
222000000
30130032
22200303
22200300
4030200
4030203
23003031
23003022
300003120
300003123
304000203
304000200
2031303
2031300
23003013
100203300
23003010
300003132
100203303
43302000
130300200
22020003
330100032
301330200
130300203
22020000
22020030
30310203
30310200
304000230
22233000
2031330
23003040
300003102
100023030
200013033
300003042
200013030
100023033
200013003
200013000
300003012
32030400
22003302
4030230
300003021
100023003
100023000
304000302
300003024
300003030
22003320
300003033
420030000
420030003
130300032
420030030
30310023
30310020
40320300
22003203
1032003
320040030
4030320
22003200
1032000
320040003
2310003
22003230
1032030
320040000
2310000
33210030
300003000
332000400
300003003
240300300
304000320
30310032
23232000
4030302
102300030
33210003
33210000
133200030
1032033
320302200
133200000
303132000
133200003
330231000
102300000
102300003
213300030
13320003
223032000
13320000
22200030
32030310
22200003
301330020
22200000
213300003
13320030
213300000
102300033
320220300
20332200
303001002
130300002
301330002
301002330
2310030
130300020
303001023
2310033
130300023
22200033
303001020
324300000
32030301
220230300
30310002
3031023
3031020
303001032
301002300
301002303
3031032
100203033
402303000
332000301
32030220
300232200
100203030
323022000
3031002
332000310
