2
4100
40000100
12110000
10021010
11
14
10021001
20
1110020
23
110010002
32
2003000
301100
41000
41
110010020
4010000
11010200
100400
230000000
100120001
2102
11002001
211001
100120010
10301
11002010
400001000
1022000
2111
211010
300100001
10103000
2300000
100001201
103100000
10310
210001100
2120
300100010
100210100
201010100
100001210
11002100
1200200
102000200
2001020
40000001
11000003
20210000
1020011
101
121010000
11000000
110100200
20001110
40000010
104
30020000
11000012
1020002
2001011
110
31001000
113
11000021
2001002
10021100
200111000
11000030
122
1020020
20001101
20001200
11100200
131
10000400
21101000
110020100
140
100001120
10201100
2201
211100
10400
201010010
1102001
2210
100210010
100210001
1110200
121001
201010001
1102010
22000100
110100002
121010
100040000
201100100
110100020
100001102
220100000
100300100
300020000
1020110
22000010
200201000
200000300
200
2001110
1020101
203
22000001
2001101
212
301001000
221
1100021
230
100003100
210001001
110012000
1100030
1100000
2210000
103010000
100001030
20120000
1100003
210001010
12200000
203000
30110000
113000000
2300
1100012
101003000
100001012
110000012
1102100
100001021
30200000
110000003
121100
110000000
131000000
110000030
100300010
12100010
10011020
201100010
31001
12100001
100300001
110000021
100001000
201100001
100001003
200000201
31010
120000002
1012010
100130000
1020200
101300000
201002
202100000
120000011
302
2001200
11000201
1012001
101001002
201011
120000020
20011010
11000210
100011200
100003010
4000010
311
200000210
101001020
110002100
4000001
201020
320
120000101
11201000
112001000
210200000
21000200
1100120
311000000
120000110
10101200
11000300
100003001
300110000
1010012
1100102
4000100
1010003
1010000
2120000
1010030
3101000
110000102
113000
1010021
20011100
22100000
110000120
10220000
31100
111020000
11000102
200000111
10101020
20003000
1012100
200000102
201101
10101002
401
200000120
3011000
201110
410000
12020000
101210000
100220000
202010000
410
201020000
111002
10400000
11000120
111200000
212000000
1100210
300200000
401000000
100101200
111020
2030000
1100201
1010102
20001011
1010120
20001020
10013000
110002010
20300000
110010200
121100000
23000
20001002
200002100
22010000
110002001
2200001
103000001
10011002
200000012
32000000
200000003
103000010
200000000
2200010
10310000
13001000
120000200
1004000
201200
200000030
101001200
100011020
200000021
320000
10003100
2200100
21002
201110000
101000201
20020001
2110001
301100000
21011
1002011
220000010
1010201
101000210
100012001
2110010
20020010
1301000
1100300
21020
100012010
220000001
1002002
100020200
10001030
100102100
210020000
20110100
30000110
300000200
1002020
120100100
30000101
1010210
200002010
200010200
102100001
120010001
200002001
211001000
120010010
110030000
102100010
10210010
20102000
30000011
1000013
100100021
1000010
100100030
10210001
30000002
1000004
1000001
110200001
1000031
120010100
100100003
10001102
100100000
103001
10300100
10040000
1000022
310100000
110200010
100100012
30000020
101201000
11021000
111200
103010
12002000
1000040
101000300
21001001
1211000
21101
1002110
21001010
230000
1010300
100020101
21110
220000100
100020110
10001120
1002101
201200000
202000010
300000101
3001001
200100200
102010001
20100020
100102001
400001
101000
101003
202000001
400010
100102010
102010010
300000110
100110200
20100002
102100100
200010110
101012
30002000
20100011
101021
23000000
200010101
3001010
10003001
112000010
12010001
101030
1000103
1000100
112000001
12010010
2020010
2110100
20020100
210110000
1000121
12100100
103100
110001200
2020001
1000112
100020020
40100000
12010100
112000100
13001
10130000
21001100
1000130
200010020
110120000
2102000
21200
20012000
13010
100020002
1002200
10011200
10003010
100020011
102010100
400100
140000
300000002
200100110
10001021
200100101
310010000
300000011
10001012
202000100
101102
410000000
100200200
10001000
200010011
10001003
300000020
310001
120002000
10300010
11000
200010002
1121000
11003
10300001
310010
20030000
210100100
101120
2100002
11012
1000202
100022000
120020000
200012000
10202000
2100011
10001300
220010000
11021
320000000
1000220
2100020
210010001
11030
2020100
1000211
121001000
210010010
3001100
10030010
110020010
13100000
10030001
13100
110020001
300002000
100110020
130000010
30010100
130000001
10120100
102002000
100110002
200100011
101021000
200100002
30100100
10200020
310100
10200011
101201
30010010
100200110
1031000
140000000
30010001
200100020
10200002
130000100
101210
100200101
11102
110102000
1201010
100030100
1000301
220001
200020100
220010
210010100
11120
40010000
20200001
201001100
100112000
21011000
1000310
1201001
20200010
2012000
12000200
102000020
120100010
20110001
2010011
20110010
120100001
2010002
20200100
300010100
102000002
200102000
310000100
102000011
10001210
12000020
210100001
2100101
10001201
100200020
2100110
210100010
10210100
400000100
100200011
302000
12000002
110200100
101300
100200002
3002
2010020
12000011
11201
3011
200020010
100030001
220100
2100200
201001010
11210
100030010
3020
200020001
130001
10120010
201001001
12000101
100120100
400000001
12000110
130010
10120001
400000010
1201100
1000400
2010110
100001300
30100010
300002
300100100
100202000
1001
30100001
2010101
1004
300011
310000010
300020
300010001
102000101
1010
1013
200110100
102000110
310000001
300010010
1022
20002100
210000002
1031
11300000
11001002
112100000
210000011
210000020
1040
31000010
10200200
111000200
31000001
300011000
11001020
3101
21020000
212000
20000021
11300
101012000
3110
100000211
22001000
100000220
10020020
130010000
20000030
3200000
20000000
20000003
104000000
10020011
130100
10020002
20000012
100000202
300101
40001
2002010
2010200
1021001
20000120
200200100
300110
40010
1100
2002001
1103
210002
301000100
20000102
101010002
200110010
210011
1112
200110001
1021010
20000111
3110000
100121000
10102010
210000101
101010020
1121
10110200
210020
120200000
210000110
1130
300101000
10102001
221000000
100002200
100000130
2000030
3200
100000112
1103000
2000021
100000121
10030100
100000100
122000
100000103
2000012
13010000
120110000
10112000
2000003
2000000
21100001
1021100
200200010
40100
10110002
2002100
21100010
300200
101100200
200200001
301000001
1202
10200110
210101
301000010
1211
210110
10200101
100002101
100211000
201011000
120002
1220
400010000
100010300
120011
100002110
1101020
3020000
210002000
4001000
1400000
120020
102200000
203000000
1101002
200030000
100000040
10110020
11003000
130100000
100000022
20000210
2000120
10022000
100000031
100000004
2000111
100000001
100000013
20000201
2000102
100000010
32000
10100120
10010012
1013000
10010000
31010000
10010003
100002020
202001
101002001
100010210
20010020
1301
202010
210200
10100102
101010200
1310
101002010
20010002
1310000
120101
102110000
100002002
11120000
20010011
200120000
100002011
100010201
120110
12101000
100301000
30002
201101000
1011002
10010030
20100101
100100300
30011
20100110
10010021
200003
110210000
200000
211010000
1011020
30020
20010101
101000000
3100010
101000003
101000012
2000210
3100001
200012
12011000
20010110
101000021
100004000
200021
2000201
11030000
20100200
101000030
200001200
10012100
200030
13000100
10100210
120001100
10010102
101002100
10100201
202100
1400
400100000
100010120
302000000
100010102
1101200
112001
30000200
100100210
13000001
2201000
120200
103001000
112010
13000010
30101
10020110
10020101
100100201
30110
301010000
101000102
10100030
200102
200001101
200111
10100021
110000
2000300
1220000
110003
100012100
21110000
102020000
110003000
10100012
10100003
31100000
10100000
200120
11210000
112010000
101000120
200001110
110012
200210000
21200000
110021
122000000
210000200
10102100
110030
100010021
11001200
100010030
20002001
110001002
100010003
112100
100010000
20010200
100010012
20002010
3100100
100100120
10020200
100100102
22001
110001020
10012010
110300000
211100000
1003001
3010010
30200
10012001
22010
3010001
200001002
1130000
21000002
30001100
101120000
103000100
10000031
100310000
200201
21000011
100011002
1003010
10000022
1011200
200300000
200210
10000010
21000020
10000013
200001020
110102
200001011
10000001
3010100
10000004
102101000
20000
110000300
20003
10211000
10010300
1001003
10002110
1001000
110120
20012
10002101
10000040
41000000
1300001
1001021
20021
2111000
110201000
20021000
1300010
1001012
100013000
20030
104000
11020010
12001010
1001030
11020001
21002000
211000001
200003000
1003100
22100
211000010
12001001
10000121
202001000
10000112
100101020
102011000
401000
200300
102002
101030000
110201
102011
100400000
10000100
100101002
10000103
1001102
101200010
1210001
110210
102020
20102
1210010
101200001
1040000
20111
10010120
2021000
1300100
20120
100021100
30001001
100001
11200010
20101010
100004
100010
11200001
100013
300001100
100103000
1001120
14000
100022
200011100
10004000
30001010
20101001
3002000
100031
10010201
10002011
110000201
20011001
100040
10002002
120001001
11200100
102101
10301000
120001010
10100300
110000210
311000
110300
20101100
102110
12002
100021010
21000101
3000011
1210100
200011010
20201
12011
101200100
21000110
3000002
20210
201000200
12020
1001210
3000020
10010210
10002020
1001201
100021001
10031000
200101100
3000110
100100
21100100
110021000
100103
300001001
3000101
11012000
111002000
1120001
10001
21010001
100112
310001000
200011001
300001010
10004
100121
10010
21010010
1120010
20201000
20000300
10013
100130
10022
10201010
2101001
10000310
10031
10201001
2101010
10000301
10040
102200
1202000
11010020
12101
111000020
221000
20300
2101100
12110
14000000
201000110
1001300
201000101
111000002
101020001
200101001
100000400
102001010
2011001
100202
101020010
100211
100201100
10100
1030010
11010002
1120100
121000001
10103
121000010
102001001
100220
1030001
200101010
10002200
10112
1200020
10121
40001000
210101000
1200002
121000100
10130
11102000
1200011
10000130
2011010
4100000
120101000
4001
3000200
12200
4010
20111000
201000020
201000011
30011000
10121000
101102000
211000100
201000002
131000
101020100
2011100
100000310
30101000
10000220
100201010
11100002
10000211
100301
301001
2000
1112000
100201001
10000202
2003
301010
130001000
100310
100000301
102001100
10202
1030100
2012
11100020
120011000
1110002
10211
200021000
101100002
2021
201002000
10220
11020100
100031000
2030
101100020
220001000
21010100
1200101
12001100
210011000
1200110
31000100
