3
330000303
300003300
300033
300003303
330000300
300033003
300033000
33003003
33003000
303030300
33300
30030303
30030300
33303
330030003
330030000
30
330330000
3030030
3000333
33
300303300
330300300
33303000
3000330
300333000
30030330
33330
330300
330303
3030033
3303030
30000000
30000003
30300033
3003000
3003003
30000030
30300
30033300
330330
30303
330000330
330030030
30000033
3303003
3303000
30330300
33030030
30330
33000330
30333
33030003
333000030
33030000
3300030
30003033
3300003
3300000
300030330
33000303
333000000
333000003
33000300
30003030
303033000
303003300
33330000
30300003
30300000
33300300
30300030
3003033
3003030
300030303
300030300
300000033
303300
330033000
303303
303330000
3000033
333000
3330300
333003
330003300
33033000
33003300
30303003
30303000
300330300
303300300
303000303
300000000
300000003
303000300
333030
3300
303330
300300033
3303
33000
33003
3000000
3000003
30003000
30003003
3300033
3000030
300033300
30303030
3033300
303030003
333300000
303030000
300000030
303030030
3330
30000330
30030030
30000333
303000330
300300003
3333
300300000
33030
300300
33033
330000033
300303
3030330
330000
330003
300300030
30030033
333003000
330000003
300333
330000000
330030
300
300330
303
30000
3030303
3030300
30003
330033
330000030
300003030
300003033
30300303
30300300
330
30003330
303303000
30033030
333
30030
300303030
30033
300003000
300003003
30330003
30330000
30330030
33030300
30300330
30000300
30000303
303003003
330030300
303003000
30030003
30030000
300303003
300303000
3033003
30333000
3033000
3003300
30303300
3003303
330003003
330003000
33000033
303003030
303000
303003
30033003
30033000
330303000
333030000
33000030
300000330
300030030
300000333
303300030
30003300
30003303
303300003
303030
303300000
300030033
33000003
333000300
3303300
33000000
3000
3333000
3003
303033
3000300
33300030
3000303
300330030
330300003
303000003
300300330
300000300
300000303
330300000
303000000
330300030
303000030
300030003
300030000
3030
3300330
3033
33300000
3330030
3030003
3030000
33300003
33003030
3330003
3330000
300003330
300033030
300000
300003
3033030
300300303
300300300
303000033
3003330
333300
300330003
300330000
300030
330003030
3300303
3300300
