311300
230002100
2
303110
300012002
23200100
3113000
1032200
300020201
213002
11
14
2302001
3031100
300020210
20
300012020
23
2302010
2310200
213020
32
131000300
100034000
30401000
41000
41
321000200
41003
44
213200000
400300010
232001000
400300001
300110300
2130020
41030
31130000
20210030
102000200
10232000
40010300
102000203
23200001
303200
20210000
101
300102020
300020102
20210003
23200010
104
20300120
330200000
110
200240000
22004000
113
102000230
2130002
20300102
221300
300020120
14000300
122
123002
304100000
131
134
20300210
300200300
4301000
2220200
200002400
140
123020
143
300102002
20300201
203001020
301003100
203001002
23020010
3023000
2302100
102000302
23020001
300020000
300020003
200
203
2040020
300020012
10322000
213200
102000320
300020021
212
2040002
221
300020030
200330000
224
310031000
230002001
230
131300
233
210300002
33002
230010200
300200201
200002310
20120030
320001020
230002010
20120003
301003010
242
100001030
20120000
33011
122030000
300200210
320001002
40002200
210300020
33020
100001033
31220000
120023000
20021300
301003001
131000003
131000000
304010000
131000030
230010020
20103200
200002301
100001000
100001003
400013000
230010002
202100003
122300000
202100000
300110030
302
202100030
210030002
311
302003000
22020200
2130200
314
210030020
320
2204000
123200
300200102
323
200002220
30032000
332
33101
300110003
200420000
300110000
41300
341
402020000
33110
300200120
230100200
321000002
203001200
31310000
200002202
3400001
321000020
3400010
100304000
11330000
13001030
400103000
230100020
3310001
3310010
401
404
230100002
2032010
410003
410000
3400100
2040200
102320000
202010003
202010000
410
413
2032001
44000000
31400000
210300200
20013200
233000000
300200000
202010030
422
300200003
300200012
410030
130000400
431
33200
300200021
440
200002130
300200030
200010320
20300021
100230200
1303001
20300030
103000040
213020000
120203000
20300000
200010302
20300003
420002000
20300012
30122000
200002103
200002100
103000001
102230000
103000004
103000010
13001003
103000013
13001000
30040100
1303010
103000022
2032100
103000031
220000031
320000
200002031
10003100
320003
10003103
320012
130000310
220000022
200100320
200002022
3220001
220000013
320021
130000301
200002040
220000010
220000004
320030
3220010
220000001
200010230
30000104
10003130
200100302
103040000
4031000
3310100
30000110
30000101
101033000
1303100
200010203
200002010
24200000
200010200
20030210
30000122
220000040
20022020
100100033
200002013
30000113
402200000
200002001
320000300
200002004
3302000
30000011
1000013
1000010
202100300
30000014
100100030
30000002
1000004
1000001
1000031
43000001
100313000
231002000
100100003
402002
100100000
202002002
12002030
1000022
43000010
30000020
30000023
2024000
30000041
30041000
402020
320102
12002003
1000043
21300002
12002000
1000040
30000032
101000300
101000303
200100230
20030300
1000034
202002020
230003
303100001
21300020
230000
220000100
311030000
303100010
220000103
320120
230012
301020020
200100200
200100203
230021
22103000
20022200
230030
101000330
13001300
301020002
220000130
10003001
330101000
10003004
1000103
1000100
21300200
3220100
3130010
202010300
410300
301200200
130000130
3130001
220000220
40100003
40100000
100403000
312002
1000133
200010023
1000130
320201
200010020
10003031
312020
3212000
330011000
303100100
303010010
230102
220000202
10003022
320210
10003010
200010032
3130100
40100030
10003013
303010001
140003
140000
130000220
300004100
110003300
230120
410000030
410000000
410000003
30131000
130000202
10003040
200010002
210030200
140030
20030000
20030003
30221000
1000202
320000021
320000030
20030012
20202020
1000223
320000003
320000000
202002200
1000220
130000040
23020100
320000012
402200
130000031
13100003
3040010
20202002
1033001
13100000
1000232
320300
130000022
200100032
3040001
222002
130000013
130000010
310301000
20300300
13100030
230201
130000004
303010100
1033010
130000001
300004001
230210
222020
20210300
300012200
3040100
300004010
12002300
40010030
10200023
200100002
10200020
23102000
10003400
130000103
200100020
10200002
200100023
130000100
1000301
301200020
320000120
203100020
301200002
40010003
40010000
320000102
20030021
1000313
203100002
1000310
10200032
20030030
3122000
1000304
102000020
102000023
1033100
1000331
304001
40002020
10003220
312200
1000322
304010
102000002
30311000
20030120
10003202
1000340
303002000
230300
132002
20030102
300020300
40100300
40002002
4310000
102000032
43000100
132020
200231000
320000210
20022002
4400000
100001330
20030201
203010002
31040000
320000201
300102200
410000300
1000403
20120300
1000400
304100
100001300
1000430
100001303
10331000
1001
20202200
1004
3032000
1010
1013
10003310
222200
203010020
10003301
1022
23012000
320010002
201003002
302020100
100033010
31000031
1031
1034
140300
31000022
10200203
1040
42002
31000010
10200200
1043
31000013
120030002
31000001
212003000
202000400
100000232
31000004
100033001
4220000
42020
300013001
100000220
100000223
200200130
10020020
10020023
300021200
11003030
31000040
300013010
22300001
320010020
440000000
10020002
2303000
30230000
10200230
22300010
100000202
1320020
200200103
200200100
1100
30320000
1103
1320002
10020032
300103100
302012000
120030020
103400000
132200
1130
1133
240020000
100000133
10200302
400004000
100000130
21030200
320100200
40003100
2000030
300103010
200200040
2000024
2000021
22300100
100000100
100000103
2000012
102032000
13010003
13010000
23021000
103310000
2000003
2000000
1230002
220400000
200200013
200200010
20301200
13010030
2213000
200200004
200200001
200200031
1202
2000042
200200022
300103001
2000033
30410000
320002001
1220
203000030
1223
320002010
230001020
320010200
203000021
20203001
42002000
1232
220310000
101303000
34001
30000410
203000012
1230020
100000034
30000401
2123000
42200
203000000
203000003
34010
11003003
100000040
100000043
120030200
230001002
11003000
100000022
2000123
2000120
100000031
300021002
4130000
100000004
100000001
100000013
2000102
300021020
100000010
11003300
220031000
100303100
103220000
22013000
30000320
200003300
301004000
303200000
300201200
1301
1304
2000132
3401000
1320200
13002200
10020230
1310
203000120
1313
40200002
1322
40200020
21030002
1331
34100
1340
400020200
203000102
43010000
2000222
101000000
101000003
2000213
231000200
2000210
24020000
2000204
10020302
123200000
2000201
100303010
101000030
303110000
200003210
100303001
101000033
30000302
200003201
1230200
2000240
2033000
10020320
1400
2000231
1403
4040000
30000311
323000000
30000200
30000203
120300200
41003000
23201000
203000210
203000201
30000221
1430
10200320
30000212
320100020
2000312
3311000
30000230
2000303
2000300
123020000
110003003
103130000
320100002
110003000
13010300
21030020
30000140
30000131
13100300
300201002
400200200
1304000
2000330
13002002
110003030
300201020
301020200
200003120
2000321
13002020
400020020
20301020
321002
303020000
10020200
43100000
10020203
203000300
400020002
200003102
321020
20301002
110330000
30001100
30001103
2000402
12003002
20023100
310310000
401003000
22022000
300120002
30001130
1001003
200003021
1001000
420020000
200003012
100320200
300120020
43001000
3221000
2000420
200003030
10340000
403001
22030100
403010
1001033
1001030
300300200
30001031
200003003
200003000
3131000
303101000
30001040
231002
220040000
202001003
202001000
301103000
231020
12003020
100230020
310400000
300210020
31000400
100230002
202001030
400200020
400200002
403100
310220000
30001001
100001
2320001
300300101
20400020
30001004
100004
10004030
300300110
2320010
100010
100013
313001
10430000
321200
20400002
300210002
313010
303011000
30001022
100022
10004000
10004003
30001010
140300000
30001013
100031
302200001
23300000
100034
3000041
3041000
201002300
20310002
2320100
120300002
302200010
100040
100043
3000032
2230001
2230010
120300020
3000014
3000011
100320020
3000002
2402000
100320002
3000020
3000023
103031000
130040000
3000110
300300002
3000104
100100
100103
3000101
313100
330020000
300300011
240200000
10001
300300020
10004
3000122
223001
10010
3000113
20031020
10013
1034000
223010
231200
100130
100133
10022
302200100
102302000
204000002
20031002
310130000
31000310
10031
10034
31000301
20203010
12003200
10040
10043
204000020
220220000
31000220
420200000
31000202
1001303
100000430
1001300
3000140
2312000
100000400
100000403
20203100
100202
3000131
10100
2230100
10103
1001330
100220
100223
223100
230001200
100232
3000230
133001
133010
130130000
2222000
10130
10133
31000130
330110000
202001300
40003010
302020001
100000340
320001200
3000200
402002000
3000203
302020010
30140000
232000100
322000001
3000221
100000322
3000212
310040000
100033100
322000010
100000331
22202000
3000302
100000310
100000304
400003100
100000313
100301
300013100
220130000
2000
20031200
100304
2003
20023010
10004300
322000100
232000001
201002030
100310
100000301
100313
3000311
10202
40003001
2012
232000010
204000200
22030001
100322
2021
201002003
20023001
2024
22030010
100331
201002000
10220
2030
133100
10223
302102000
2033
100340
10232
43001
2042
31000100
31000103
2132000
100331000
43010
400130000
120000302
420000002
221300000
100003301
322100000
100003310
420000020
22301000
20220200
31001030
230000021
20302100
310000220
230000030
3000320
310000202
100400
100403
230000000
230000003
2102
230000012
10301
13003001
10304
10103003
10103000
103100000
103100003
10310
2120
10313
2123
230000120
200000420
100430
300014000
10322
230000102
2132
21023000
103100030
10331
43100
100003220
2001023
2001020
3410000
10340
20040020
120000320
102002300
10103030
1403000
301300100
31001000
31001003
20040002
2001002
100003202
3000410
310000130
200000402
3000401
2042000
2001032
2201
2204
10400
200000330
322010000
2210
300104000
10403
420002
2213
320003000
200000321
20130200
2222
420020
300022100
2231
400220000
210003002
10430
420000200
2240
200000303
32000300
133001000
200000300
210003020
310000310
103010030
100003130
200000312
301300001
20204000
310000301
301300010
12200030
100003100
100003103
1100030
103010003
1100000
3320000
103010000
1100003
12200003
12200000
2300
1313000
101003000
101003003
2303
3230000
200033000
120000032
2312
200000231
300022001
1100033
2321
101003030
100003040
4000040
330002
300030200
2330
300022010
200000240
330011
330020
32000201
100003031
200000201
4000031
120000002
340000100
220030010
200000204
4000022
400310000
220030001
2001203
2001200
220202000
120000023
100003013
4000013
20310020
30001400
321002000
120000020
200000222
100003010
4000010
200000210
4000004
32000210
100003022
4000001
200000213
20220020
340000001
42200000
210200003
143000000
210200000
340000010
311000000
100003004
311000003
1223000
100003001
2001230
20220002
311000030
30001310
210200030
4000100
4000103
30001301
1010003
400400000
1010000
1010030
2402
302300000
403100000
310000400
300120200
420200
200000132
330101
23210000
2420
300030101
21203000
330110
300030110
1010033
20400200
240002
210003200
20302001
103002020
2001302
220030100
12020030
200000102
20310200
30001220
32000102
20302010
3140000
300202100
200000123
32000120
200000120
12020003
200123000
12020000
240020
13003100
300030020
103100300
23030000
103002002
2001320
4000130
120000230
200000042
13003010
200000033
300030002
10013000
302210000
10013003
403010000
322001
12200300
20130020
300030011
1133000
330200
322010
103010300
23120000
20130002
4000220
32000012
200213000
200000012
200000003
32000000
200000000
32000003
120000203
220022000
120000200
200000024
200000030
300202001
32000030
4000202
301013000
30001202
300210200
32000021
300202010
200000021
10013030
30002120
32001002
231000002
4000310
30010310
231000020
4000301
32001020
10300040
300203000
1100300
100020203
1002002
100020200
110300300
1100303
210020000
404000
210020003
1002023
1002020
322100
1043000
210020030
1100330
110030003
110030000
1002032
110030030
40020002
232001
232010
13200002
2321000
240200
40020020
10300100
101330000
10300103
13200020
200303000
210200300
40200200
1010303
1010300
30010301
100200320
30100400
134000000
10300130
30002102
202000010
3001004
3001001
30100301
202000013
101000
40020200
101003
202000001
202000004
30010202
3001022
314000
202000031
30002012
1010330
100200302
3001013
30002000
30002003
202000022
30100310
10103300
3001010
202000040
30010220
130002200
30002030
232100
101030
101033
302201000
30002021
4000400
100020032
201032000
301022000
100020023
100020020
300301100
400031000
100020002
1002203
1002200
30010130
100200230
10300031
3001031
10300022
10013300
202000103
202000100
100200200
10300013
100200203
103001300
10300010
11000
10300004
1002230
2231000
12020300
11003
10300001
3001040
33000200
2100002
130010300
224000
3001130
202000130
10202003
10202000
10300310
31001300
10300301
341000000
2100020
11030
2100023
230000300
11033
30100202
3001100
3001103
10030010
10030013
301030100
320002100
10030001
10030004
300301001
20032001
1002302
300301010
10202030
30100220
20040200
20032010
30010100
30010103
202000202
10030040
102002000
1330001
102002003
210020300
30100103
1330010
30100100
110030300
33000101
30010010
30010013
20032100
202000220
10030031
30010001
322001000
33000110
221030000
30010004
10030022
1002320
3001202
2100032
30010031
30100130
10300400
30010022
30010040
134000
102002030
301030001
13200200
30100040
302021000
301030010
2010002
130100300
100200032
310000103
310000100
1330100
10300220
213002000
33000020
301202000
13020002
202000301
3001220
100200020
2010032
100200023
13020020
33000002
21302000
101300
101303
10300202
2010023
100200002
3002
2010020
202000310
33000011
100003400
40004000
3011
3014
22031000
2100200
2100203
3020
3023
310000040
101330
3032
130002020
44000
30100010
3041
310000031
30100013
230000210
220301000
30100001
310000022
130002002
14003000
30100004
310000010
20024000
3001310
30100031
310000013
3001301
310000001
230000201
30100022
310000004
22130000
300400100
1322000
100002302
11300000
11300003
20000033
130010030
11300030
400301000
10030220
3001400
10022030
300310001
200321000
20000042
300310010
3101
3104
40300100
20000021
11300
31010300
13004000
2100230
3110
120032000
10202300
11303
20000024
3113
130010003
104000030
130010000
20000030
20000000
104000003
20000003
104000000
3122
3131
20213000
20000012
2100320
11330
100002230
2002013
10030301
2002010
3140
2010203
220103000
2010200
133000100
20000120
20000123
2002004
31002002
20123000
2002001
312000200
31100300
20000102
300400001
2002040
2010230
300400010
100002200
100002203
2100302
2002031
2002022
31002020
10030310
3200
3203
312000020
3212
10030100
10030103
22040000
1232000
3221
401030000
312000002
222020000
3230
2010302
321200000
422000000
133000010
2002103
2002100
10030130
133000001
100010330
20000132
213000200
20000240
200001320
100010303
100010300
2002130
2010320
210002000
220013000
4001000
20000231
4001003
210002003
20033000
130100000
130100003
10030202
20000210
20000213
3302
10022000
210002030
10022003
310001300
13020200
20000222
3311
3320
20000201
331001
301301000
200001302
20000204
130100030
21032000
10022300
2420000
2002202
100002032
331010
31010000
31010003
100043000
202400000
100002020
100002023
100100330
104000300
22310000
200001230
100002002
320020001
2002220
31010030
100100303
300023000
320020010
100100300
4001030
200003
3100013
200000
3100010
3401
3100004
201230000
3100001
413000
200012
3100031
3410
40030001
22400000
200021
200001203
40030010
11030000
32001200
3100022
331100
200001200
11030003
200024
200030
11300300
200033
2002301
320102000
200042
40202000
202310000
100133000
103001003
103001000
300113000
40022000
320020100
2002310
240002000
300031100
31100030
200102
3100040
20303000
110000
110003
2330000
22220000
30002300
200123
31100003
31100000
200120
323000
201320000
300031010
3010031
100010033
200132
401300000
3010022
3100130
110030
30002201
110033
3010040
100010030
10030400
100223000
200001032
103001030
100010003
100010000
3100103
30010400
30002210
3100100
110300030
202220000
110300003
3010013
320012000
110300000
1003004
40030100
1003001
3010010
210002300
3010004
300031001
200042000
3010001
222200000
2002400
200001002
1003022
21000002
103000103
3100202
103000100
1003013
200201
1003010
200204
200210
3100220
200001023
21000020
132000200
200213
200001020
21000023
1003031
3010100
3010103
200222
20000
21000032
42020000
2240000
20003
200231
400022000
4001300
130001300
233000
20012
1003040
32010200
32002010
200240
20021
301400000
20320001
20024
32002001
40103000
20320010
20030
302120000
20033
400030100
20230001
300040100
20042
200132000
20230010
12300020
1003103
20320100
1003100
320200001
30003101
12300002
202130000
320200010
103000130
311000300
220300100
20402000
200303
30011300
200300
30003110
300122000
102002
1003130
201000320
200312
3010130
32100200
3010220
200321
3002030
30003020
102020
102023
20102
34000001
3002021
200330
30003011
34000010
102032
201000302
20120
143000
120302000
20123
3100301
300040001
20132
11030030
300040010
103000202
40013000
302030000
320200100
3002012
3010202
100232000
3100310
3002000
3002003
103000220
300212000
400202000
132000020
202040000
32010020
1003202
103000301
3010301
200402
103000310
10301000
10301003
300130100
1003220
3002102
132000002
201000230
110300
110303
200222000
3100400
140003000
20230100
34000100
12002
400030001
200420
20201
242000000
20204
400030010
201000203
20210
30003002
201000200
12020
20312000
20213
12023
32010002
10301030
110330
20222
30101300
12032
10031000
10031003
20231
20000312
20240
310001003
310001000
12300200
10203020
20000300
20000303
300220100
1003310
3002120
100322000
1003301
3010310
1331000
10031030
200312000
300130001
130001030
300130010
102200
102203
200230100
113003000
32100002
20300
3010400
20303
3002210
300302000
102230
20312
32100020
13103000
30011030
20321
20330
20000321
103000400
3002201
20000330
33001100
4100030
31002200
300220001
1200023
1200020
40300001
1003400
40300010
100330100
300220010
1200002
3002300
200320100
200230010
20000420
400300100
201000032
4100003
200230001
4100000
102302
200402000
4001
20000402
4004
12200
301031000
4010
12203
201000023
4013
201000020
30011000
102320
300310100
30011003
1200032
20402
11030300
4022
430001
201000002
430010
4031
220300001
30101003
30101000
20420
33001010
12230
4040
220300010
130001003
130001000
33001001
100330010
10203002
100002320
10301300
100330001
30101030
200320001
200320010
310001030
4100
21320000
31003100
4103
200031200
200023010
12302
430100
4010030
220200200
202030100
30200300
12320
20042000
4130
340001
2003003
2003000
220020020
4010000
4010003
340010
200023001
314000000
30102002
20001032
400001003
300311000
400001000
220020002
33010100
30200201
100300220
2003030
12030200
100300202
2003021
340010000
1200203
1200200
2003012
31003010
10031300
30200210
310002200
30020012
30020003
30020000
4202
1020002
431000000
301040000
30020030
1200230
422000
1020023
202022000
1020020
4220
30020021
2003102
20001200
340100
20001203
12030002
30110030
401000300
103020200
300401000
1020032
100300130
31003001
33010001
22000103
22000100
33010010
2003120
200203100
1200302
100300103
33100100
203300000
100300100
200031020
22000013
10023002
22000010
22000004
4301
13013000
22000001
22000031
1200320
4310
22000022
4002020
10203200
301130000
332000
22000040
30200102
200203010
4002002
100300040
4100300
21230000
12030020
30200120
10023020
220020200
200031002
320300000
130013000
30110003
30110000
132020000
20001230
30200012
4010300
100013300
20222000
100300031
30200000
203210000
100300022
110000003
110000000
30200003
110000030
100300010
30200030
33100010
10310030
2003210
200203001
100300013
33100001
130103000
30200021
320021000
100300001
100300004
2003201
1020203
1020200
34100000
101300000
201002
101300003
223100000
21000302
110000033
4400
101300030
201023
201020
103004000
21000200
3101030
1020230
220200020
21000203
201032
13300100
242000
301220000
220200002
200301200
3101003
10220030
21000230
3101000
100103300
10220003
2003300
40031000
10220000
10400030
1020302
110303000
20132000
3011000
34010000
3011003
223010000
203120000
10400003
10400000
132200000
212000003
212000000
401000003
4002200
401000000
1020320
401000030
10023200
212000030
21000320
201030200
301310000
30003200
2200040
20001020
20001023
221003000
120002300
20001002
32002100
13300010
2200001
300032000
1430000
2200004
203030000
13300001
2200010
2200013
1004003
10310000
10310003
1004000
201203
1004030
201200
2200022
3011030
2200031
10310300
2200100
2200103
300000230
21002
313000100
201230
13030100
31200200
21020
21023
21032
300000200
300000203
200301020
31020020
300000212
100030400
200301002
31020002
300000221
320201000
310100030
202301000
400000400
10040030
240000002
30004100
32003000
201302
41300000
3003002
310100003
103001
10040000
240000020
10040003
310100000
3101300
103004
22000400
300000131
2200130
103010
103013
10302200
201320
20231000
300000140
34001000
103022
1340000
103031
201030020
23000030
103040
300000101
20100023
240000200
20100020
201030002
300000104
23000021
212000300
300000110
100030310
300000113
20100002
23000012
13202000
300000122
23000003
23000000
3003020
2020031
2020022
100030301
2200202
3003011
10302002
10400300
2020013
2020010
13030001
2020004
13030010
2200220
103100
103103
2020001
300000032
403000001
100202300
300000041
31200020
430001000
120002030
10130003
3011300
13001
300041000
10130000
3003110
2200301
13004
403000010
2102000
21200
13010
2102003
21203
310010030
13013
2020040
2200310
102020300
10302020
103130
123000200
31200002
13022
400000310
30012200
313000010
300000002
30004010
13031
30004001
313000001
310010003
310010000
300000011
21230
300000014
3003101
13040
20100032
120002003
10130030
300000020
300000023
120002000
100022030
400000301
100030220
41030000
1004300
100022003
22000202
30020300
100022000
400000220
100030202
10032020
22000220
201300200
20001320
2020103
2020100
10032002
400000202
310002020
403000100
103202
103200002
20001302
310002002
13100
2102030
13103
103200020
103220
21302
310100300
2020130
321020000
12203000
100030130
140000030
21320
13130
22000130
200022200
400000130
140000000
140000003
300131000
2012030
100030103
100030100
2020220
3003200
2200400
30102200
2020202
10040300
2012003
2012000
123000020
103301
104003000
100300400
103310
202031000
13202
123000002
10220300
30110300
431000
130004000
30020201
13220
30012002
300221000
100030040
40301000
200030300
400000103
100030022
400000100
30020210
100030031
14300000
220004000
30012020
400000022
103020002
100030004
310010300
100030001
400000031
2020310
201300020
100030013
100030010
30020102
30102020
30020120
400000004
2020301
400000001
100202030
103020020
400000013
400000010
201300002
20321000
22000301
213000020
300002
10130300
33002000
100202000
200022020
103400
300014
100202003
100300310
103200200
200030210
300011
213000002
300020
300023
13301
13022000
100300301
22000310
13310
400000040
300140000
300032
20002100
210000002
20002103
341000
300041
201302000
20010302
210000020
30103001
210000023
102003200
40040000
210000032
22001003
3200021
22001000
30103010
2004020
200024000
3200030
2020400
3200000
301000130
3200003
100004300
2102300
3200012
2004002
30021002
300101
3200120
313100000
300110
300104
32200100
210002
301000100
300113
30021020
3200102
301000103
13400
3110003
300122
3110000
20010320
20002130
210023
14030000
210020
300131
230210000
300140
204200000
12023000
210032
140000300
4003001
200032100
1103000
1103003
2012300
300230000
20420000
301000040
20002220
32200010
3110030
301000022
1103030
310200020
32200001
20002202
340001000
300200
301000031
300203
300212
301000001
301000004
31004000
300221
301000010
30201200
301000013
310200002
300230
3020012
120002
102200030
22001030
20002301
3020003
3020000
33011000
3020030
10032200
202103000
102200003
120020
120023
130020200
102200000
230300000
100340000
3020021
113300000
120032
223001000
3200210
330000200
200040200
300320000
200032010
122000300
200032001
2004200
3200201
4003010
20010032
1013003
1013000
204020000
300302
130020020
200204000
202001
300311
404000000
20010020
20010023
202004
210203
202010
210200
3200300
130020002
3102002
202013
330000011
4003100
20010002
300320
202022
330000002
1013030
210000302
202031
33101000
30002
210230
202040
30011
30014
330000020
202013000
210000320
30020
330000110
30023
130200200
100004030
100430000
330000101
30032
100004000
100004003
224000000
20100203
30041
103003001
20100200
23000120
30201002
3020102
3102020
300000401
30201020
31020200
202103
200130200
300401
3020120
300410000
202100
23000102
300000410
210302
300410
302000000
302000003
3020201
2201000
120200
2201003
120203
302000012
3012002
202130
210320
302000021
30101
100020320
30104
3012020
3020210
302000030
30110
300000320
103003010
30113
120230
102020030
30122
200040002
23000300
3110300
30131
102020000
20100230
131003000
102020003
200040020
100020302
30140
133010000
13301000
122000000
122000003
200220200
20010230
20002040
113030000
210000200
23000210
310020020
300000302
210000203
20100320
1103300
300000311
23000201
20002022
3102200
310020002
202202
122000030
20002031
20002001
210000230
201023000
200302100
20002004
302000102
2201030
20010200
20010203
20002010
20002013
120302
202220
100020230
311003000
22001
203201000
22004
310200200
313010000
302000120
30200
22010
102200300
30203
20100302
22013
103003100
130200002
220003100
30300110
120320
4200002
30212
22022
10000031
210320000
200130020
33110000
12302000
30300101
30221
133100000
10000022
22031
100013030
10000010
410300000
4200020
10000013
130200020
30230
22040
10000001
10000004
30210002
101003300
3020300
320030000
300001220
1300022
30210020
1300031
10000040
1300001
10000043
1300004
1300010
10000034
1013300
100013003
100013000
1300013
202301
200130002
200302001
104000
104003
3012200
202310
3004010
200310200
200302010
3004001
21002000
300001202
21002003
22100
22103
1300040
30302
104030
202300010
30311
222002000
21002030
202300001
30320
22130
210230000
33200000
103002200
10000100
10000103
313001000
100103030
10303001
300001130
200220002
1300103
2021003
2021000
40310000
1300100
200220020
13031000
202400
30300011
30300002
100103003
403001000
300001100
300001103
100103000
14000
1300130
14003
2021030
200400200
30300020
22202
10303010
30401
201203000
440000
202300100
30410
2103020
22220
14030
203021000
10303100
23001020
300001031
40400000
3004100
1300220
300001040
200310020
23001002
2201300
1300202
2103002
200310002
230030000
40220000
300001001
32012000
4020020
13400000
300001004
132002000
300001010
300001013
22301
300001022
4020002
301000400
10000313
130003100
20330000
22310
10000304
120320000
102003002
10000310
430010000
10000301
20002310
310003010
1202003
1202000
2013020
310003001
1300310
320210000
312002000
4200200
10000340
20002400
10000331
2013002
10033100
102003020
120230000
10000322
1300301
200400020
30013100
24000002
32020100
104300
1030013
200400002
1030010
24000020
1030004
1202030
1030001
30013001
2103200
1030031
22400
430100000
130003001
301000310
1030022
1030040
400040000
32102000
30021200
10000130
30013010
202202000
301000301
10000133
1300400
220003001
24000200
2021300
202030010
40130000
20240000
202030001
410030000
32020010
10000220
10000223
301004
32020001
3201020
301001
200023100
301013
10000202
320120000
4020200
301010
1030103
3201002
301022
22001300
1030100
14300
220003010
301031
340100000
310003100
10033010
301000220
10033001
10000232
301040
230120000
30103100
301000202
130003010
1030130
20003120
40000103
40000100
10320020
100130300
30104000
2013200
400003010
22100300
22002002
30022100
10320002
303000110
130220000
231020000
301100
303000101
300100040
22002020
301103
20003102
1030202
1022003
1022000
2300003
1022030
300100001
2300000
1030220
11000033
300100004
300100010
40000040
300100013
301130
2300012
300100022
2300021
300100031
2300030
203003000
40000001
11000003
40000004
11000000
140030000
40000010
13220000
400003001
10230002
1202300
102203000
40000013
40000022
100220300
201020300
31300010
11000030
31300001
40000031
223000010
3201200
100302200
202200200
303000200
10000400
223000001
10000403
1030301
301202
4004000
220100030
301220
202020002
200201030
100040030
40000202
1030310
30022010
20003201
30030200
130310000
100040003
301001030
100040000
10000430
12032000
210302000
30022001
20003210
220100003
220100000
202020020
40000220
32201000
30120200
130400000
200201003
200201000
231200000
332000000
2210030
30030110
20003300
301001000
301001003
30030101
40000130
113000030
3021002
2300102
100310300
2210000
301301
2210003
3021020
22010300
11303000
203003
301310
203000
13310000
2300120
113000000
113000003
11033000
104030000
210032000
203012
220001300
2300201
3103010
30030020
203021
1030400
2300210
203030
100130030
31001
31004
31010
100130003
10230200
31013
100130000
23001200
31022
3103001
31031
30202100
100302020
31040
13040000
100302002
11000303
11000300
102023000
40000301
31013000
201200300
3103100
1022300
40000310
30210200
30202010
100400300
301400
30202001
203102
2120000
202020200
2120003
330001100
113000
302001002
113003
22100030
22100000
30030011
22100003
222000200
203120
30030002
302001020
21002300
31100
122003000
2120030
31103
200004200
201020030
2202020
100220030
113030
20003000
30120002
20003003
33020000
201020003
10230020
100220000
300001400
100220003
31130
201020000
30120020
103301000
2030012
310103000
3013001
2030003
2030000
2300300
230020100
2202002
3021200
3013010
3013100
330001001
31103000
203201
203210
113000300
2030030
230012000
10320200
23000
13130000
330001010
312200000
23003
2030021
22010003
413000000
2210300
22010000
22010030
31202
23012
30300200
20003030
200012300
23021
40000400
100310030
300001301
31220
20003012
23030
20003021
300001310
20020022
2030102
32300000
301100030
20020031
20020001
301100003
10001033
310020200
301100000
20020004
203200010
1301003
20020010
1301000
20020013
300002300
203200001
10001030
220010300
203300
20200220
202004000
103300100
1301030
2030120
230021000
20200202
23102
300010400
20102003
20102000
20200310
300002210
31301
23100200
302000201
200004002
21003020
2120300
31310
23120
302000210
130031000
20200301
200020400
200004020
201200030
30301100
2030201
31022000
120020300
2022002
200102300
203200100
300002201
20020040
2202200
201200003
201200000
21003200
400004
220002200
3300020
30301001
400001
400013
400010
31030100
3300002
400022
20020130
113300
3300011
400031
2022020
30301010
2030210
10304000
331000100
200020301
23201
300010310
31400
300002120
23002100
23210
302000300
11000330
400040
20020100
20020103
200020310
20102030
2030300
23002010
23010200
20020220
23002001
20012030
20012000
20012003
300100400
103030001
300002102
20020202
300010301
103030010
400103
400100
20200400
10001000
310004
203020010
10001003
310001
103202000
203020001
310013
310010
23100002
310022
120020003
23300
300002021
400130
200020202
120020000
200012003
200012000
310031
31202000
10001300
220010000
300010220
220010003
300002030
10001303
230201000
200020220
23100020
3210020
200012030
120020030
310040
3210002
31030010
2022200
1301300
31030001
1203002
10001330
203102000
300100301
300002000
300002003
220010030
300100310
3300101
201003200
300010202
3300110
300002012
200200400
100032200
120200300
400202
200020130
400002200
310100
12000230
310103
1031003
22002200
1031000
310004000
3300200
400220
20200040
203020100
1203020
20200022
220001
200102030
4103000
220004
200020100
220010
200020103
20200031
223000100
220013
331000010
103030100
20200004
300010130
20200001
220022
310130
20200013
1031030
331000001
12000203
220031
20200010
12000200
200200301
300100202
220040
130301000
23010002
20200100
103022000
20200103
300010100
300010103
12000032
200200310
100040300
200102000
200102003
300100220
12000023
12000020
301001300
200020040
400301
3120002
400310
302000
12000002
302003
302012
203012000
21003002
23010020
3120020
310202
300100130
200020013
302021
123002000
303000011
220103
200020010
300010022
220100
200020004
310220
10034000
302030
303000002
200020001
220002002
300010031
130001
220100300
200020031
3030011
130004
104300000
300010040
31300100
200020022
303000020
130010
3030002
130013
32021000
3202001
220130
100032020
200200202
300100103
300100100
130022
3210200
3202010
400010300
130031
300010001
200200220
100032002
300010004
4013000
20200130
201003020
220002020
30014000
130040
300010010
300010013
200120300
100203002
42000002
303001100
3202100
400002002
22003010
100301300
1203200
302102
42000020
400100300
200030201
1023002
400400
300011000
310301
300011003
200022002
21020000
212003
310310
302100002
21020003
1023020
212000
10403000
301002200
220202
3030020
302120
102300200
400002020
203100200
302100020
130100
200202200
130103
103103000
20012300
212030
21020030
131030000
220220
40001
200030120
40004
300101030
212300000
40010
40013
130130
31301000
40022
20004200
40031
40001030
3120200
300101003
40040
120200003
2301002
331010000
120200000
300101000
221000000
221000003
3030110
221000030
120200030
22003001
200030102
3030101
302201
2301020
203010200
203002010
310400
302210
203002001
1031300
230003000
301010300
220301
122000
30023000
302010002
200210300
122003
3022010
220310
3030200
12000302
130202
3022001
4300001
200030030
302010020
40100
102030002
40103
200030021
103013000
4300010
130220
122030
24002000
310030010
40130
400010003
232010000
400010000
200202020
310030001
1400030
102030020
200030012
22003100
301002020
1400000
1400003
32030000
302300
200030000
331100000
200030003
204002
301002002
302100200
310202000
203002100
21200300
1023200
220400
12000320
204020
400010030
200300300
200202002
130301
301100300
32000
32003
10223000
13000130
4300100
130310
10010000
310022000
40202
10010003
32012
32021
100301030
40220
32030
1310003
30113000
1310000
10010033
220000310
32120000
200120000
311300000
200120003
3104000
220000301
100301003
100301000
200120030
2301200
30031100
10010030
3022100
200300210
212300
302002001
30031001
302010200
2203001
200300201
302002010
1310030
3014000
13000103
130400
13000100
32102
400100030
20020310
30031010
102030200
40301
310030100
131300000
232100000
40001300
40310
32120
400100000
400100003
20020301
200210030
20020400
103300010
13000004
2031002
20004020
13000001
103300001
13000013
220000400
13000010
13000022
20004002
13000031
301010030
301010000
301010003
2203010
10100030
120003200
200300120
204200
1220030
13000040
20102300
1220003
1220000
2031020
30203000
302002100
10313000
200300102
10100003
10100000
12320000
32210000
200210003
122300
200210000
21200003
24002
21200000
42000200
32201
12230000
130022000
40400
32210
130030100
24020
10100033
21200030
1302002
100022300
304001000
1400300
330002000
2203100
210203000
30040010
1130000
1130003
200300021
4030010
100310003
100310000
30040001
4030001
200300030
200300000
200300003
230020001
304000010
13000400
20021030
1302020
220001030
200300012
230020010
304000001
430000001
110000303
110000300
10010300
23003000
10010303
330100100
430000010
32300
41000030
302001200
330010010
41000000
310013000
41000003
202003001
20021000
330010001
20021003
1130030
10010330
110000330
430000100
101300300
230102000
2023001
410003000
202003010
1310300
4202000
130202000
100023200
20103020
330010100
20201300
300003200
100400030
20103002
30212000
401003
401000
130030001
101030000
101030003
100400003
130030010
304000100
100400000
200013200
2023010
2031200
30130100
401030
330100010
24200
30220100
101030030
1040003
330100001
1040000
30130010
1040030
10133000
212030000
202003100
30130001
230200100
120003002
3301010
2023100
4030100
13000301
1302200
222000020
13000310
100031300
312020000
222000002
3301001
402000200
400001300
300011300
300003110
10002002
13000202
200103200
4022000
10100303
10100300
200021300
22200200
13000220
210023000
311000
1220300
3301100
311003
10043000
110033000
10002032
120003020
22020002
20013020
10100330
311030
204002000
22020020
20013002
300003101
10002020
30302000
10002023
130300100
31031000
10330010
10002320
10330001
331001000
310300010
100023020
30310100
20201000
41000300
310300001
20201003
200013002
300003011
2400002
30220010
100023002
30220001
300003020
1130300
2400020
200013020
100203200
221000300
221003
14000030
221000
1032002
2310002
14000000
14000003
300101300
300003002
1032020
402000020
221030
10330100
102300020
230200010
20201030
402000002
230200001
102300002
10002200
200103020
10002203
22200020
3203000
40001003
40001000
22200002
401300
101030300
303002
1040300
130300001
303001001
2310020
303011
303020
30400100
130300010
10002230
30310010
200103002
131000
310300100
200201300
131003
303001010
30310001
100031030
2220002
30400010
200021030
21020300
3031010
30400001
202200002
400001030
2220020
131030
202200020
200021000
10002302
200021003
2400200
100031003
100031000
220001000
100203020
220001003
300011030
3031001
303101
