1
4
3330100
300020200
300020203
30020032
10
13
2302003
2302000
22
200023030
303130
31
10330300
400300030
30200302
34
2003002
340000
340003
200330200
40
43
32023000
100333000
200023000
20300032
200023003
232300000
333100000
340030
400300000
400300003
30200200
2003032
30200203
22303000
31003030
2003023
2003020
303002200
23200003
23200000
300200320
100
303202
103
30020002
30200230
330200002
2302030
303220
330200020
23200030
30020023
30020020
30032200
3023020
130
133
300200302
33010030
20300200
20300203
300020032
23020030
31003000
31003003
3322000
33010003
33010000
203300020
3203200
3023002
203300002
23020003
23020000
303301
300200230
300020002
303310
202
22000003
4300
22000000
4303
22000030
200330020
300020020
202030300
300020023
303031000
430300
230002030
220
223
200330002
320300020
230002000
230002003
301003030
332002
232
33001
4330
233000200
300200200
33004
22000033
310330000
300200203
200002330
332020
33010
20300230
320300002
33013
200203030
100300033
33022
2003230
30003400
100300030
33100030
33031
301003000
301003003
430000300
30200002
33040
32203000
200002303
32002300
133003000
200203003
200203000
320320000
200002300
30200020
332002000
100300003
33100000
100300000
33100003
20320300
30200023
2003203
2003200
23003200
30040300
300032200
3031300
30200032
303400
301
304
3232000
302302000
310
330003100
313
302003002
322
30032002
340300
331
302003020
33100
3023200
334
33103
340
343
30032020
320230000
2003320
33130
330040000
3400030
103303000
3400003
3400000
203300200
40330000
2003302
2302300
3310003
2032030
3310000
300200032
300040300
400
330003001
403
2032003
23032000
2032000
233000002
300200002
30003310
20230300
300003400
30003301
332200
430
300200020
433
33202
300200023
30331000
233000020
30130300
2200033
30220300
20300020
103000033
20300023
33220
33022000
1303003
30003202
1303000
20300002
30003220
103000003
300032002
2200000
2200003
103000000
1303030
330003010
13300003
13300000
203030002
13300030
300032020
3310030
330130000
103000030
2200030
220000030
200002030
320002
300000232
300033001
3220030
130000303
300033010
320020
3220000
3220003
130000300
320023
33301
200002033
2323000
220000000
203030020
33310
220000003
32003020
320032
20030230
300000202
300004300
30000100
30000103
200002003
200002000
320000302
220000033
300000220
300000223
40030300
3302002
20030320
30000010
30000013
13030030
30000001
1000003
30000004
330220000
43000030
1000000
43000000
3003004
1000030
320000320
32003002
4330000
43000003
23020300
3003001
30000031
103000
103003
32302000
30000022
3400300
30000040
30000043
300000130
300000133
34300000
30000034
303100030
30340000
1000033
20030302
303100000
230002
303100003
130000330
103030
103033
33400
302203000
302002300
3130030
230023
300000100
300000103
13300300
103003300
230020
23000023
23000020
2233000
100030330
3003040
230032
23000002
400000330
33031000
10003000
2020030
203030200
10003003
3003022
130033000
3003013
100030303
100030300
3003010
330400000
30303100
2032300
13030003
13030000
3302020
3003031
3130003
2020003
23000032
2020000
3130000
330310000
10003033
300000034
430300000
403000000
403000003
300340000
13000
300000040
300000043
13003
320200
2200300
10003030
2200303
320203
30303001
3003130
403000030
303010003
303010000
2020033
300000001
30430000
303010030
320230
232030000
300000004
13030
313000000
30004000
13033
30004003
313000003
300000010
300000013
30303010
230023000
3310300
333001000
3003100
3003103
220033000
313000030
300000022
30004030
400000303
400000300
300000031
20030002
30020302
320000023
320000020
322003000
3302200
320000002
20300320
1303300
300303100
10003330
130000033
130000030
1033003
1033000
30020320
320302
2200330
3040003
3040000
304030000
33002200
400033000
3040030
320000032
22033000
230203
20300302
230200
130000003
130000000
300004000
300004003
300303010
320320
1033030
30020230
23200300
230230
302023000
300430000
13030300
300004030
1000303
20030032
1000300
3003202
20030020
20030023
3003220
43000300
31003300
3220300
300303001
300020320
1000333
3003310
304000
22000330
1000330
103300
103303
304003
3003301
3331000
33010300
3130300
304030
303301000
303100300
200030320
303002002
230302
202330000
30020203
30020200
103330
100030033
303002020
300020302
200030302
230320
34030000
100030030
220303000
230203000
313000300
100030003
100030000
400000030
230002300
20030200
20030203
30200320
100300330
2020303
2020300
33002020
400000003
301003300
400000000
320000203
320000200
130303000
22000303
300004
22000300
33002002
300001
300020230
1000
403000300
300013
1003
3032002
300010
300022
303010300
320000230
33301000
2020330
13300
100300303
33100300
400000033
100300300
13303
200030230
3032020
300031
10003300
10003303
3040300
330000301
300034
1030
300013030
31000030
1033
300040
33003001
2303020
300043
303040000
30103003
3200032
13330
30103000
203020300
31000000
31000003
330000310
100033003
310003300
100033000
3200020
3003400
3200023
300013000
300013003
22300030
300320200
3200002
22300000
22300003
31000033
2303002
30103030
100303300
30230002
300100
300103
400303000
200323000
30320002
33220000
30320020
1033300
23000320
300230020
300133
233200000
300130
31303000
4003000
40003300
4003003
2000023
2000020
200200033
301000033
300103030
300230002
2000002
23320000
3032200
340300000
32200003
304300
330000130
32200000
200200003
301000030
200200000
300202
301000000
200200030
301000003
32200030
300103003
300220
300103000
300223
2000032
320002003
320002000
2303200
323000200
302020300
33310000
20203000
3020002
333001
300232
203000020
20002300
230300020
203000023
20002303
20203003
34000
34003
100000033
3200230
333010
230300002
30000400
3020023
30000403
3020020
203000002
330000202
300320002
30000430
32032000
100000030
4003030
200032000
34030
223300000
200032003
300320020
200032030
100000000
100000003
330000220
3200200
203000032
3200203
320002030
30000331
330000040
303200020
30033100
300301
30000322
200003302
303200002
202003
430030000
300310
200003320
202000
300304
1300
1303
30000340
300313
3200302
330000010
330000013
300322
333100
330000001
200302300
301303000
202030
3020032
330000004
300331
300340
220330000
30001
202033
1330
330000031
30004
1333
30010
330000022
33400000
30013
2332000
30022
330000103
100303030
330000100
300000430
30031
30034
2000203
2000200
103003003
30040
103003000
30043
100303003
100303000
2033020
30000301
200003203
32003200
200003200
30000313
3200320
300000400
300000403
300400
200003230
2033002
2000233
300403
2000230
30000304
30000310
323000002
302000002
30000202
30004300
3020203
3020200
300430
330004000
203000200
203000203
323000020
302000020
30100
30000220
30000223
302000023
30103
302000032
30000232
300000322
30033001
304003000
300000331
300033100
23000302
2000302
30130
103003030
300000340
30133
30033010
203000230
20002033
30000130
300000301
30000133
300000304
2000332
23000203
23000200
300000310
300000313
4003300
303200200
2000323
2000320
20002030
20002000
20002003
3020230
303020002
22000
22003
203000302
23000230
30202
303020020
34300
302003200
10000030
30300103
30300100
30220
3020320
22030
30223
20203300
22033
10000000
30232
203000320
10000003
3020302
320030002
200003023
200003020
30300130
1300030
2033200
1300003
300034000
200003032
1300000
43300000
10000033
202303
403003
200302030
403000
202300
200302000
30001033
200302003
3430000
30300040
300300202
3004000
3004003
30001030
3303010
403030
200003002
1300033
3004030
303400000
320030020
202330
300300220
30301
30304
30310
30313
3303001
202300003
202300000
33200020
202300030
30322
340030000
33200002
30331
302032000
300300130
30340
10303000
10303003
313300000
22030300
3303100
13330000
322000300
2320003
300300103
30001000
100000
300300100
30001003
100003
30300013
2320000
303310000
32020300
30300010
403300000
30300004
10303030
313000
30300001
313003
30300031
30300022
30013300
2320030
100030
302200003
100033
30400
23300002
313030
330020200
302200000
30403
3000040
3000043
230030200
30304000
30103300
3000034
2230003
2230000
3340000
31000330
23300020
130003300
302200030
203320000
30430
3000013
100033300
300001030
3000010
200023300
300001033
3000004
320030200
3000001
300300040
3000031
232000300
220003300
103330000
3000022
300300004
230030002
300300001
330020002
300001000
3000100
300001003
3000103
300300013
300300010
300300022
10000
20330020
10003
300013300
223003
300300031
223000
1333000
22300
330020020
10033030
22303
20203030
20330002
330200200
20002330
310003030
2230030
203230000
10030
10033
303220000
400003300
10000300
31000300
223030
31000303
10000303
22330
310003003
310003000
323200000
23230000
10000330
10000333
1300303
1300300
43030000
403300
300304000
300103300
3000133
3000130
230030020
31033000
30230200
303003001
33040000
1300330
301000330
1030003
1030000
303130000
30013000
1030030
202300300
30013003
233020000
130003003
3000232
30320200
130003000
32200300
3033001
333010000
133003
133000
303003010
433000000
2320300
230300200
301000300
3033010
133030000
22030030
1030033
301000303
323020000
302020000
3004300
302020003
220003000
133030
220003003
3000202
33003100
322000030
30013030
343000000
322000000
3000220
322000003
3000223
40003030
100000333
202030003
202030000
223030000
302020030
320300200
100000330
3000301
331003000
202030030
20023030
32020000
30230020
232000030
220003030
200203300
32020003
301000
100300
100303
301003
313300
2002
303003100
232000000
3000313
32020030
232000003
313030000
22300300
301033000
100000300
40003003
10303300
100000303
40003000
3000310
300230200
3000304
22030000
301030
22030003
2020
2023
130003030
33130000
20023000
20023003
100330
100333
301033
20330200
302200300
100033030
2032
10033000
10033003
403030000
33003010
43000
43003
400003030
332000200
10033300
330030010
100003300
310033000
100003303
230000032
43030
33004000
30030301
330030001
230000020
230000023
300100033
300030400
3033100
3000331
303000103
303000100
30030310
3000322
230000002
103030300
3000340
10300
13003003
330202000
13003000
2230300
330001300
10303
300100003
220030300
2300002
300100000
40000033
3000430
30022030
30030220
223300
303000130
300313000
2300023
2300020
10330
23030020
200033200
300100030
10333
40000003
40000000
203003002
31300030
400003003
232003000
203302000
400003000
30202300
30403000
40000030
31300000
3000400
31300003
3000403
300030310
303000202
223000003
223000000
40033000
1030303
303000220
1030300
223000030
203003020
2200
2203
2300032
320302000
200000332
320003002
200000323
32000320
200000320
20003230
310000330
30030202
20003200
20003203
1030330
334000
133300
2230
30022003
2233
30022000
300030301
200000302
32000302
20003320
332000002
301300030
133300000
310000303
301300000
310000300
301300003
20003302
300202300
4303000
332000020
30030103
320003020
30030100
300403000
33020200
303000301
3320020
23030200
20302300
300030220
300022030
3320002
301300
301303
30030130
303000310
203002
2302
200000233
3230002
30030031
200033002
2300203
23300200
2300200
30030022
203023
200000230
32000230
203020
200332000
200033020
2320
300022000
330004
300022003
30030040
2323
330001
301330
300030202
330013
31000
3103030
203032
31003
4000033
2332
330010
200000203
32000200
100003030
200000200
32000203
4000030
330022
43300
40000330
330031
100003033
220300300
220030000
330001030
220030003
3103003
20023300
31030
3103000
31033
4000000
330040
30300400
4000003
340000003
340000000
30300301
100003000
40000303
100003003
40000300
313003000
300030130
220030030
30300310
203003200
30202000
340000030
30001300
30001303
303000400
30202003
30202030
2300230
302300002
330300100
302300020
30030010
330100
330103
300030103
3230020
300030100
30030013
230020300
30030001
30001330
30030004
33020020
2300320
20302000
20302003
20003002
3013030
200303200
33020002
300300400
330130
30034000
300030022
3013000
3013003
2030002
300030031
23030002
2300302
33200200
300030040
3320200
330001003
203203
330001000
203200
330300010
32000032
3230200
300202030
200000032
330300001
2030032
13003030
300030001
300001330
322000
4033000
300030004
322003
300030010
2030023
203032000
2030020
23002
203230
300030013
330202
30300202
200000002
20003032
330220
32000002
322030
300300301
23020
23023
300300310
30300220
233002000
300202000
300001300
300001303
300202003
23032
20302030
200000023
32000020
20003020
20003023
200000020
32000023
203200030
32300002
20020030
20020000
4000300
300301300
20020003
4000303
30010330
202303000
32300020
203200000
20233000
10300033
20032300
300203002
203200003
300002302
203302
33000400
330301
230320000
203320
34003000
232003
232000
330310
31300
31303
302000200
230230000
302000203
130330000
331000300
300002230
20200300
20200303
200303020
232030
31330
2030203
302000230
2030200
200303002
3103300
301030300
340000300
20020033
3304000
30010300
30010303
4000330
300002200
300002203
322030000
33000310
30100303
3300022
30301003
3001000
400003
200020330
30301000
3001003
400000
30100300
2030230
202000003
202000000
3300031
3300001
202000030
3300004
3300010
400030
430003000
3013300
33000301
30002002
3300013
200020300
23200
30100330
200020303
23203
330400
303020200
400033
30301030
202000033
30002020
302000302
30002023
30043000
30002032
300010330
20200330
23230
302000320
2030302
30133000
320023000
400330000
23002003
23002000
103030000
103030003
31030030
300010300
300010303
13003300
330013000
10300030
103300300
3001033
203020030
332020000
33000220
3001030
2030320
23002030
310000
310003
322300
203020000
203020003
3300040
33000202
10300000
10300003
300301030
300002020
300002023
23302
300100330
310030
3300130
300002032
31300300
10300300
10300303
310033
23320
300043000
230000302
31030000
10030000
103030030
31030003
10030003
300100303
300301003
300301000
300100300
20032030
203200300
20032000
20032003
300002002
33000130
3300103
3300100
10300330
1330000
1330003
10030033
3300220
33000103
33000100
322300000
30223000
20200033
30022300
10030030
3300202
30010000
30010003
220003
202033000
220000
331000030
200200330
310303000
30010030
20200030
300133000
433000
303004000
232300
330103000
20200000
230000320
20200003
30010033
331000003
331000000
1330030
220030
301030030
133000300
301030000
200200303
301030003
200200300
220033
302320000
30100033
30030400
332200000
20323000
32230000
33000040
33000022
202000303
223000300
202000300
33000031
400303
400300
200020033
33000004
33000001
302002
301300300
3001
33000013
330000400
3004
33000010
3034000
202000330
200032300
302020
303000013
3010
302023
22330000
303000010
3013
200233000
303000004
200020000
400330
303000001
3022
300010030
200020003
303000031
300010033
130000
200020030
130003
230000230
3030013
3030010
302032
10333000
3031
303000022
3030004
3034
310000033
343000
3202030
3030001
3001330
3202000
3040
3202003
3043
310000030
3300310
30313000
303000040
30100003
30100000
320203000
32320000
320002300
130030
130033
300010000
300010003
302230000
30100030
100003330
310000003
3001300
310000000
3001303
230000200
300223000
300022300
230000203
40303000
3300301
3300400
30232000
30031300
32030200
20000032
13303000
200030200
300310003
300310000
303300100
200030203
310300
22003030
310303
3100
3103
3030031
20000020
20000023
3030022
223003000
330031000
20000002
3030040
3130
3133
310330
40000
300023200
40003
10030300
10030303
2002003
2002000
20303200
3030130
40030
320020300
40033
10030330
300400003
300400000
334000000
1330300
2002033
2002030
22003003
22003000
300400030
3030103
3030100
302200
302203
3202
203002000
230302000
203002003
30203200
220303
230003002
220300
30023002
302230
3030202
3220
3223
3022003
30322000
3022000
3232
4300000
4300003
300232000
300031300
30023020
200030020
220330
200030023
32030020
133000000
133000003
133000030
330002200
310030030
203002030
200030032
4300030
303202000
23023000
310030003
310030000
3403000
3202300
20033020
200300320
20332000
20000230
20000233
32030002
302302
303001300
20033002
200030002
3022030
3030220
3301
3304
3310
3313
310300300
302320
303030010
230003020
20000200
20000203
3322
340003000
331000
130300
303030001
200300302
331003
130303
33013000
32002
3331
3030310
3340
300023020
331030
32020
330010300
32023
130330
130030300
32032
300203200
40030030
320020030
320020003
220000300
320020000
220000303
3030301
300322000
200300230
30330100
300023002
30203020
200002
32300200
3400
3403
3100003
3100000
302002000
40030003
30031003
3100030
40030000
30031000
302002003
30330010
200023
220000330
200020
200300200
30002320
2203000
3313000
2203003
303030100
200300203
20020330
30330001
33103000
2002303
2002300
200032
3430
40300300
40300
302002030
40303
320200300
30031030
20020300
20020303
2002330
13000003
13000000
2330020
103300000
40330
400030300
103300003
300330100
103300030
13000030
20303020
203203000
203002300
310030300
13000033
3100033
3030400
20303002
2330002
30203002
30002302
2203030
30301300
323002
303022000
304300000
3010030
31030300
323020
32200
32203
330002020
323002000
30002200
30002203
300031030
23203000
3010033
330100300
23002300
32230
330301000
300203020
3223000
200300032
300002320
3022300
1003003
300330001
1003000
330002002
300031003
300031000
300330010
3010000
3010003
30002230
304000030
200300020
300003301
330010030
32002030
200300023
303103000
200203
30040003
30040000
230020030
200200
4030000
130030030
4030003
300003310
200300002
320032000
23302000
30040030
230020000
230020003
1003033
1003030
304000003
304000000
300331000
300130300
430000000
331300
430000003
20002
33030100
23003002
200230
20320030
233002
200233
302300200
32302
202003003
202003000
20020
20320003
20320000
30302200
20023
330010003
32002000
330010000
32002003
430000030
233020
32320
20032
20230000
2023003
2023000
20230003
130300300
331030000
320200030
13000330
4300300
30310300
230200300
320200000
30003100
320200003
30003103
202003030
300003202
3133000
300220300
2023030
200302
130030000
130030003
200230300
30003130
4030030
300003220
2330200
403003000
333000100
200323
203023000
200320
323200
34000003
2203300
3100330
34000000
33030001
303013000
30003022
3002020
30302020
3002023
30003010
330100000
103033000
30003013
33030010
330100003
200332
330100030
333000010
3301030
3043000
333000001
34000030
30130003
400030030
30130000
3002032
300302200
30003031
3100303
300040003
300040000
33001300
3100300
30130030
13000303
30003040
33202000
13000300
302030002
3301003
20230030
3301000
300040030
3002002
302030020
100330300
103000303
103000300
400300300
3010300
23003020
3010303
300003130
200320300
30400300
400030003
400030000
43003000
20200
20203
13033000
30003001
233200
30003004
300310300
30302002
300003100
300003103
310300030
300003040
20230
20233
300130030
10330000
31330000
10330003
310300003
310300000
331300000
20000302
300302020
300003010
300003013
1003303
103000330
22003300
1003300
30220000
30220003
300003022
300130003
304000300
300130000
10330030
30220030
230032000
300003031
3010330
30310030
300400300
1003330
20302
300302002
300003001
3002230
300003004
20320
200230030
4030300
20323
230200030
20332
202003300
20000320
20000323
3002200
3002203
230200000
302030200
33300100
230200003
20000332
20033200
300220000
40300003
40300000
3301300
300220003
3203002
320003200
3002302
40300030
303004
300220030
2023300
200230003
303001
200230000
4000
303013
4003
130300000
303001003
301330000
303010
130300003
303001000
34000300
303022
33001030
303300001
303031
230003200
430003
430000
303300010
130300030
30310003
30310000
4030
330030100
220300000
4033
220300003
303040
430030
303001030
30400003
30400000
30400030
100330030
33300010
3031030
330022000
33001003
33300001
220300030
33001000
3330001
300310030
3330010
100330003
100330000
30023200
200320030
200320000
200320003
3031003
3031000
303100
303103
3203020
3002320
