300012000
300012003
3
204000300
310203000
403200000
2400300
213003
230010300
300020202
213000
12
2302002
303120
21
24
300020220
30
300012030
200322000
33
213030
400300020
42
3203100
301003200
300200400
20300040
400300002
300020130
321000300
2130030
20300130
23200002
1032300
330200010
300020100
303201
300020103
102
2302020
300102030
303210
330200001
2130000
20300100
20300103
2130003
23200020
120
123000
123003
123
102033000
200330100
132
300200301
20300220
30024000
3023010
3031200
300102003
300200310
300102000
123030
40002300
20300202
300020040
23200200
23020020
31302000
203001000
203001003
3023001
102000300
102000303
23020002
2310300
303300
300020001
2040030
300020004
10330200
201
300020010
300020013
204
230002020
3023100
210
213
24003000
300020022
2302200
2040003
102000330
300020031
222
203001030
2040000
200330001
403020000
230002002
231
210300000
33000
200330010
234
210300003
33003
300200202
32031000
240
243
33012
210300030
300200220
320001003
320001000
230100300
200002320
301003020
33021
210300300
33030
301003002
200002302
230010030
220032000
310023000
230010000
230010003
300200130
300
2220300
30032100
303
130230000
210030000
210030003
213300
312
302003001
300200100
30032010
321
302003010
30040200
300200103
130320000
324
233000100
210030030
330
30032001
333
33102
201330000
342
2130300
200002230
33120
321000003
321000000
100230300
3400020
200002203
3400002
200002200
321000030
3310002
230100030
2032020
300200040
402
330003000
230100003
230100000
302003100
22020300
2032002
300200004
233000001
420
300200001
123300
423
312030000
233000010
300200013
30204000
300200010
432
200010330
33201
240300000
300200022
20103300
4203000
33210
300200031
103000032
20300022
20013300
1303002
20300031
203001300
304002000
20300004
30130200
200010303
20300001
100320300
200010300
20300013
332010000
20300010
103000002
2040300
103000023
3310020
103000020
1303020
320004
3220020
320001
200100330
220000020
20202300
320013
220000023
200002023
320010
200002020
130000302
320022
3220002
200043000
33300
302002200
200002032
320031
220000002
200100300
200100303
320000310
320040
30000102
30000120
30000123
30123000
200002002
32130000
3400200
220000032
20030220
320000301
23004000
20022030
3302001
43000020
30213000
30000012
3302010
30000000
30000003
3310200
1000002
30000024
43000002
402003
402000
30000030
20030310
2032200
210030300
1000023
202002003
202002000
1000020
30000021
301200300
320100
30000042
320103
303100020
202002030
200133000
21300000
21300003
30000033
402030
332100000
20030301
1000032
303100002
230001
230004
230010
21300030
230013
130000320
320000400
230022
320130
300004200
32220000
3130020
230031
301020030
301020000
301020003
230040
10003002
1303200
3130002
10003032
312000
200010030
312003
320202
220000200
10003020
230103
30303000
220000203
10003023
230100
320220
130000230
3220200
200010033
312030
303010002
103032000
4023000
3302100
303010020
300012300
20030400
230130
130000203
130000200
200223000
200010003
220000230
200010000
20030001
102303000
320000022
1000203
20030004
1000200
20030010
20030013
320000031
320000001
320000004
320000010
43000200
31032000
20202030
32310000
130000032
320000013
20300310
20202000
1033002
1000233
20202003
130000023
1000230
320301
331002000
130000020
200100033
3040002
222003
320310
1033020
222000
303100200
20300301
230202
320000040
3040020
130000002
300004002
20300400
10200030
200100000
222030
200100003
230220
300020400
200100030
300004020
200313000
10200003
10200000
1000302
203100030
20030040
301200030
32400000
301200003
234000000
301200000
320000103
320000100
202002300
20030022
3130200
203100003
10200033
402300
120030300
203100000
312300000
20030031
300102300
20030130
1000332
10003230
304002
102000030
40002030
1000323
1000320
320000130
3204000
304020
102000000
320400
303002010
303010200
102000003
10003200
10003203
303002001
230301
132003
132000
20030100
230310
20030103
300020301
230002200
40002003
40002000
102000033
300020310
132030
20022000
20022003
203010000
200403000
203010003
20030202
402003000
320000220
320000202
10003320
3032010
3040200
312300
1002
3032001
203010030
23020200
303002100
1020
10003302
1033200
1023
201003003
320010003
2303010
320010000
201003000
230400
330201000
1032
100033020
3032100
31000020
31000023
42000
100000230
42003
120030003
120030000
31000002
100033002
100000233
30402000
22300020
10020030
120300300
30320100
300013002
42030
230001030
10233000
22300002
30230010
10020000
31000032
2303001
10020003
320010030
30230001
300013020
100000200
100000203
30320010
1320030
304200
30320001
1320000
1320003
10020033
2303100
222300
323000100
302020200
120030030
10200303
10200300
2000031
2000022
200200032
202320000
300103020
2000013
2000010
100303200
2000004
400020300
2000001
1230003
1230000
200003400
10323000
200200002
12330000
3024000
300201300
1200
1203
2000043
2000040
300103002
200200023
200200020
2000034
320002002
20301300
203000031
300021030
20203002
132300
1230
203000022
1233
34002
203000010
203000013
100000032
320100300
203000001
30000402
21030300
1230030
230001000
203000004
230001003
100000020
100000023
40003200
34020
300021000
300021003
30000420
203000040
4302000
320002020
100000002
2000103
310032000
2000100
202230000
30000330
200003310
200331000
30000321
21300300
200003301
303200001
1302
303200010
2000133
2000130
302004000
40200000
40200003
231000300
1320
1323
20022300
21030000
21030003
1332
40200030
42300
203000100
203000103
2000223
2000220
10020300
2000202
100303020
10020303
103302000
331020000
203000130
100303002
30000300
30000303
200003202
2033010
30000312
10020330
303200100
2033001
2000232
1320300
301020300
200003220
30000201
323000001
203000220
30000204
323000010
222030000
10200330
203000202
30000222
34200
30000210
30000213
30033000
300201030
2000313
32040000
2000310
320100030
30000231
2000304
420003000
2000301
320100000
400200300
320100003
30000240
331200000
220023000
2000340
300201000
30000132
21030030
1230300
300201003
200003130
20301030
2033100
13002003
2000331
13002000
2000322
303020010
13002030
400020030
321000
303020001
203000310
321003
400020003
203000301
200003103
400020000
200003100
20301000
20301003
321030
320001300
200003040
12003003
2000403
2000400
12003000
31320000
300120003
300120000
200003022
22030200
200003010
200003013
2000430
200003031
403002
300120030
4032000
130032000
30001032
203000400
213003000
403020
300300201
200003001
300300210
200003004
231003
30042000
231000
12003030
3303000
20031300
231030
100230030
322000200
400200030
100230000
300210030
100230003
20023200
400200003
400200000
103203000
300300102
2320002
30001002
100002
20400030
313002
330020100
300210000
20400003
30001020
100020
30001023
100023
300210003
20400000
2320020
313020
300300120
302200002
100032
23300001
20310000
20310003
3000042
120300003
23300010
120300000
330012000
3000033
2230002
120300030
302200020
31000320
3000012
100320030
30132000
3000000
3000003
3000030
3000024
3000021
100320003
3213000
100320000
13002300
330020010
300300003
300300000
403200
20031030
330020001
300300012
3000102
321300
10002
300300021
320001030
3000120
3000123
3123000
300300030
223002
232000200
230001300
10020
2230020
10023
204000000
20031000
20031003
204000003
123003000
223020
10032
204000030
31000302
20203020
100033200
310302000
31000200
31000203
12003300
400003200
330102000
3000132
100200
100203
2320200
300013200
313200
303003000
23103000
22300200
30222000
31000230
3033000
231300
100230
133002
100233
330200100
3000231
302200200
30312000
220302000
22030020
30230100
2230200
3000240
133020
3000204
302020002
3000201
322000020
40003020
200232000
322000002
3000222
302020020
100000320
100000323
3000213
100000332
103023000
3000210
232000020
3000300
3000303
300103200
100302
2001
2004
300021300
3000312
232000002
23013000
40003002
10200
2010
100000302
10203
20023020
2013
100320
22030002
100323
223200
2022
20023002
100332
2031
2034
130302000
20203200
10230
2040
10233
43002
2043
10332000
420000000
120000303
420000003
120000300
23030100
43020
100003320
100003302
30231000
420000030
330030000
310000230
230000040
301300200
230000022
2304000
201303000
3000330
20310300
230000031
3000321
310000203
230000004
310000200
230000001
2100
2103
230000013
203220000
13003002
304020000
10302
230000010
200000430
302013000
3000420
20302200
10320
230000100
230000103
133200
2130
10323
2133
300022200
10332
100003230
400302000
120000330
20040030
20040000
20040003
100003200
2001003
100003203
2001000
200000403
32000400
200000400
3000402
102330000
203130000
24300000
2001033
2001030
2202
200033100
200000331
420003
30321000
420000
200000322
320003001
2220
2223
42003000
20220300
420030
2232
310000320
210003000
300030300
210003003
200000340
43200
301300020
32000301
200000301
20130300
320003010
210003030
200000313
310000302
301300002
200000304
200000310
32000310
300030210
300022020
330120000
23022000
3320001
3320010
303201000
2301
3230001
2304
200000232
200033001
120000033
13003200
2310
2313
3230010
300120300
2322
300022002
330000
330003
3320100
330012
203040000
300030201
2331
4000032
200033010
330021
200000202
32000202
3402000
120000003
2340
120000000
4000020
4000023
330030
100003032
220030002
200000223
32000220
200000220
120000030
100003020
100003023
20310030
300202200
4000002
340000002
300030120
20220030
100003002
2034000
20220000
340000020
20220003
220030020
30001302
2400
30001320
2403
302300001
23300100
200000130
32000130
302300010
200000133
330102
300030102
330210000
2430
240003
240000
20302002
30001230
2001303
2001300
340000200
200000103
32000100
310230000
103002030
330120
200000100
32000103
300210300
20400300
240030
23030010
3230100
300030021
300030030
2001330
23030001
103002003
23202000
3312000
103002000
302300100
300202020
200000043
32000040
3222000
200000040
303021000
200000034
13003020
420300
330300000
120033000
300030003
300030000
322002
4000230
330201
20130030
300030012
210003300
20130003
322020
200000010
32000010
20130000
220030200
32000013
200000013
330210
323001000
32000001
300300300
200000001
31230000
32000004
200000004
20302020
200000031
4000200
240003000
300202002
4000203
32000031
30001200
30001203
200000022
32000022
310320000
43002000
32001000
32001003
231000000
231000003
22023000
40200300
200303100
400023000
4000302
30010320
231000030
30002130
1002003
300203001
10300032
1002000
222300000
303102000
1002030
330300
1002033
40020003
232002
40020000
402030000
13200000
13200003
303020100
324000000
3132000
200303010
13200030
232020
40020030
24030000
200303001
100200330
300301200
30010302
30002100
4000320
30002103
30100302
3001002
202000002
30010200
3001020
30010203
3001023
30002010
100200300
30002013
403002000
100200303
30002001
33000300
2403000
322200
202000023
30002004
202000020
230000400
30002031
202000032
30100320
303012000
30002022
240300
30002040
120303000
100020033
30010230
130002300
100020030
301030200
30100230
100233000
100020003
100020000
220203000
33000210
3001032
10300020
10300023
23301000
33000201
3042000
10300002
2100000
230000310
2100003
2313000
232200
10300302
230000301
2100030
30100203
400203000
330021000
30100200
420000300
20032020
22203000
10030002
300301002
320010300
40020300
4230000
1002303
20032002
1002300
300301020
10300320
202000203
4320000
202000200
100323000
1330002
10030032
33000120
33000102
1002330
30010002
20040300
10030020
3001200
10030023
3001203
304200000
2100033
13200300
202000230
30010020
30010023
1330020
301030020
30010032
301030002
320002200
30100032
2010003
2010000
100200033
402300000
33000021
3001230
202000302
13020003
100200030
13020000
33000030
2010033
2010030
33000003
10300200
10300203
33000000
230000130
100200000
3000
13020030
2223000
100200003
3003
33000012
3012
3001320
202000320
3021
3024
130002030
3030
302103000
3033
310000032
10300230
3042
133000200
230000220
30100002
130002003
310000023
310000020
130002000
310000002
20032200
3001302
30100023
230000202
30100020
430020000
303210000
100002300
100002303
1330200
10030230
20000034
300310002
103230000
204030000
20000040
20000043
3102
20000022
2133000
20000031
20000001
3120
3123
20000004
20000010
20000013
3132
10030302
31002000
13020300
31002003
2100330
2002002
202023000
20000100
20000103
22302000
300400002
2043000
10030320
2100300
2002032
2100303
43020000
300400020
230040000
31002030
2002023
2002020
3201
3204
312000030
3210
3213
303120000
43200000
203301000
3222
312000000
3321000
312000003
3231
2010303
2010300
3240
133000002
320004000
20000130
20000133
133000020
243000000
20033010
2010330
30240000
40300200
20033001
200001330
20000232
300023100
213000300
10030200
10030203
3300
230130000
3303
20000220
20000223
3312
3321
20000202
200001303
32001300
303030000
200001300
331002
300031200
3330
300023010
100002033
2002203
2002200
331020
210330000
100002030
320200200
100002000
100002003
40030020
320020020
2002230
30002400
3231000
320020002
300023001
200034000
200001
200004
200010
3402
302301000
3100002
200013
30002310
40030002
200022
230220000
3100023
3100020
200031
3420
30330000
2002302
200034
430200000
200043
200040
23031000
2002320
20303010
40030200
200103
200100
20303001
3100032
2330001
312000300
30002301
300203100
2330010
230400000
323001
200130
203031000
331200
323010
200133
20303100
3010020
230310000
3010023
300031020
30002202
2330100
3010032
200001033
30002220
300203010
200001030
32001030
30420000
132000300
1003002
300031002
320020200
3010002
200001003
21000000
1003023
200001000
21000003
1003020
300204000
3100203
3100200
200202
32002020
1003032
323100
200223
21000030
200220
21000033
20001
323100000
20320020
20004
32100300
233001
20010
200232
20013
400030200
233010
20320002
20022
32002002
202302000
20031
320200020
23220000
20034
12300030
20230002
20040
20043
223200000
320200002
30003102
12300003
12300000
3100230
200301
200304000
201000330
102000
102003
2322000
200304
200310
30003120
200313
300130200
200322
3002031
34000002
30003021
20100
103000230
20103
200331
220300200
3002022
30003012
3100320
233100
102030
323010000
102033
34000020
400030020
302202000
201000303
3002040
201000300
200340
3010230
30003030
300040002
3100302
20130
123030000
20133
103000203
223020000
103000200
20230020
3002013
302030001
3010200
300040020
3010203
3002010
3002004
302030010
3002001
132000030
32010030
300220200
1003203
103000302
1003200
200403
1003230
201033000
3010302
200400
200230200
3002100
321003000
3002103
132000003
132000000
12000
2232000
12003
400030002
301023000
20202
200430
23130000
30003000
30003003
300302100
423000000
32010000
32010003
20220
20320200
12030
20223
20000304
12033
300130020
33001200
20000310
20000313
20232
10203030
320003100
302030100
20000301
100330200
103000320
23400000
1003302
300130002
1003320
200320200
3010320
3002130
3002220
32100000
32100003
20301
34000200
20304
3420000
20310
300302001
32100030
20313
300302010
300310200
203400000
322002000
20322
31002300
20000340
200230020
20331
302022000
20000322
400300200
20340
3002202
20000331
20033100
40300002
300220002
202032000
1200030
300220020
3002301
1200003
40300020
1200000
201000033
200230002
21303000
102300
102303
20000430
20000400
20000403
4002
201000030
203310000
300400200
20400
303300000
1200033
20403
430002
4020
4023
201000003
201000000
102330
4032
430020
220300002
301203000
33001020
20430
22032000
23310000
220300020
33001002
100330020
10203003
3330000
300310020
10203000
200320020
103320000
100330002
3002310
1323000
100002330
200320002
123300000
200023020
30020040
310002300
302400000
103200300
12300
3002400
12303
30200301
2003004
220020030
2003001
340002
12330
200203200
340020
200023002
20001030
30102003
20001033
30200310
30102000
120330000
100300230
220020000
220020003
10203300
30200202
2003031
30200220
2003022
100300203
33100200
100300200
31003020
2003013
2003010
30020010
30020013
4200
30020001
4203
1020003
30020004
1020000
3240000
1020030
202030200
220200300
302310000
30020031
1233000
30020022
2003040
430200
2003103
2003100
12030003
4230
12030000
30200130
1020033
33010020
340002000
40203000
31003002
2003130
33010002
203300010
12300300
1200303
1200300
203300001
10023000
10023003
22000002
4302
4002030
22000023
1200330
223002000
200031030
22000020
4320
20034000
200203020
302220000
332001
42300000
30200100
30200103
4002000
340200
10023030
4002003
22000032
332010
230301000
200031000
320300001
200031003
12030030
100300032
320300010
30200013
200301300
301302000
30200010
30200004
2003220
20230200
100300023
33100020
30200001
100300020
30200031
200203002
100300002
203300100
30200022
33100002
10023300
2003202
300024000
13300200
30200040
201003
201000
21000300
103020300
21000303
42030000
231030000
220200030
332100
201030
201033
320103000
302130000
2331000
220200003
220200000
23040000
201030300
21033000
32002200
2003310
2003301
1020303
1020300
300032100
322020000
324000
1020330
400230000
30003300
20304000
40023000
302040000
4002300
2200032
30003210
30003201
21000330
203202000
32010300
2003400
20001000
20001003
320013000
400320000
203030010
300032001
2200002
203030001
300032010
13300002
430000200
300040200
12030300
2200020
2200023
13300020
222003000
300000231
21000
300033000
21003
20403000
300000240
234000
200301030
30004200
21030
31020030
300000201
21033
32003010
300000204
300000210
300000213
200301000
31020000
31020003
200301003
300000222
13030020
30012300
240000003
203030100
240000000
240000030
32003001
201303
3003000
3003003
201300
103002
103003200
300000132
103020
103023
201330
201030030
103032
23000031
100030320
300000102
2200230
201030003
23000022
201030000
20100030
20100003
20100000
23000013
23000010
400000320
302031000
300000120
300000123
23000004
300123000
20313000
23000001
3003021
22230000
100030302
203022000
2200200
2020023
3003012
2200203
2020020
10302000
10302003
201300300
13030002
23000040
123000300
3003030
2020002
300000033
31200030
403000002
13002
300000042
204300000
2200302
403000020
10302030
22320000
30102300
31200000
13020
3003120
2020032
31200003
13023
100030230
300000000
300000003
13032
313000002
30004002
300213000
300000012
200022300
20100033
3003102
322200000
300000021
400000302
300000024
30020400
313000020
30004020
300000030
20001330
22000203
22000200
10032030
30020301
100030203
100030200
310002030
10032000
10032003
400000203
30020310
400000200
2200320
103200
103203
103200003
20001300
103200000
20001303
310002003
22000230
310002000
200030400
230031000
400000230
1332000
21300
21303
103200030
103230
220020300
21330
240000300
132003000
3003210
3003201
202203000
2020203
2020200
300303000
33002100
103302
3003300
123000030
200030310
403000200
22000320
13200
13203
123000000
123000003
2020230
31003200
103320
30200400
313000200
30020202
100030032
30012000
30012003
13230
301032000
200030301
100030023
100030020
30020220
30012030
400000023
103020003
201300030
10302300
400000020
103020000
100030002
30102030
30020103
30020100
2020302
200202300
400000002
100300320
201300003
103020030
201300000
200030220
22000302
200022030
300000
33002001
300003
30020130
300012
213000030
33002010
33010200
213000003
300021
213000000
100300302
13302
400000032
300030
300024
13030200
2020320
210000000
300033
330000300
210000003
13320
20010300
23000400
20010303
300042
33003000
30103002
2430000
30201300
3200040
210000030
100332000
2004030
200032200
210000033
300312000
3200022
30103020
3200031
300230100
3200001
3200004
10032300
3200010
3200013
2004003
2004000
30021003
30021000
300102
210003
321030000
210000
3200100
3200103
300120
423000
300123
300132
20010330
30021030
210030
102003300
210033
130020300
203004000
310003200
230300100
200040300
300320100
2340000
20002230
4003002
210303000
301000032
300230001
300230010
310200030
301000020
301000023
300204
32200002
20002200
20002203
300201
300213
301000002
3200130
300210
300402000
300222
310200000
310200003
32200020
120000
120003
3020013
300231
3020010
3020004
333000
20002302
3020001
230300010
3020031
300240
31020300
3020022
230300001
320301000
120030
120033
330000201
300320001
300320010
3200220
200032002
4003020
200032020
330000210
3200202
133002000
20010033
130020030
321300000
3200310
300300
30201030
300303
200130300
202002
130020003
23000130
3102003
300312
3200301
130020000
20010030
3102000
20010000
20010003
202023
300321
3020040
330000012
202020
330000003
210000300
330000000
210000303
20223000
130200300
300330
30000
30003
202032
330000030
243000
30012
330000021
300000420
30021
30024
3020130
330000102
210000330
30030
30033
2004300
330000120
103003002
30042
3102030
40032000
200220300
30201000
30201003
3020103
3020100
300000402
300402
23000103
23000100
210303
210300
300420
302000001
302000004
3020202
200302200
302000010
302000013
3012000
3012003
310200300
3020220
3012030
302000022
30102
210330
100020330
302000031
300000321
3200400
302000040
23000310
30120
300000330
30123
200040000
103003020
200040003
200040030
23000301
30132
100020303
100020300
20133000
4003200
432000000
20002032
23000220
310020030
20043000
300000300
300000303
23000202
20002020
20002023
20100330
202203
310020003
300000312
310020000
202200
342000000
20002002
302000100
302000103
210033000
200310300
120300
120303
31200300
22002
232020000
32003100
202230
30201
30204
230013000
20100303
20100300
4200000
130200003
130200000
30210
200130030
4200003
22020
320202000
30213
22023
30300102
120330
10000020
30222
10000023
22032
30300120
30231
10000002
130200030
30210000
33200100
4200030
30210003
30240
320030001
30210030
3020301
1300023
1300020
320030010
300001230
1300002
200302020
10000032
3020310
200130000
202302
200130003
200302002
24000300
301230000
32004000
3004002
300001200
300001203
1300032
202320
34002000
3004020
30300
200400300
3020400
30303
30312
231300000
202300002
33200010
30321
3102300
20232000
202300020
30330
33200001
10303200
320030100
10303002
200220003
200220000
200220030
23001030
220003200
103002300
230030100
30300012
30300003
30300000
30300030
10303020
301320000
22200
30300021
22203
130003200
30402
230022000
30420
2103030
22230
400032000
30013200
3012300
320022000
300001032
430002000
13203000
300042000
23001003
23001000
2103000
1300203
2103003
1300200
200310030
200310000
32020200
203103000
200310003
4020030
230030001
3004200
300001002
230030010
1300230
300001020
4020000
300001023
4020003
22302
20002320
202300200
20330001
230202000
102003000
20330010
4200300
102003003
22320
310003020
10000302
310003002
102003030
20330100
300132000
200023200
320300100
10000332
2013003
2013000
10000320
10000323
1300302
30103200
24000003
24000000
200400030
301000320
24000030
200400000
200400003
1300320
2013030
1030002
30021300
30013002
130003002
432000
1030023
1030020
203013000
30013020
301000302
1030032
220003002
200031300
202030002
32020002
202030020
301002
220003020
10000200
10000203
300222000
301000230
40302000
3201000
301020
3201003
301023
32020020
13023000
32200200
10033020
20322000
301032
10000233
130003020
10033002
342000
301000200
301000203
10000230
10320030
20003130
30030300
400003020
22002003
10320000
10320003
22002000
22002030
300100032
2103300
100302300
303000102
20003100
20003103
1030203
3201030
303000120
1030200
13302000
300100002
40000032
2300001
2300004
30030210
2300010
30022020
2300013
300100023
2300022
300100020
1030230
2300031
203003001
40000002
31300020
2013300
10230000
400003002
10230003
4020300
40000023
320220000
40000020
31300002
40000230
303000201
223000002
1030302
30202200
301200
230004000
301203
330001200
203003010
303000210
223000020
20003220
34020000
30120300
202020003
40000203
10033200
202020000
40000200
301230
2300040
332000100
30030201
20003202
202020030
30022002
300231000
1030320
2300130
213030000
332000010
320130000
203003100
332000001
3021030
20331000
20003301
33012000
30030102
20003310
202200300
30030120
303000300
2300103
3021003
3021000
2300100
301302
203001
203004
203010
3103020
30030030
203013
2300202
301320
203022
300321000
30030021
203031
21330000
31002
2300220
40000320
203040
3201300
200004300
31020
31023
30210300
10320300
33020100
100302030
3103002
31032
30300300
100302003
33102000
100302000
40000302
203103
30202002
203100
302001000
30202020
302001003
30030012
30030003
203130
30030000
302001030
30120003
20003001
23001300
30120000
20003004
2202030
10230030
30120030
33020001
222000300
320400000
33020010
2030013
2030010
3013002
2030004
2300301
2030001
2202000
3013020
2202003
2300310
330001002
203202
202020300
2030040
300001320
3103200
200340000
20003040
2030031
2300400
330001020
203220
2030022
23001
3021300
23004
230020200
31200
23010
31203
23013
20003031
320310000
130023000
30300201
132030000
23022
100023300
20003010
20003013
300001302
23031
30300210
31230
20003022
23040
302000130
20020020
32300010
20020023
203200020
2030103
2030100
320031000
32300001
20200230
20020002
300002301
203200002
12303000
203301
2030130
203310
331000200
20200200
23100
20200203
23103
103300200
200430000
31302
300420000
200004003
302000202
200004000
300002220
200004030
21003030
31320
20200302
23130
302000220
31030200
2030202
2022003
2022000
230103000
20020032
300002202
3013200
10230300
30301002
400002
13032000
3300021
203400
3300030
200020320
204003000
2022030
3300003
400023
3300000
33201000
30301020
2030220
400020
232200000
2202300
3300012
200020302
23202
23010300
400032
302000301
300010320
300002130
20200320
23220
310020300
302000310
313002000
130203000
2030301
23002002
203200200
300002100
103030002
300002103
20020200
100032300
20020203
31030020
201003300
300010302
220002300
200020230
23100300
203020020
310002
2030310
23002020
203020002
23100000
310020
132300000
300100320
23100003
310023
200020200
23301
200020203
300002022
300002031
23310
302000400
310032
300010230
300002040
23100030
3210030
312003000
103030020
32013000
3210000
3210003
1203003
1203000
3300120
400002300
31030002
300100302
300002001
22002300
3300102
300002004
300010200
300010203
300002010
300002013
3300210
1203030
400203
400200
20200032
3300201
2030400
12033000
20200020
400230
220002
20200023
300100230
23400
331000020
200200320
220023
20200002
220020
331000002
20003400
200200302
2022300
220032
300100203
300100200
23010003
23010000
12000033
103030200
400302
12000030
200020032
3120003
3120000
302004
203020200
32103000
23010030
3120030
12000003
31300200
302001
12000000
21003000
302013
21003003
310200
302010
310203
223000200
302022
303000012
300010020
300010023
400320
200200230
34200000
302031
303000003
220002000
200020002
303000000
220002003
303000030
300010032
3030012
310230
130002
3202020
200020020
303000021
200020023
302040
3030003
3030000
3202002
200200203
130020
200200200
130023
100032030
201003030
130032
220002030
30022200
300010002
100032003
100032000
3300300
100203000
42000000
100203003
42000003
22003020
400002003
232002000
400002000
3210300
302100
302103
1023003
200030202
20340000
1023000
32022000
310302
200022000
42000030
200022003
3030030
220320000
302100000
302100003
220203
230003100
3030021
220200
310320
302130
400002030
1023030
302100030
40002
2301030
220230
3030120
220230000
40020
310300200
40023
200030130
40032
2301003
2301000
22003002
30023100
1203300
200030100
3030102
200030103
32030100
302202
303001200
200300400
3120300
302220
203002002
230003001
220302
302010000
302010003
30023001
102300300
203100300
3030201
12000303
130200
130203
12000300
3022002
200030031
4300002
220320
102030000
102030003
30023010
3202200
200030022
30031200
302010030
200030040
4300020
130230
203002020
310030020
200202030
313020000
310030002
200030013
32030010
200030010
200030004
32030001
302301
102030030
200030001
301002030
301002000
204003
302310
301002003
204000
203010300
200300310
3022020
3030210
230003010
32202000
200202003
200300301
12000330
20004300
204030
200202000
130302
32001
310030200
32004
23002200
40200
32010
40203
32013
30203100
130320
32022
330002100
32031
332001000
40230
32040
42000300
220000302
3030300
20020230
203002200
302400
1023300
200300220
302100300
30203010
30031002
20020320
302002002
3022200
2301300
200300202
2203002
220000320
302002020
21003300
32100
300240000
30031020
32103
40302
20020302
40320
300002400
32130
13000002
2031003
2031000
20430000
103300002
20004030
13000023
20004000
200300130
13000020
20004003
103300020
13000032
32300100
2031030
2203020
200300100
30203001
200300103
130030200
302010300
33021000
24000
120003300
24003
102030300
32202
233001000
32220
30301200
24030
1302003
1302000
300002310
4300200
420300000
330002010
330010200
300330000
200300040
330002001
230020020
130030020
300003300
200300022
340200000
30040002
304000020
330010020
200300031
4030002
204300
200300001
200300004
40230000
230020002
200300010
304000002
200300013
1302030
30040020
200013300
430000002
32301000
23003001
32301
230200200
202003002
430000020
32310
330010002
31023000
330100200
20103030
2023002
202003020
13000320
402000300
30302100
300003201
2203200
30220200
40320000
200103300
20103003
20103000
300003210
130030002
2023020
4030020
23003100
33030000
133020000
330100002
32400
302001300
330100020
333000000
30130002
120003003
120003000
222000030
13000302
3301020
30130020
233010000
222000003
3301002
222000000
231003000
22200300
4030200
10002000
10002003
13000203
13000200
300003120
304000200
20013030
2031300
100203300
23003010
13000230
10002033
130300200
22020003
24300
22020000
120003030
22020030
30302010
30310200
10002030
33120000
20013000
20013003
300003102
30302001
100023030
10002330
233100000
30400200
310300020
202003200
200013030
10330002
1302300
310300002
200013003
200013000
2400000
300003012
2400003
313200000
300003021
100023003
100023000
30220002
300003030
420030000
10330020
30220020
2400030
2023200
30310020
1032003
22003200
1032000
2310003
1032030
320040000
2310000
300003000
300003003
3301200
340020000
31203000
102300030
402000030
33210000
230200020
133200000
402000003
402000000
102300000
13230000
230200002
102300003
240030000
3203001
13320000
22200030
22200003
22200000
213300000
200103030
303000
303003
303012
303001002
130300002
303021
2310030
130300020
303030
303001020
200103000
200103003
30310002
2220000
2220003
3031020
301002300
202200000
30400002
202200003
202200030
30400020
33300000
2220030
10002300
10002303
100203030
3203010
3031002
303102
