300012001
1
4
300020200
302101000
11002030
10
213001
300012010
13
1024000
23110000
213010
2302000
221200
102000130
22
140200000
31
34
40
41002
43
11002003
300102100
11002000
100001230
400300000
41020
120031000
110020300
100001200
131000200
100001203
102000220
210300100
20210020
40002100
102000202
23200000
300020101
100
2220100
20210002
103
300020110
213100
20300101
112
2130001
302011000
123001
121
2130010
20300110
124
2212000
130
131200
123010
133
142
300102001
2130100
201010030
300102010
300110200
10240000
20300200
14000200
102000310
12001300
201010003
201010000
203001010
113002000
203001001
102000301
23020000
300020002
300020011
202
211
300020020
2040010
214
21103000
220
123100
2040001
223
320001010
210300010
230002000
100042000
20120020
232
42001000
210300001
33001
300200200
41200
20120002
241
33010
320001001
100001032
201100030
102000400
12100030
301003000
100001020
100001023
131000002
112003000
203001100
200002300
210202000
420010000
12100000
131000020
12100003
11002300
201100000
20013100
201100003
100001002
230010001
300110020
202100002
301
230010010
22012000
304
2122000
230100100
210030001
310
13001200
313
2040100
210030010
202100020
230010100
300200101
322
200002210
300200110
200010400
331
33100
300110002
340
22020100
100132000
321000001
321000010
200002201
3400000
140020000
3310000
321000100
400
403
410002
230100001
202010002
412
230100010
2032000
410020
200002120
421
300200002
200010310
202010020
430
300200011
300200020
20300020
100222000
1303000
200010301
20300002
200100400
200002102
20300011
400021000
103000003
103000000
202100200
13001002
103000012
103000021
13001020
103000030
220000030
200002030
320002
10003102
200010220
220000021
101000200
101000203
200002021
320011
220000012
320020
3220000
130000300
220000000
220000003
200100301
101000230
10003120
30000100
30000103
30000121
200010202
301020100
100100032
200002012
200002003
211300000
30000112
200002000
200100310
100100023
301102000
30000010
100100020
1000012
30000013
121030000
30000001
1000003
30000004
110200030
1000000
43000000
202002010
110200000
1000030
110200003
202010200
12002020
100100002
30000031
1000024
402001
1213000
1000021
202002001
402010
410200
30000022
30000040
320101
220000120
21300001
12002002
20022100
1000042
320110
101000302
1000033
21300010
303100000
230002
20104000
12100300
230011
200010130
220000102
20014000
101000320
230020
200100202
110003200
210030100
301020001
200100220
12010030
301020010
200010103
200010100
10003000
100231000
10003003
12010003
12010000
1123000
1000102
201001300
402100
1000123
1000120
202002100
3130000
204001000
40100002
21300100
200010031
312001
1000132
320200
2401000
200010022
10003030
220000210
312010
200100130
200010040
220000201
10003021
230101
40100020
22021000
10003012
230110
303010000
140002
120301000
410000020
200100100
200100103
130000210
200010010
410000002
400201000
210022000
130000201
200010013
140020
200010001
200010004
20030002
1000204
320000020
1000201
20030011
40100200
320000002
1000222
100321000
231010000
301200100
320000011
121300000
1000213
1000210
312100
130000030
200100040
13100002
20202001
1033000
1000231
130000021
20210200
110020003
110020000
3040000
20202010
12002200
110020030
222001
130000012
13100020
410000200
222010
230200
130000003
130000000
1000240
200100013
20202100
300004000
10200031
40010020
130000120
200100010
21013000
200100004
101320000
200100001
10200022
10200010
200100031
10200013
130000102
10200001
200100022
10200004
1000303
1000300
211030000
40010002
203100010
301200001
10200040
20030020
320000101
1000312
301200010
203100001
2311000
320000110
110200300
102000022
304000
1000330
401020000
102000031
12010300
1000321
102000004
10003210
102000001
222100
102000013
10003201
102000010
132001
20030101
300012100
231100000
132010
140200
20030110
40002001
101230000
40002010
40010200
20120200
102000040
201001030
20022001
203010010
203010001
20030200
20022010
201001003
201001000
320000200
100001320
1000402
203100100
100001302
1000
2221000
1003
1000420
102000100
102000103
214000
1012
22201000
10003300
1021
1024
201003001
320010001
100000240
1030
132100
31000030
10200220
320010010
1033
31000021
320100100
10200202
42001
100000231
1042
31000012
120030001
2131000
31000000
20301100
31000003
42010
120030010
100033000
100000213
200110030
100000210
10020031
300013000
100000222
11003020
10020022
10020010
22300000
10020013
100000204
10020001
120202000
100000201
10020004
200200102
1102
10020040
1320001
200200120
200110000
200110003
1320010
1120
124000
1123
320010100
401200000
10102003
10102000
1132
10200310
13100200
21022000
100000132
42100
10200301
230001100
22210000
1402000
2000023
2000020
300021100
100000120
100000123
100123000
2000014
100000102
13010002
2000011
2000002
200200012
13010020
1230001
210004000
1230010
200200003
200200000
200200030
1320100
1201
120030100
1204
2041000
2000041
1210
300103000
200200021
10200103
1213
2000032
10200100
320002000
1222
230001010
20203000
203000020
1231
34000
203000011
100000033
120022000
1240
30000400
10200130
203000002
230001001
11003002
100000042
100000021
2000122
300021001
100000030
100000024
2000113
2000110
100213000
300021010
100000000
100000003
2000104
100000012
2000101
1230100
321001000
2000140
21202000
1300
1312000
1303
2000131
1312
40200001
1321
40200010
21030001
1330
400012000
203000110
21030010
203000101
2000221
101000002
2000212
10020310
101000020
101000023
400020100
2000203
10020301
2000200
100303000
1222000
30000301
101000032
300201100
200003200
120300100
2000230
1402
30000310
30000202
1420
203000200
21030100
10102030
30000220
30000211
10020100
10020103
400102000
2000311
2000302
13002100
110003002
320100001
10020130
320100010
40200100
110003020
30000130
10200400
300201001
200003110
200011300
301012000
300201010
13002001
13002010
2000320
13010200
231000100
10020220
10012030
11003200
20301010
321001
1132000
10020202
400020001
200003101
321010
10012000
10012003
20301001
400020010
2000410
30001102
12003001
2000401
10012300
102400000
300120001
1001002
200003020
200003011
300120010
30001120
100230100
1001023
1001020
2410000
100312000
403000
101032000
1001032
11020000
321100
11020003
21301000
30001030
300210100
200003002
11020030
200101300
231001
210103000
1042000
202001002
41002000
231010
102310000
231001000
10004200
12003010
202001020
400200100
100230010
10102300
100230001
400200010
400200001
100320100
30001000
100000
300300100
30001003
100003
2320000
10020400
11200003
11200000
100402000
313000
10004020
100012
11200030
30001021
100021
300210001
20400001
301021000
100024
10004002
20400010
30001012
300210010
100030
231100
100033
120300010
302200000
20310001
3000040
120300001
100042
20310010
2230000
20400100
3000013
212200000
3000010
3000004
3000001
100320010
110002300
3000031
102220000
3000022
100320001
1001203
200011030
1001200
1001230
300300001
100102
3000100
3000103
300300010
10000
200011003
42010000
22120000
200011000
10003
20031010
3000121
100120
100123
223000
10012
3000112
204000010
201002200
100132
10021
20031001
10024
204000001
10030
10201003
302110000
10033
10201000
31000300
202001200
10042
2140000
102130000
200101030
31000210
204000100
20031100
31000201
100000420
1001302
20113000
10201030
320001100
200101000
200101003
100000402
1001320
100201
100204
3000130
120103000
100210
100213
10102
100222
212020000
14002000
11200300
100231
201010300
10120
133000
10123
412000000
100240
10132
301201000
302020000
42100000
3000202
12003100
322000000
3000220
100000321
3000211
100000330
3000301
210013000
100300
100000312
100303
2002
232000000
102040000
100000300
100312
10201
100000303
40003000
3000310
2011
10204
2014
201002020
22030000
100321
31000120
10210
2020
122020000
10213
2023
20023000
201002002
100330
10222
120013000
201100300
2032
10231
43000
2041
31000102
10240
420000010
20130100
420000001
120000301
102002200
10021000
100003300
120000310
41020000
10021003
20212000
210003100
230000020
310000210
310000201
100402
2101
230000002
2104
10300
1321000
13003000
230000011
10021030
2110
10303
10103002
2113
100420
103100002
10312
2122
10201300
230000101
103100020
10321
2131
10330
230000110
2140
2001022
200410000
301210000
31001020
2001013
420000100
2001010
20040001
200000410
212002000
2001004
31001002
100003201
10103020
2001001
200000401
20040010
3000400
132100000
100003210
21400000
1231000
2001040
20040100
2200
2001031
2203
10402
20122000
11020300
2212
420001
200000320
420010
2221
10420
2230
120000400
210003001
200000302
100003120
210003010
103010020
2001103
2001100
301300000
310000300
200000311
1100020
1100023
100003102
12200020
103010002
1100002
2001130
12200002
2302
101003002
420100
2311
101003020
200000230
103100200
120000040
2320
1100032
300022000
330001
21031000
330010
200000203
32000200
100003030
200000200
120000004
4000030
120000001
4000021
120000013
10021300
2001202
220030000
120000010
120000022
100003012
4000012
200000221
120000031
100003021
10103200
4000000
4000003
200000212
120000103
340000000
120000100
210200002
4000120
311000002
100003000
40201000
100003003
112300000
213100000
210200020
20220001
2001220
4000102
311000020
30001300
1010002
131002000
20220010
12020200
20310100
2401
300112000
412000
200000140
200000131
1010023
2410
1010020
330100
300030100
1010032
2001310
240001
200000104
12020020
20302000
200000110
32000110
240010
2001301
32000101
200000101
200000122
12020002
200000113
320101000
120000130
103002001
12200200
1100200
103002010
103010200
1100203
200000041
200041000
10013020
101003200
300120100
200000032
10013002
300030001
322000
1100230
103002100
300030010
200000011
20130001
32000011
200000014
2001400
240100
200000002
20130010
32000002
320011000
120000202
4000210
20220100
30001210
300202000
4000201
30001201
120000220
200000023
32000020
200000020
32001001
231000001
100012030
100020220
231000010
210200200
4000300
1002013
40102000
1010203
100012003
1002010
100012000
12004000
1010200
32001010
1002004
100020202
1100302
1002001
1002031
210020002
100200400
1002022
102100030
13200100
210020020
1100320
102100000
102100003
1002040
101002300
1010230
110030002
232000
40020001
13200010
10300120
40020010
13200001
10210003
110030020
300121000
10210000
21130000
103001200
100020130
200131000
421000000
10300102
20401000
100020103
1010302
321010000
100020100
30010300
10210030
30002110
1002103
100102030
1002100
30002101
40012000
102010000
100102003
3001000
3001003
202000012
30100300
102010003
100102000
140002000
10013200
202000003
202000000
101002
100200310
30010201
3001021
30002011
202000030
100200301
3001012
30002002
1002130
101020
101023
202000021
1010320
200221000
101032
30010210
30002020
142000
102010030
110300200
100020040
100020022
21040000
30010120
100020031
100020004
1002202
100020001
100020013
113020000
300211000
100020010
213010000
10300030
1002220
100200220
40020100
10300021
211003000
3001030
202000102
20311000
10300012
202000120
100200202
1420000
11002
10300000
10300003
2100001
13020100
2100004
10202002
2100010
130002100
11020
2100013
3001120
11023
10300300
2100022
11032
2100031
30100201
3001102
10030012
200311000
10030000
10030003
300301000
20032000
1002301
132001000
30100210
100200130
10202020
30010102
202000201
1330000
102002002
1002310
30100102
101200
101203
33000100
30100120
30010012
10030030
3001210
202000210
30010000
102100300
30010003
100200100
10030021
3001201
100200103
30010030
10210300
2100040
30010021
101230
102002020
21310000
13102000
201040000
301030000
310000120
2100130
2010013
2010010
2010004
2010001
100200040
200401000
310000102
2100100
202000300
2010040
100200031
13020001
2100103
102010300
31001200
13020010
100200022
10300210
1002400
2010031
100200010
10300201
100200013
33000001
101302
2010022
100200001
3001
100200004
3004
33000010
11200
3010
321100000
11203
10120030
3013
101320
2100202
3022
1240000
3031
10120003
10120000
2100220
11230
3040
21220000
310000030
130002010
130010200
30100012
30100003
2010103
2010100
30100000
210020200
201130000
130002001
310000021
301120000
41200000
30100030
110030200
310000012
310000003
3001300
310000000
230000200
30100021
100002301
2010130
11300002
20000032
220021000
300310000
14200000
11300020
20000041
20041000
130010020
10030210
3100
10022020
3103
20000020
20000023
104000020
11302
3112
130100200
130010002
31002100
104000002
3121
20000002
40210000
210010300
11320
3130
20000011
20000014
20000113
31010200
2002012
31002010
2010202
10030300
31002001
310001200
20000122
2002003
2002000
20000101
100002220
20000104
100420000
20000110
300400000
2100301
100002202
2002030
2010220
2100310
2002021
102001300
3202
3211
421000
10030102
2100400
312000010
200001400
3220
312000001
2010301
40120000
100010320
100002130
2002102
133000000
10030120
20000131
20000140
100002100
4001020
100002103
10202200
100010302
210100300
210002002
2002120
20000230
4001002
2010310
210002020
10030201
130100002
3301
20000212
13012000
10022002
20000221
3310
240100000
31100200
130100020
200001310
10120300
20000200
20000203
104000200
312000100
331000
200001301
100010230
2002201
220201000
31010002
100002040
100002022
101002000
101002003
100100320
100002031
100002004
100002001
100002013
101002030
100010203
100010200
200001220
100002010
320020000
100100302
2002210
31010020
2010400
113200000
214000000
200002
3100012
3400
200011
3100003
200014
3100000
3100030
40030000
200023
200020
200001202
11030002
3100021
240010000
2002300
200032
120040000
200041
241000
100100230
14020000
20221000
12013000
200001130
103001002
20131000
4001200
210002200
100100203
103001020
100100200
10022200
200001103
32001100
200101
200001100
200104
200110
31100020
200113
110002
31100002
200122
200131
3010030
11300200
110020
100010032
110023
3010021
200140
30002200
100010023
110032
100010020
420001000
12103000
100010002
110300020
3100102
200001031
110300002
3010012
1003003
1003000
3100120
300031000
200001040
3010000
3010003
311000200
21000001
200001001
1003021
21000004
103000102
3100201
200001004
200203
21000010
200200
1003012
21000013
11030200
200001022
21000022
200212
1003030
200001010
103000120
3010102
3100210
200001013
200221
21000031
20002
200230
21000040
201000400
20011
20014
20020
20320000
20023
32002000
20032
20230000
20041
120220000
12300010
1003102
320200000
30003100
12300001
3010120
40021000
200302
220210000
102001
200311
102004
110200
110203
102010
102013
1003120
21000130
200320
20101
34000000
102022
20104
3002020
30011200
30003010
201000310
102031
20110
130001200
3010210
20113
201000301
110230
102040
20122
32010100
13201000
300040000
3100300
20131
320110000
420100000
103000201
11030020
20140
103000210
3010201
3002011
132000100
3002002
10301020
1003210
1003201
103000300
3010300
200401
20140000
3002110
132000010
102100
102103
10301002
3002101
200410
220120000
132000001
110302
12001
21000100
12004
400030000
201000220
21000103
20200
12010
20203
32100100
12013
30003001
201000202
110320
32010010
102130
20212
12022
120130000
32010001
20221
12031
10031002
310001020
20230
20000311
2101030
12040
200140000
310001002
400120000
10203010
30101200
20000302
2101000
1003300
2101003
300130000
10031020
201000130
102202
32100010
12100
30011020
10203100
12103
32100001
102220
20302
20311
201000103
201000100
20320
12130
2011003
2011000
20000320
3002200
100240000
102001000
102001003
300220000
1200022
40300000
2011030
400210000
4100020
10301200
1200031
13021000
102001030
201000040
1200001
100002400
1200004
1200010
213001000
4100002
102301
200230000
1200013
4000
20000401
4003
201000031
20410000
102310
12202
20000410
4012
120400000
201000022
201000010
20401
30011002
4021
201000013
430000
201000001
1200040
20410
12220
4030
201000004
220300000
30101002
130001020
130001002
30101020
120310000
33001000
10203001
100330000
200320000
100002310
1200103
1200100
12300100
102400
210001030
4102
12301
1200130
2101300
103102000
12310
4120
4010020
241000000
20001040
12030100
2003002
10023100
340000
100120030
400001020
4010002
30102010
30110200
200023000
100120003
20001031
220020010
100120000
30102001
220020001
400001002
30200200
12022000
100300210
1200220
2003020
100300201
4100200
1200202
20001130
2003011
30020011
1020013
124000000
1020010
103020100
30020002
4201
1020004
220102000
1020001
1020031
12400
4210
1020022
20001100
30020020
20001103
103012000
20001202
2003101
200113000
12030001
1020040
12030010
30110020
200031100
100210030
220020100
1102000
31003000
100300120
1102003
1200310
33010000
100210000
22000102
100210003
12202000
22000120
2003110
2011300
100300102
1200301
10023001
22000012
1020103
1020100
22000003
4300
200031010
22000000
410020000
22000030
22000021
1102030
30200110
4010200
4002010
30200101
210001000
4002001
1020130
401000200
210001003
200031001
20001220
30110002
10031200
10023010
220012000
1200400
100300030
30200011
4002100
110000002
30200002
100300021
210001300
11203000
200203000
100300012
30200020
100300003
33100000
311002000
110000023
10310020
100300000
110000020
120010300
2003200
1020202
201001
101300002
1012003
21000301
110000032
1012000
201004
1012030
201010
1020220
21000310
201013
130021000
101300020
201022
201031
21000202
201040
220200010
10400200
13210000
21000220
220200001
3101002
100013200
212000200
10220020
3101020
104200000
10220002
1020301
10400020
201103
201100
21000400
3011002
1020310
10400002
212000002
401000002
240001000
201130
401000020
212000020
220200100
120002200
100021300
20001010
20001013
201022000
1102300
102103000
20001022
100103200
20001001
200301100
20001004
2200000
101300200
3011020
2200003
13300000
2200012
1004002
10310002
201202
2200021
1004020
2200030
1020400
21001030
2200102
201220
120010030
10302100
21001
21004
110032000
2110000
21010
2110003
21013
2200120
21022
200301010
21031
240000100
300000202
201030100
11023000
21040
300000211
31020010
10220200
120010003
120010000
31020001
200301001
300000220
3101200
1012300
240000010
221020000
10040020
100022200
240000001
310100020
3003001
201301
310100002
103000
103003
10040002
201310
300000130
103012
21001000
130201000
21001003
103021
21100
2110030
21103
123000100
12301000
103030
102020200
201030010
20100022
300000100
300000103
23000020
201030001
21130
20100031
300000112
310100200
20100001
23000011
20100004
300000121
20100010
23000002
20100013
2020030
10310200
10302010
1004200
2200201
100030300
2020021
10302001
3011200
201202000
3003010
2020012
2200210
13030000
31200100
201400
2020003
2020000
103102
201400000
120002020
403000000
13000
13120000
10130002
300000040
13003
2200300
103120
2102002
21202
13012
31200010
31200001
13021
310010020
300000001
120100300
21220
300000004
13030
313000000
310010002
30004000
300000010
300000013
3003100
100022020
100030210
120002002
300000022
20100040
400000300
300000031
10130020
100022002
400000210
22000201
2020120
30012100
100030201
32011000
10040200
10032010
210010000
213000100
210010003
10032001
2020102
100120300
22000210
400000201
310002010
100202200
103201
310010200
20001301
2102020
103200001
210010030
310002001
103210
103200010
13102
131020000
20001310
102004000
21301
21310
13120
103200100
20001400
140000020
140000002
200014000
100030120
100030102
32101000
2012020
2020210
312001000
2020201
1201003
1201000
201300100
2110300
2012002
10032100
10130200
100210300
103300
120100000
120100003
140000200
13201
1201030
123000001
120100030
2102200
21400
13210
123000010
30102100
30020200
30012010
210100000
210100003
30012001
200104000
400000120
221200000
400000102
100030021
100030030
200022100
210100030
400000021
103020001
30020110
100030003
100030000
400000030
103020010
100030012
310002100
30020101
131200000
2020300
400000003
201300010
400000000
400000012
100202020
201300001
300004
22000300
300001
300013
100202002
300010
300022
213000001
13300
100300300
213000010
300031
10204000
210000004
20100400
210000001
20002102
210000013
300040
20010301
122000200
210000010
210000022
30103000
210000031
3200020
22001002
30021100
210000040
3200002
120001300
22001020
2004010
2012200
3200011
221002000
2004001
300100
300103
30021001
1021003
1021000
301000120
210001
300112
3200101
301000102
210004
30021010
32110000
210010
3110002
300121
201220000
3200110
210013
210000100
210000103
210022
300130
1021030
210031
20010310
20002120
210040
202021000
4003000
1201300
101020300
1103002
20010400
20002210
2004100
100004200
21100000
21100003
301000021
20002201
32200000
3110020
301000030
300202
12031000
301000000
301000003
210103
310200010
210100
300211
300220
130020100
310200001
301000012
1103020
21100030
30201100
120001
102200020
3020011
120004
120010
3020002
120013
20002300
201310000
210130
102200002
120022
10024000
3020020
11302000
120031
130012000
120040
200032000
3200200
100012300
1013002
300301
20010040
202003
20100130
300310
202000
1013020
21001300
130020010
3102010
20010022
3110200
210202
130020001
20010031
3102001
202012
20010001
330000010
120001030
20010004
120100
120103
202021
210000301
330000001
20010010
20010013
202030
210220
130102000
30001
210000310
30004
20100103
20100100
30010
30013
12400000
100004020
120130
20010100
100020400
30022
20010103
200040100
12310000
20100220
330000100
30031
100004002
30040
20100202
310200100
103003000
3020110
30201001
11032000
100102300
3020101
23000110
1103200
300000400
300400
202102
31012000
23000101
1021300
200122000
30201010
210301
112000
302000002
112003
210310
210000130
3020200
3012010
310102000
302000011
2201002
120202
202120
3012001
302000020
30100
30103
31020100
2201020
120220
102200200
112030
102020020
100020310
30112
110302000
20010130
200040010
30121
200040001
30130
102020002
100020301
3102100
122000002
300000301
210000202
200212000
310020010
122000020
20002021
23000200
300000310
210000220
200130100
202201
310020001
20010220
20002030
1013200
20002000
202210
20002003
210400
20100310
302000101
130200100
31102000
20010202
120301
20002012
302000110
22000
22003
120310
30202
22012
20100301
10000024
4200001
130200001
30211
22021
10000030
130200010
30300100
4200010
30220
10000021
22030
31021000
10213000
10000012
30210010
10000000
10000003
30210001
1300021
3012100
100013020
200220100
1300030
1300003
10000042
1300000
200130010
10000033
312100000
200130001
100013002
21010300
202300
1300012
200302000
104002
211000030
3004000
21100300
211000003
300001201
2201200
120400
21002002
211000000
104020
22102
121000300
300001210
30301
10000120
10123000
10000123
21002020
30310
22120
12130000
202300000
10000102
300001120
1210003
1210000
2021020
10303000
200220010
101200000
101200003
1300120
200220001
210000400
20101030
2021002
1300102
101200030
21002200
100103020
201031000
30300010
200310100
100201300
100103002
112300
30300001
300001102
14002
20101003
22201
20101000
1210030
30400
2103010
22210
14020
20011000
20011003
120001003
120001000
100021030
12220000
202210000
1300210
4200100
300001030
110203000
23001010
23001001
2103001
1300201
100021003
100021000
200310001
300001000
104200
300001003
200310010
24000100
1120030
21010000
1120000
1120003
21010003
200400100
300001012
4020010
222100000
22300
300001021
4020001
2103100
10000312
102003001
21010030
10000300
31201000
10000303
1202002
310003000
202120000
2013010
4102000
2021200
10000330
102003010
2013001
10000321
1300300
24000010
101020000
101020003
121000030
24000001
200400001
1030012
121000003
121000000
1202020
14200
101020030
200400010
1030003
211000300
1030000
22001200
30013000
1030030
130003000
312010000
102003100
1030021
301000300
10000132
112030000
220003000
101200300
222010000
1210300
2013100
4020100
202030000
100201030
3201010
10000222
32020000
10000210
301000
10000213
132010000
301003
100201000
301012
10000201
100201003
10000204
110023000
3201001
1030102
301021
4012000
104002000
301000210
301030
1030120
10000240
10033000
142000000
201301000
12040000
301000201
10000231
301001200
40000102
1202200
22002010
20011300
22010200
10320010
20003110
100204000
40000120
201004000
10320001
200201200
22002001
202200100
301102
303000100
20003101
1030201
211003
211000
1120300
1022002
300100003
2300002
300100000
210040000
301120
11000032
2300011
1022020
1030210
10402000
300100012
211030
300100021
2300020
300100030
40000003
40000000
11000002
402010000
10230010
10230001
40000012
400003000
100130200
11000023
11000020
40000021
10320100
40000030
3201100
31300000
24001000
122200000
223000000
10000402
102031000
1030300
301201
301210
202020010
100040020
121000
220100020
121003
202020001
40000201
40000210
20003200
100040002
30022000
220100002
10000420
200201002
2210020
121030
30112000
301001020
100220200
200201020
201020200
310201000
210130000
402100000
301001002
30030100
2300101
3021001
113000020
2300110
100302100
301300
2210002
1022200
101302000
203002
202102000
22002100
3021010
113000002
203011
11000230
3021100
2300200
202020100
203020
100130020
31000
31003
31012
100130002
20011030
10222000
11000203
31021
11000200
31030
3103000
100302010
100310200
11000302
100302001
40000300
23001100
30202000
203101
2120002
22100020
203110
211300
302001001
202012000
113002
30120100
30030010
302001010
22100002
2120020
30030001
113020
31102
30120010
20101300
30120001
20003002
100220020
201020020
31120
201020002
100220002
3013000
2030011
2030002
2202001
100400200
113000200
201200200
22100200
2210200
2202010
330001000
203200
10230100
302001100
2202100
121300
2030020
23002
110002003
22010002
10312000
110002000
110002030
31201
23011
31210
22010020
23020
200004100
310021000
20003011
300001300
401002000
30210100
20003020
100310020
2030110
20020021
301100020
10042000
2030101
20020030
1301020
301100002
10001032
20020000
20020003
1301002
310012000
203200000
21003100
20020012
410002000
20200210
220002100
2120200
101203000
113200
103210000
20200201
23101
20102002
200004010
21003010
200012200
31300
23110
302000200
200004001
222001000
20200300
2022010
2030200
4201000
201200020
203110000
23010100
11320000
2022001
30211000
300002200
201200002
310020100
400003
30301000
400000
120004000
400012
3300001
400021
3300010
400030
200020300
23200
103120000
11000320
20020120
112000000
112000003
112000030
20102020
20020102
10132000
20020210
1301200
20012020
2022100
23002000
20012002
103030000
300002101
200102200
20020201
300010300
300002110
2104000
400102
10001020
10001023
20110300
10001002
310000
310003
310012
203020000
400120
23100001
310021
300010210
300002020
120020002
200020201
200012002
310030
23100010
10001302
220010002
120020020
101023000
200020210
200012020
3210001
120200200
31030000
3210010
1203001
2014000
300100300
10001320
200110300
300002002
12000130
4021000
3300100
100024000
300010201
220010020
300002011
3210100
400201
102301000
1203010
310102
400210
1031002
31120000
220003
20200021
220000
1031020
311020000
200102020
300010120
20200030
200020102
12000220
310120
220012
20200000
200020120
220100200
220021
20200003
20200012
331000000
220030
12000202
112000300
20110003
200200300
20110000
23010010
300100201
311200000
20200120
23010001
1203100
300100210
100032100
20200102
300010102
11230000
402001000
200102002
12000040
12000022
23100100
202201000
3120010
201003100
12000031
10001200
400300
10001203
3120001
12000004
302002
12000001
21003001
12000013
12000010
310201
302011
302020
200020012
300010021
303000010
220010200
220102
220002010
310210
3120100
200020000
31210000
220002001
303000001
300010030
200020003
120020200
12000103
130000
200020030
130003
12000100
3030010
10001230
200020021
220120
130012
3030001
3202000
400002100
130021
300100102
200200201
130030
300010000
300010003
100032001
201003010
300100120
200200210
100032010
20110030
300010012
100040200
100203001
42000001
400002001
42000010
21200200
400002010
400010200
302101
200030200
200022010
1023001
310300
302110
300011002
200022001
302100001
212002
21020002
12000400
220201
302100010
203010100
1023010
1031200
220210
21020020
20004100
123100000
212020
130102
310120000
40000
40003
10231000
130120
40012
40021
40030
42000100
200120200
120200002
300101002
100301200
2301001
221000002
3112000
2301010
200030110
1023100
22003000
221000020
200030101
3030100
302200
120200020
24010000
300101020
12000310
123010000
301002100
302100100
102202000
203002000
220300
2301100
302010001
122002
130201
302010010
200202100
12000301
3022000
4300000
130210
102030001
122020
40102
200030020
102030010
400100200
40120
210301000
1400020
400010002
310030000
121003000
40001200
200030011
1400002
200030002
301002001
204001
301010200
204010
301002010
212200
400010020
201013000
302010100
200202010
10321000
200210200
130300
200202001
102030100
32002
40201
20102200
10010002
32011
4210000
40210
32020
122002000
210031000
1310002
100301020
10010032
200120002
220000300
100301002
200120020
120003100
10010020
10010023
204100
302002000
30031000
1310020
200300200
2203000
122200
301100200
13000102
201103000
102022000
32101
40300
400100020
32110
10100203
10100200
400100002
20020300
13000120
13000003
13000000
2031001
103300000
204100000
200210020
13000012
20004001
13000021
301010020
13000030
20012200
20004010
1400200
301010002
1220020
10100023
10100020
1220002
200300101
10100002
200210002
2031010
200300110
230101000
21200002
24001
32200
2113000
24010
230011000
24100000
21200020
10100032
1302001
2031100
30121000
1302010
1310200
4120000
1130002
200300020
100310002
30040000
4030000
200300002
104020000
230020000
200300011
304000000
110000302
430000000
24100
41000020
10010302
10002100
20021020
10002103
202003000
41000002
1130020
204010000
330010000
20021002
2023000
1302100
10010320
10002130
110000320
20103010
102013000
12001003
12001000
20103001
401002
100400020
130030000
22200100
101030002
100400002
1220200
401020
130120000
101030020
230110000
330100000
1040002
20103100
30130000
1040020
10100230
120003001
22102000
13000300
220001200
222000010
222000001
3301000
10010200
10002010
10010203
110000203
10002013
110000200
200013100
3211000
10002001
1130200
100023100
10002004
103201000
13000201
13000210
10100302
311002
222000100
10002040
20021200
20013010
120003010
22020010
110000230
311020
22020001
10010230
10002031
20013001
10100320
300003100
10002022
20201020
10330000
402000100
130210000
110320000
100023010
100031200
310300000
20201002
10002310
300011200
200013001
300003010
221000200
2400001
23101000
30220000
2400010
100023001
1204000
401200
200013010
200021200
101030200
2400100
14000020
1032010
3121000
1040200
221002
1032001
200103100
2310001
203101000
14000002
300003001
2310010
221020
110230000
400001200
210220000
21020200
102300010
402000001
230200000
10002400
102300001
41000200
402000010
10002202
40001002
210400000
200103010
22200001
22200010
303001
40001020
21004000
203011000
130300000
100203100
311200
303010
303001000
1032100
310210000
12001030
410200000
300101200
200103001
10002220
131002
30310000
10420000
2220001
20201200
202200010
2220010
202200001
131020
30400000
100031020
102300100
220001020
10002301
200021002
23011000
103021000
100031002
300011020
200021020
220001002
3031000
2310100
303100
210310000
100203010
123001000
