2
30020033
230000033
30030302
20
23
330030002
30200300
32
3000332
30200303
2003003
2003000
330032000
230000030
3000320
3000323
20300033
230000000
230000003
30030320
2300003
2300000
2003033
2003030
23030030
30030230
2300030
3033200
203003000
203003003
303200
30233000
30032300
303203
30020003
30020000
330200003
330200000
300200330
330030020
330200030
30020030
303230
33020300
303000203
330300200
303000200
300200300
300200303
233000300
203003030
300030320
3023030
203300030
300020033
200000330
230303000
32000330
2300033
200000333
320003003
303000230
320003000
303203000
3330200
330003200
323030000
30030203
30030200
303002300
3023003
3023000
333020000
300030302
203300003
203300000
300020000
300020003
303302
320003030
200000303
32000300
200000300
32000303
200
332000000
332000003
203
300233000
300032300
3203300
20003300
20003303
332000030
303320
200330030
300020030
200330000
303000302
200330003
332000
332003
230
320300030
233
200033030
33002
3320030
3320003
3320000
320300003
300030230
30323000
320300000
203003
332030
203000
33020
2300
32330000
20333000
33023
2303
32033000
3230000
3230003
200033000
200033003
33032
30200000
30030023
30030020
303000320
30200003
30200030
203030
330002
300030203
300030200
30030032
203033
2330
2333
330020
330023
30200033
302
200303300
330032
323003000
302003000
302003003
30300302
320
323
30032003
30032000
332
30032030
302003030
33200300
333200000
300323000
302300000
302300003
2333000
30300320
30030002
2003303
302300030
2003300
3230030
330302000
300200033
30300230
33020030
20003000
2300330
20003003
330003002
30302300
33020003
303023000
33020000
2003330
233000003
233000000
300200000
300030023
300030020
300200003
23030003
2300303
2030003
2030000
23300300
23030000
30003302
2300300
33200
30003320
300030032
33203
300200030
233000030
203003300
33030200
300300320
32000033
30003200
200000033
30003203
20300030
330300002
33230
2030033
300030002
2030030
203300300
303320000
20300000
20300003
30003230
23000
330300020
23003
330200
3320300
330203
300032003
300032000
323300000
30300203
30300200
330003020
20003030
300300302
200000003
32000000
20003033
203030000
203030003
3023300
200000000
32000003
330230
200000030
32000030
23030
23033
23003300
300032030
320000
300332000
320330000
300000230
320003
300033002
300000233
332300
32300000
32300003
32300030
33302
203030030
320030
233003000
300203000
300002300
300033020
300002303
300203003
203303
320033
203300
33320
300000200
300000203
30303200
23303000
330302
320000303
320000300
303200300
32003030
3302003
203330
3302000
200303030
20030330
30000002
32003000
32003003
330320
3003002
320000330
30000020
30000023
302033000
200303000
30000032
200303003
20030300
3230300
20030303
230003
230000
33000320
23000030
3300023
300303200
3300020
230030
3300002
230033
302330000
33000302
30002000
30002003
23000003
23000000
3003020
3003023
30002030
302000300
302000303
3003032
30002033
3302030
23000033
300000032
2030303
33203000
2030300
302000330
33002300
33000230
30303002
30303020
300000002
2030330
3300032
300000020
300000023
33000203
33000200
20030000
20030003
303020300
23300
203030300
30020303
30020300
23303
320000030
300002030
300002033
320000003
320000000
230000300
230000303
20300330
30020330
23330
320300
230330000
320303
330320000
300002000
300002003
320000033
20003330
20300300
20300303
23030300
300303020
320330
3300203
3300200
330230000
20030033
3003200
3003203
3003230
300303002
230000330
20030030
300020330
3003302
3003320
200030330
33000032
303002003
230303
303002000
230300
33000023
303002030
33000020
300020300
300020303
3302300
200030300
200030303
3300230
302000
33000002
302003
230330
3002
30200330
302030
3020
303000002
3023
3300320
302033
303000023
3032
33002030
303000020
3030002
230033000
33002003
300002
33002000
3032003
3032000
303000032
3032030
300020
330023000
300023
332030000
320033000
3300302
300032
330000302
33302000
33003002
20000033
3200033
2303030
3030023
3030020
3200030
20000030
3200000
20000000
20000003
3200003
2303003
2303000
30230000
30230003
3030032
203303000
3323000
30320003
30320000
303003200
30320030
23000330
30203300
330000320
300230030
303300200
2000030
3200
3203
230003000
230003003
320303000
30023003
30023000
233030000
300230000
3030203
300230003
30330200
3030200
2000003
2000000
3230
3233
200030030
32030030
323000300
300200
300203
30023030
200030033
2000033
300203300
3032300
300230
230300030
203000030
330000230
3020003
300233
3020000
303032000
333002
3020030
330203000
330002300
32030000
302300
230300003
203000000
20033000
3233000
333020
230300000
203000003
200300330
20033003
32030003
302303
200030000
200030003
330000203
32300300
230003030
330000200
300320003
300320000
3302
200003330
20303300
203000033
300320030
3030230
3320
30033200
3323
200300300
303030002
302330
200300303
32000
32003
3332
30000332
30000320
30000323
300302
330000032
303030020
303200030
200003303
32003300
200003300
303200003
303200000
300023030
302303000
3200300
3030320
32030
3200303
32033
300320
300323
300332
330000002
332300000
3020033
3030302
30002
200333000
300023000
300023003
330000023
300330200
330000020
200003
200000
30020
30023
33230000
320030300
30032
300033200
30002330
30203030
30330002
200030
200033
30000302
2303300
30330020
332003000
2033003
2033000
3200330
323000000
302000000
30000200
30000203
323000003
302000003
20303030
2330030
333200
2033030
323000030
302000030
30033002
30000233
302000033
300000320
300000323
300000332
20303000
30332000
20303003
30000230
2330003
23000303
2000303
203033000
23000300
2000300
23330000
2330000
30203000
30002300
30033020
30002303
303030200
30203003
33320000
323000
323003
300330020
330002030
233300000
203330000
300000302
333000200
323030
2000333
2000330
303020003
303020000
33023000
303020030
200300033
300203030
300330002
203000300
203000303
23033000
330002003
30200
330002000
300002330
30203
3020330
300003302
20330300
200300030
200300000
203000330
200300003
30230
300003320
30233
320300300
320030003
300300230
20000
3020303
303230000
3020300
320030000
20003
23003003
20033300
23003000
233003
233000
32300
32303
200003033
300302300
200003030
20030
20033
233030
32330
300300203
300300200
30300032
200003003
200003000
320030030
3303020
30302
300003200
300003203
302003300
33200030
330020300
3303002
230030300
200303
200300
30320
33030020
30323
32303000
33200003
33200000
30332
300003230
30302030
3002030
33030002
30003020
30003023
302300300
200330
2033300
333000020
200333
30003032
333000002
3002033
2330300
30300002
302030000
302030003
33032000
30300023
30300020
3002000
3002003
23300003
23300000
23003030
333002000
3000032
302030030
30230300
23300030
323300
300300032
3000002
30003002
3000020
3000023
30302003
30302000
300300002
230030000
230030003
330020003
330020000
300300023
300300020
3303200
33300200
330020030
20330030
20000300
20000303
20330003
20330000
300302030
300003020
300003023
230300300
33003200
20033030
300003032
330200300
20300
30023300
20303
300302003
300302000
233300
300003002
30320300
303302000
20330
20333
303003002
300230300
230030030
20000330
20000333
303003020
3033002
3000233
3203000
3203003
3000230
3002300
3332000
3033020
3002303
303002
3000200
3000203
303300020
303020
303023
303300002
32030300
303032
30230030
3000302
33300020
300320300
200330300
2000
230003300
330030200
2003
3330020
302030300
33300002
3330002
332000300
300023300
3203030
2030
2033
320003300
3002330
200033300
33003020
