1
111000220
111000223
4
313000111
300000232
10
111000214
13
111000211
122000212
101000212
311000221
22
111000202
10000000
122000221
101000221
10000003
220000000
311000212
220000003
310000222
101000224
121000222
100000222
300000202
101000233
300000211
111000232
300000214
300000220
300000223
301000114
133000111
110000332
1000003
110000323
1000000
211000003
211000000
421000003
421000000
301000111
221000014
300000133
111000313
100
11000002
323000101
103
221000011
334000000
11000014
10000114
11000011
221000002
220000114
323000110
112
112000222
220000111
10000111
121
124
333000100
410000113
221000110
221000104
300000100
133
300000103
101000323
100000114
202000003
223000003
221000101
101000332
410000122
202000000
223000000
300000112
333000010
410000101
331000111
221000122
410000104
300000121
333000001
100000111
300000124
221000113
410000110
22000111
1000111
311000104
111000124
111000121
11000323
422000002
311000110
200000332
332000110
200000323
411000022
11000332
422000011
311000101
112000000
332000101
111000112
133000000
222000022
133000003
112000003
301000000
222000010
411000013
301000003
311000122
411000010
222000013
311000113
421000111
111000100
222000001
111000103
411000004
22000114
1000114
411000001
222000004
422000101
332000011
220000222
222000121
112000111
422000110
202
332000002
222000112
22000003
22000000
110000221
211
214
442000000
111000133
110000212
222000103
220
112000114
223
222000100
300000001
300000004
202000111
110000233
313000000
232
300000010
313000003
300000013
110000224
410000002
401000212
244
100000000
100000003
300000022
202000114
410000011
401000221
410000014
110000014
200000233
110000011
11000224
400000222
200000224
110000002
211000222
11000233
22000222
1000222
410000212
410000221
221000221
11000212
200000221
221000212
313
11000221
200000212
311000011
322
401000101
424000000
411000121
233000101
311000014
101000002
401000110
311000002
101000014
111000022
331
233000110
401000104
334
101000011
411000112
111000013
202000222
10000333
401000113
111000010
343
411000103
111000004
411000100
401000122
111000001
110000110
223000111
110000104
222000220
222000211
110000101
222000202
110000122
121000003
121000000
212000212
331000003
331000000
110000113
212000221
323000002
11000101
1000333
200000104
121000114
200000110
310000114
11000110
244000000
323000011
412000003
412000000
200000101
433000000
11000104
200000122
310000111
11000113
111000331
121000111
200000113
11000122
111000322
212000002
122000101
101000101
211000114
233000002
300000322
401000002
400000114
401000014
233000011
424
212000011
300000331
122000110
101000110
212000014
401000011
122000104
101000104
322000000
343000000
433
322000003
122000113
101000113
400000111
100000333
442
232000111
211000111
122000122
101000122
10000222
122000002
212000101
212000104
122000014
212000110
122000011
212000113
400000003
232000000
400000000
232000003
300000313
212000122
322000111
200000011
412000111
411000220
200000014
200000002
411000211
301000222
411000202
310000003
310000000
