2
21000002
210000002
103000100
10000031
11
21000011
101000201
14
10000022
210000011
210000020
10000010
31000010
20
21000020
10000013
111000200
220000010
23
101000210
31000001
10000001
10000004
220000001
32
110000300
20000021
100000211
30000110
100000220
300000200
41
30000101
20000000
41000000
20000003
104000000
230000000
20000012
100000202
1000013
30000011
1000010
20000120
1000004
30000002
1000001
1000031
211000001
301000100
20000102
211000010
1000022
102000200
20000111
210000101
10000121
11000003
101
11000000
104
10000112
101000300
210000110
11000012
221000000
110
113
11000021
100000130
220000100
11000030
122
10000100
10000103
202000010
131
300000101
100000112
202000001
2000021
100000121
140
300000110
100000100
100000103
2000012
2000003
2000000
23000000
112000010
1000103
22000100
1000100
112000001
301000001
111000110
1000121
111000101
301000010
1000112
22000010
110000201
200000300
112000100
200
203
1000130
22000001
212
203000000
110000210
221
300000002
100000022
20000210
21000101
230
3000011
2000120
300000011
100000031
21000110
202000100
3000002
410000000
100000004
2000111
201000200
100000001
300000020
100000013
2000102
20000201
113000000
100000010
110000012
3000110
1000202
3000101
110000003
110000000
131000000
110000030
320000000
1000220
110000021
1000211
200000201
120000002
120000011
11000201
302
10000310
120000020
11000210
130000010
10000301
311
200000210
130000001
320
120000101
101000000
101000003
21000200
311000000
101000012
120000110
111000020
11000300
2000210
101000021
201000110
14000000
111000011
2000201
140000000
130000100
101000030
201000101
111000002
110000111
13000100
1000301
110000102
110000120
121000001
1000310
121000010
12000200
302000000
102000020
11000102
200000111
13000001
11000111
13000010
200000102
401
121000100
200000120
102000002
10000130
410
310000100
102000011
11000120
212000000
101000102
12000020
401000000
101000111
201000020
201000011
400000100
12000002
211000100
201000002
12000011
101000120
100000310
10000220
122000000
10000211
210000200
12000101
10000202
400000001
100000301
12000110
400000010
103000001
200000012
200000003
32000000
103000010
200000000
120000200
310000010
102000101
200000030
102000110
310000001
31000100
200000021
