1
200000233
111000223
4
11000224
400000222
421000222
200000224
111000214
110000002
221000224
211000222
13
410000224
311000221
311000212
311000233
310000222
122000224
101000224
311000224
100000222
200000221
300000214
300000223
200000212
301000114
311000011
212000224
411000124
311000014
101000002
100000444
311000002
334
411000112
211000003
412000222
200000443
111000013
233000113
211000000
421000003
421000000
401000113
411000103
200000434
111000004
111000001
434000002
301000111
433000111
222000223
11000002
103
333000112
222000214
221000002
322000222
112
323000113
422000212
444000001
422000221
124
301000333
333000103
110000113
410000113
323000002
200000104
344000002
311000332
200000110
300000103
100000114
310000114
311000323
433000003
412000003
412000000
200000101
433000000
200000122
300000112
111000334
333000013
310000111
11000113
333000001
400000333
200000113
100000111
300000124
333000004
221000113
211000333
212000002
211000114
311000104
233000002
111000124
401000002
400000114
422000002
421000114
443000002
311000110
200000332
200000323
422000014
422000011
311000101
111000112
300000334
301000000
322000000
322000003
411000013
301000003
311000122
200000344
122000113
101000113
222000013
310000333
400000111
311000113
421000111
100000333
332000113
222000001
111000103
411000004
211000111
411000001
222000004
422000101
322000114
401000224
122000002
222000124
422000110
332000002
222000112
422000104
212000113
400000003
422000113
214
400000000
222000103
422000122
322000111
223
200000011
300000001
411000223
412000111
200000014
300000004
200000002
411000214
300000013
301000222
110000224
410000002
100000000
100000003
310000003
310000000
412000114
