1
21000001
4
210000001
110000011
1000201
10000030
3000100
10
21000010
110000002
13
10000021
101000200
210000010
10000012
22
10000000
31000000
110000020
10000003
220000000
1000210
31
200000200
20000020
120000001
100000210
40
120000010
301
30000100
11000200
20000002
10000300
310
20000011
100000201
4000000
130000000
1000012
120000100
30000010
101000002
30000001
1000003
101000011
1000000
101000020
1000030
211000000
20000101
2000200
111000010
1000021
111000001
201000100
20000110
110000110
210000100
10000120
40000000
1000300
100
11000002
103
110000101
11000011
112
11000020
121000000
10000111
121
10000102
11000101
130
200000110
300000100
13000000
11000110
202000000
2000020
100000120
200000101
400
100000102
102000001
2000011
100000111
2000002
102000010
1000111
101000101
1000102
101000110
112000000
301000000
201000010
12000001
1000120
111000100
201000001
12000010
110000200
202
10000210
22000000
10000201
211
12000100
400000000
100000300
220
300000001
200000011
100000021
103000000
21000100
3000010
200000002
300000010
100000030
3000001
2000110
102000100
100000000
100000003
100000012
20000200
310000000
2000101
200000020
