3
111000222
210000000
210000003
420000000
111000213
420000003
12
122000202
111000210
111000204
111000201
100000224
21
122000211
24
122000220
100000233
303000111
100000212
33
310000221
100000221
310000212
111000231
301000113
133000110
133000101
301000122
102000222
301000101
301000104
301000110
221000013
11000004
323000100
111000312
11000001
102
221000010
420000111
221000004
11000013
210000111
221000001
11000010
111
11000022
114
111000303
210000114
120
221000022
123
223000011
100000113
132
223000002
221000100
221000103
100000122
100000101
144
144000000
221000121
312000000
312000003
100000110
221000112
100000104
200000331
22000110
111000120
422000001
111000123
133000011
22000104
200000322
411000021
22000101
422000010
332000100
111000114
133000002
301000002
111000111
411000012
22000122
301000011
111000102
243000000
411000003
301000014
22000113
411000000
22000014
422000100
332000010
22000011
332000001
201
204
22000002
200000313
210
213
111000132
222
231
234
401000202
243
401000211
100000002
312000111
401000220
100000014
100000011
200000232
110000013
110000010
110000004
110000001
11000232
110000022
200000202
120000003
120000000
330000003
330000000
11000202
303
11000214
200000223
11000211
200000220
200000211
11000223
312
11000220
200000214
401000103
101000004
321
401000100
311000010
311000013
101000001
324
330000111
411000120
233000100
311000001
101000013
120000111
330
311000004
333
101000010
411000111
101000022
120000114
401000112
342
411000102
21000222
11000313
311000022
401000121
321000003
321000000
212000202
110000103
222000210
110000100
200000133
212000211
110000124
222000201
110000121
110000112
212000220
11000103
323000001
11000100
323000010
200000103
321000111
200000100
200000121
200000124
11000112
111000330
200000112
11000124
111000321
11000121
414
300000321
122000100
101000100
401000004
233000001
122000103
101000103
212000001
212000004
401000001
423
212000010
233000010
401000013
300000330
401000010
212000013
401000022
432
212000022
122000112
101000112
101000124
441
122000121
101000121
432000000
101000133
122000004
122000001
212000103
212000100
122000013
300000303
122000010
212000112
122000022
300000312
210000222
212000121
200000010
342000000
11000133
200000013
200000001
231000111
411000210
200000004
411000201
120000222
200000022
21000000
311000202
21000003
231000000
300000231
313000110
231000003
441000000
313000101
101000202
220000014
101000214
10000011
311000220
10000014
101000211
220000011
101000220
311000211
10000002
101000223
220000002
121000212
300000201
121000221
300000204
101000232
300000210
300000213
110000313
300000222
1000014
1000011
110000331
110000322
1000002
324000000
211000002
421000002
211000011
421000011
211000014
10000122
300000132
220000122
10000113
220000113
10000104
112000221
220000110
220000104
10000110
112000212
220000101
123000111
101000313
10000101
410000112
202000011
202000014
300000102
101000322
202000002
410000121
110000133
300000111
101000331
300000114
410000100
331000110
410000103
333000000
300000120
300000123
331000101
1000110
112000014
11000322
1000104
112000011
1000101
11000331
311000100
311000103
112000002
222000021
311000121
132000111
421000101
1000122
222000012
222000003
311000112
421000110
222000000
1000113
300000033
220000221
112000110
222000120
112000104
110000202
220000212
112000101
110000223
110000220
222000111
112000122
110000214
132000003
112000113
222000102
110000211
132000000
300000000
300000003
202000104
313000011
202000110
201000222
410000022
110000232
313000002
300000012
21000111
202000101
202000122
410000001
21000114
410000004
300000021
423000000
300000024
410000010
202000113
410000013
400000212
211000212
400000221
211000221
22000221
1000221
402000111
22000212
1000212
213000111
410000211
221000202
1000233
410000220
414000000
1000224
221000220
410000202
221000211
111000024
111000021
201000114
111000012
201000111
10000332
202000221
33000111
10000323
111000000
111000003
202000212
223000110
12000222
223000101
331000011
234000000
121000002
402000003
402000000
331000002
121000014
111000033
121000011
310000122
1000332
412000011
121000113
310000113
412000002
121000122
1000323
310000104
121000101
310000110
102000000
123000000
102000003
123000003
121000110
121000104
310000101
211000113
400000113
211000122
400000122
232000101
400000101
322000002
12000003
33000003
211000101
100000323
12000000
33000000
201000003
400000110
100000332
322000011
232000110
211000104
201000000
211000110
400000104
12000114
10000221
303000003
10000212
303000000
322000101
400000002
232000002
12000111
400000014
400000011
322000110
232000011
412000110
301000212
102000114
412000101
301000221
310000011
213000003
10000233
213000000
310000014
310000002
10000224
102000111
