210000004
1
111000220
42000001
420000010
4
210000001
100000240
210000013
420000001
10
13
122000200
210000010
111000211
210000022
100000231
113000110
31000012
22
111000202
31000000
113000101
31000003
210000031
241000000
31
100000213
34
20000023
100000210
310000210
100000222
303000100
43
104000002
310000201
20000002
230000002
100000204
20000011
100000201
230000011
20000014
20000113
102000211
11000032
301000120
102000220
20000122
230000101
20000101
301000102
20000104
230000110
102000202
301000111
20000110
210000100
210000103
100
124000000
11000002
103
221000011
11000014
111000310
11000011
420000100
221000002
112
11000023
111000301
100000132
200000410
11000020
210000112
221000020
100000141
121
200000401
124
210000121
221000110
130
133
100000114
221000101
2000023
223000000
100000120
100000123
142
2000014
312000010
100000102
2000011
312000001
100000111
2000002
22000111
111000121
301000021
22000102
200000320
111000112
133000000
301000030
301000000
301000003
411000010
22000120
111000100
111000103
301000012
411000001
22000012
200000302
202
22000003
22000000
203000011
211
100000033
214
310000300
22000021
203000002
220
200000311
223
111000130
100000042
100000021
131000110
2000122
20000212
232
131000101
100000030
20000221
100000024
401000200
2000113
2000110
241
100000000
100000003
2000104
113000011
100000012
20000203
2000101
312000100
113000002
110000014
11000230
110000011
131000011
110000002
131000002
200000230
110000023
110000020
200000203
330000010
200000200
120000004
120000001
141000001
210000301
330000001
120000013
11000203
120000010
301
110000032
11000200
304
120000022
210000310
11000212
200000221
310
203000110
313
11000221
203000101
200000212
120000103
214000000
311000011
322
401000101
340000000
120000100
2000221
101000002
401000110
11000302
2000212
21000202
311000002
101000014
331
101000011
330000100
11000311
101000020
101000023
21000211
340
2000203
120000112
411000100
21000220
311000020
120000121
110000110
13000102
321000001
101000032
110000104
200000140
200000131
321000010
13000111
212000200
110000101
23000110
110000122
23000101
110000113
11000101
302000002
200000104
200000110
13000003
321000100
13000000
32000110
210000130
11000110
13000012
302000011
32000101
200000101
11000104
200000122
403
302000020
11000113
200000113
412
11000122
101000101
212000002
122000101
401000002
421
212000011
101000110
122000110
101000104
401000011
430
401000020
101000113
212000020
101000122
200000041
101000131
122000002
212000101
200000032
300000301
212000110
210000202
122000011
122000020
210000211
300000310
210000220
200000011
103000003
231000100
103000000
32000011
11000131
200000014
302000101
200000002
32000002
120000202
302000110
103000012
120000211
120000220
200000023
200000020
10000024
311000200
21000001
21000004
231000001
103000102
220000021
21000010
103000111
21000013
10000021
101000200
101000203
231000010
220000012
101000212
10000012
21000022
10000000
101000221
10000003
220000000
304000000
220000003
110000302
430000000
101000230
121000210
300000202
30000103
300000211
41000002
10000033
110000311
30000112
300000220
121000201
1000012
30000013
211000021
302000200
30000001
114000001
1000003
211000030
30000004
110000320
1000000
240000001
211000003
43000000
211000000
421000000
1000024
1000021
211000012
10000120
300000130
10000123
220000120
112000201
10000114
101000302
1000033
123000100
101000311
220000111
10000111
220000102
10000102
112000210
300000100
101000320
300000103
202000012
34000000
202000003
202000000
110000131
201000310
300000112
410000101
23000011
201000301
300000121
23000002
410000110
202000021
1000111
112000012
311000110
11000320
1000102
311000101
112000000
112000003
222000010
1000123
1000120
112000021
222000001
132000100
1000114
112000111
403000000
110000203
110000200
112000102
1000132
220000210
110000221
132000010
112000120
220000201
110000212
132000001
222000100
300000001
3000013
410000020
21000100
300000004
202000111
201000220
21000103
201000211
313000000
110000230
3000004
300000010
300000013
202000102
3000001
21000112
201000202
410000002
202000120
300000022
21000121
410000011
400000300
300000031
211000210
1000204
400000210
22000201
320000020
1000201
3000103
320000002
1000222
402000100
213000100
320000011
211000201
1000213
22000210
1000210
3000112
400000201
10000312
221000200
1000231
204000001
130000012
10000303
410000200
201000130
130000003
130000000
201000121
111000031
202000201
201000112
111000022
111000013
130000111
100000420
10000330
33000100
111000010
14000002
202000210
111000004
10000321
130000102
140000002
111000001
201000103
201000100
1000303
121000021
12000211
100000402
12000220
100000411
24000001
121000003
121000000
402000001
320000101
1000312
331000000
121000012
320000110
402000010
12000202
211000300
310000120
102000022
1000330
412000000
121000120
1000321
102000004
121000102
310000111
102000001
123000001
102000013
121000111
310000102
10000132
301000300
123000010
102000010
12000022
201000031
211000120
201000022
400000120
400000102
201000010
322000000
12000004
100000321
211000102
201000013
12000001
33000001
400000111
201000001
12000013
211000111
33000010
12000010
201000004
100000330
400000021
303000010
10000222
12000112
400000030
10000210
100000312
10000213
303000001
12000121
12000103
10000201
12000100
400000003
232000000
10000204
400000000
100000300
100000303
320000200
400000012
301000210
102000112
310000030
102000121
310000021
102000100
213000001
102000103
310000012
142000000
31000111
213000010
310000003
301000201
310000000
10000231
31000102
