3
420000012
420000000
420000003
12
113000112
21
24
113000103
310000230
420000021
241000002
303000111
33
310000221
303000102
321000201
310000212
321000210
310000203
230000004
310000200
230000001
314000001
230000013
102000213
200000430
230000112
11000034
102000222
200000421
230000103
102000204
11000004
11000001
102
124000002
420000111
11000013
11000010
420000102
111
420000120
431000001
11000022
114
200000412
120
200000403
310000131
431000010
123
223000011
132
223000002
144
211000320
200000331
22000110
22000104
200000322
22000101
332000100
22000122
310000320
22000113
200000340
22000014
420000201
332000010
22000011
200000301
332000001
201
204
22000002
310000311
200000313
210
310000302
213
22000023
420000210
200000304
200000310
222
231
131000103
234
401000202
113000013
243
401000211
113000004
401000220
113000001
131000112
200000232
110000013
131000013
110000010
110000004
131000004
110000001
11000232
131000001
110000022
200000241
200000202
120000003
120000000
120000012
110000034
11000202
303
11000214
200000223
11000211
200000220
200000211
11000223
312
413000100
11000220
200000214
120000024
401000103
321
340000002
120000102
401000100
311000010
311000013
324
233000100
143000001
311000001
120000111
330
21000204
311000004
333
120000114
21000213
401000112
311000031
342
11000304
120000123
21000222
11000313
311000022
401000121
321000003
321000000
200000142
212000202
110000103
222000210
200000130
110000100
200000133
321000012
212000211
110000124
222000201
321000021
110000121
110000112
212000220
11000103
11000100
321000102
200000103
321000111
200000100
32000103
200000121
200000124
11000112
32000112
321000120
200000112
11000124
11000121
414
44000001
401000004
233000001
212000001
212000004
401000001
423
212000010
233000010
401000013
401000010
212000013
401000022
432
212000022
441
200000043
212000103
212000100
200000034
212000112
413000010
212000121
413000001
200000010
103000002
11000133
32000013
200000013
32000001
200000001
120000204
32000004
200000004
120000213
200000031
120000222
200000022
231000000
300000231
313000110
231000003
231000012
441000000
220000023
313000101
101000202
220000014
101000214
101000211
220000011
101000220
101000223
220000002
300000201
300000204
101000232
300000210
300000213
300000222
1000014
421000020
1000011
302000202
1000002
324000000
43000002
302000211
421000002
1000023
421000011
302000220
300000132
220000122
112000203
220000113
112000221
220000110
123000102
220000104
101000304
112000212
220000101
123000111
101000313
134000001
410000112
202000011
202000014
300000102
101000322
202000002
410000121
300000111
101000331
300000114
23000013
410000100
331000110
410000103
400000320
300000120
300000123
23000004
202000023
331000101
23000001
1000110
112000014
11000322
1000104
112000011
1000101
11000331
112000002
421000101
1000122
421000110
112000023
1000113
300000033
220000221
112000110
112000104
403000002
220000212
112000101
1000134
403000011
112000122
220000203
112000113
400000311
300000000
300000003
202000104
313000011
202000110
410000022
313000002
300000012
202000101
202000122
410000001
410000004
300000021
300000024
400000302
410000010
202000113
410000013
400000212
320000022
22000203
1000203
400000221
22000221
1000221
341000001
320000001
213000102
320000004
320000010
22000212
1000212
400000203
213000111
400000200
320000013
403000101
410000211
1000233
403000110
410000220
414000000
1000224
400000230
410000202
130000002
202000203
130000113
33000102
400000131
202000221
33000111
202000212
320000112
12000213
223000110
12000222
320000121
223000101
331000011
234000000
320000103
1000314
320000100
331000002
12000204
310000122
1000332
310000113
1000323
102000024
310000104
310000110
102000000
123000000
431000100
102000003
123000003
123000012
102000012
310000101
400000113
400000122
12000024
400000101
12000003
33000003
12000000
33000000
400000110
33000012
12000012
400000104
400000023
320000211
400000020
303000012
12000114
303000003
12000123
320000220
303000000
12000102
400000002
12000111
320000202
400000014
310000032
400000011
102000114
310000023
310000020
102000123
310000011
213000003
213000000
102000102
310000014
400000032
310000002
102000111
213000012
111000222
210000000
210000003
100000242
210000012
111000213
122000202
111000210
111000204
210000021
100000230
111000201
100000224
122000211
122000220
31000002
100000233
210000024
100000212
210000033
100000221
20000001
301000131
20000004
440000001
111000231
20000013
100000200
100000203
301000113
20000112
133000110
133000101
301000122
312000210
20000124
312000201
301000101
20000103
301000104
301000110
221000013
210000102
323000100
111000312
221000010
221000004
210000111
221000001
111000303
100000134
210000114
100000131
221000022
100000143
210000120
210000123
100000113
221000100
221000103
312000021
100000122
100000101
301000032
2000013
312000012
144000000
221000121
312000000
2000004
100000110
312000003
221000112
100000104
2000001
301000020
111000120
422000001
111000123
133000011
301000023
411000021
422000010
111000114
133000002
301000002
111000111
411000012
301000011
111000102
243000000
411000003
301000014
411000000
422000100
203000013
100000032
203000001
111000132
100000044
203000004
312000120
100000020
100000023
2000124
20000214
2000112
20000223
100000002
312000111
2000103
100000014
100000011
312000102
404000001
421000200
330000012
330000003
203000112
330000000
210000303
210000312
203000103
101000004
2000223
214000002
101000001
330000111
210000321
411000120
101000013
2000214
330000102
210000330
101000010
411000111
101000022
224000001
411000102
101000034
23000112
13000113
23000103
210000132
302000001
323000001
302000004
13000002
323000010
302000010
302000013
302000022
111000330
111000321
300000321
122000100
101000100
122000103
101000103
300000330
122000112
101000112
101000124
122000121
101000121
432000000
101000133
122000004
122000001
122000013
210000204
210000201
300000303
122000010
210000213
122000022
210000210
300000312
210000222
342000000
231000102
210000231
302000100
302000103
231000111
411000210
302000112
411000201
302000121
21000000
311000202
21000003
21000012
10000023
103000113
10000011
311000220
10000014
21000024
311000211
10000002
304000002
121000212
430000002
430000011
121000221
110000313
121000203
110000304
211000023
430000101
110000331
211000020
110000322
430000110
211000002
211000011
211000014
10000122
311000301
10000113
10000104
201000330
211000032
10000110
322000200
201000321
10000101
311000310
201000312
34000002
110000133
201000303
333000000
402000210
311000100
311000103
222000021
311000121
132000111
222000012
222000003
132000102
311000112
222000000
402000201
222000120
110000202
311000130
110000223
110000220
132000012
222000111
110000214
201000231
132000003
222000102
110000211
132000000
201000222
110000232
21000102
201000210
242000001
201000213
21000111
21000114
201000201
423000000
201000204
21000123
211000212
211000221
402000120
402000102
211000203
402000111
211000200
10000314
221000202
221000220
211000230
221000211
201000132
201000123
201000120
111000024
412000200
111000021
201000114
100000440
111000012
100000422
201000111
10000332
100000431
10000323
111000000
201000102
111000003
100000404
121000023
402000021
211000311
100000413
301000320
121000002
402000003
402000000
121000014
402000012
111000033
121000011
211000302
412000011
121000113
301000311
412000002
121000122
121000101
121000110
412000020
201000033
121000104
301000302
10000134
100000341
211000113
201000024
322000020
211000122
201000021
232000101
322000002
100000320
211000101
100000323
201000012
201000003
100000332
322000011
232000110
211000104
201000000
211000110
100000311
10000221
10000212
100000314
211000131
10000203
322000101
232000002
301000230
100000302
322000110
232000011
412000110
301000212
31000113
412000101
301000221
10000233
142000002
10000224
301000200
301000203
