111000221
2
42000002
420000011
100000241
210000002
111000212
210000014
420000002
11
122000201
14
210000011
210000020
210000023
113000111
20
31000013
111000200
111000203
23
122000210
31000001
113000102
420000020
241000001
100000232
31000004
32
303000110
100000214
210000032
310000220
100000211
310000211
100000220
20000024
100000223
303000101
321000200
44
310000202
20000000
20000003
301000130
230000000
230000003
314000000
440000000
230000012
111000230
20000012
100000202
301000112
102000212
20000114
11000033
301000121
133000100
102000221
20000123
200000420
312000200
230000102
301000100
301000103
20000102
230000111
20000111
102000203
221000012
210000101
11000003
101
124000001
420000110
11000000
104
210000110
111000311
11000012
210000104
221000000
420000101
110
221000003
100000133
431000000
200000411
113
11000021
111000302
210000113
100000130
310000130
221000021
200000402
122
100000142
210000122
11000024
223000010
221000111
131
100000112
134
2000024
100000124
221000102
223000001
100000121
312000020
143
100000100
100000103
2000012
312000011
221000120
312000002
2000003
2000000
200000330
301000022
111000122
422000000
133000010
22000103
200000321
411000020
22000100
111000113
133000001
301000031
301000001
111000110
301000004
411000011
111000104
22000121
111000101
301000010
411000002
301000013
22000112
420000200
22000013
200000303
22000010
200000300
200
332000000
22000004
203
310000310
22000001
200000312
212
203000012
100000034
310000301
203000000
22000022
203000003
221
111000131
100000043
224
131000111
100000022
20000213
2000123
230
131000102
233
100000031
2000114
401000201
20000222
113000012
100000004
2000111
242
100000001
401000210
312000110
100000013
2000102
113000000
312000101
20000204
100000010
113000003
11000231
110000012
131000012
200000231
110000003
131000003
110000000
131000000
404000000
110000024
110000021
200000240
330000011
200000201
120000002
141000002
200000204
330000002
120000014
210000302
11000204
120000011
11000201
302
110000033
120000023
11000213
210000311
200000222
11000210
203000111
311
11000222
200000210
314
200000213
203000102
401000102
2000222
320
214000001
120000101
340000001
323
210000320
311000012
101000000
330000110
101000003
143000000
11000303
311000000
401000111
101000012
120000110
311000003
2000213
21000203
332
330000101
120000104
101000021
411000110
2000204
21000212
341
120000113
311000030
224000000
411000101
311000021
101000024
21000221
120000122
401000120
11000312
321000002
110000111
13000103
101000033
200000141
110000102
321000011
212000201
200000132
212000210
23000111
222000200
110000123
321000020
110000120
13000112
23000102
110000114
302000000
323000000
11000102
13000004
302000003
200000111
321000101
32000111
210000131
13000001
11000111
13000013
302000012
321000110
200000102
32000102
200000123
200000120
404
11000114
302000021
200000114
11000123
111000320
413
44000000
11000120
300000320
212000003
212000000
233000000
122000102
101000102
401000003
401000000
422
401000012
101000111
122000111
212000012
431
401000021
101000114
212000021
440
122000120
101000120
101000123
101000132
200000042
212000102
122000000
122000003
122000012
200000033
210000200
212000111
300000302
210000203
210000212
122000021
300000311
210000221
212000120
413000000
231000101
210000230
103000001
11000132
32000012
302000102
200000012
103000004
200000003
32000000
231000110
200000000
32000003
120000203
103000013
302000111
200000024
120000212
200000030
411000200
302000120
120000221
200000021
311000201
21000002
103000103
231000002
300000230
101000204
220000022
21000011
313000100
101000201
21000014
10000022
231000011
101000213
220000013
10000010
103000112
10000013
220000010
101000210
21000023
220000004
10000001
101000222
311000210
10000004
220000001
304000001
430000001
110000303
101000231
121000211
300000200
300000203
121000220
430000010
300000212
110000312
30000113
10000034
300000221
121000202
1000013
110000330
211000022
430000100
1000010
302000201
114000002
1000004
30000002
211000031
240000002
1000001
110000321
43000001
211000001
302000210
421000001
211000004
211000010
1000022
421000010
211000013
10000121
300000131
10000124
220000121
311000300
112000202
10000112
101000303
220000112
1000034
112000220
123000101
220000100
123000110
220000103
201000320
134000000
10000100
101000312
10000103
112000211
202000010
300000101
101000321
202000013
34000001
410000120
300000104
110000132
202000001
201000311
202000004
300000110
101000330
300000113
23000012
201000302
410000102
300000122
202000022
23000003
23000000
331000100
410000111
112000013
311000111
112000010
11000321
112000004
1000103
1000100
112000001
11000330
311000102
222000020
222000011
132000110
311000120
421000100
1000124
1000121
222000002
112000022
132000101
402000200
1000112
220000220
300000032
110000204
403000001
110000201
112000100
1000133
112000103
403000010
220000211
110000222
222000110
132000011
112000121
220000202
110000213
132000002
112000112
110000210
201000230
222000101
400000310
313000010
300000002
410000021
21000101
201000221
21000104
313000001
110000231
300000011
242000000
202000103
21000110
202000100
300000014
201000212
3000002
410000000
201000203
21000113
410000003
202000121
201000200
300000020
300000023
400000301
202000112
21000122
410000012
211000211
400000211
22000202
1000202
320000021
400000220
211000220
1000223
320000003
320000000
402000101
341000000
22000220
1000220
213000101
402000110
211000202
1000214
213000110
22000211
1000211
3000113
400000202
320000012
403000100
10000313
410000210
221000201
1000232
10000304
204000002
130000013
201000131
410000201
130000004
221000210
130000001
202000202
201000122
111000020
201000113
111000023
130000112
100000421
33000101
111000014
201000104
10000331
201000110
400000130
111000011
202000220
130000103
33000110
202000211
10000322
100000430
201000101
111000002
121000022
402000020
12000212
211000310
100000403
100000412
12000221
320000120
24000002
223000100
331000010
121000004
402000002
320000102
1000313
121000001
331000001
121000013
121000010
12000203
320000111
402000011
111000032
211000301
1000304
310000121
102000023
412000010
1000331
121000112
301000310
310000112
1000322
412000001
121000121
121000103
121000100
102000002
123000002
102000014
201000032
310000103
10000133
301000301
310000100
123000011
102000011
12000023
100000340
211000112
400000112
211000121
201000023
400000121
201000020
400000103
201000011
322000001
232000100
400000100
211000103
201000014
12000002
33000002
211000100
100000322
201000002
12000014
322000010
33000011
12000011
100000331
320000210
400000022
100000310
303000011
10000220
100000304
12000113
10000223
400000031
10000211
100000313
303000002
12000122
10000214
211000130
12000101
10000202
400000004
232000001
322000100
400000001
100000301
12000110
400000013
320000201
400000010
232000010
12000104
301000211
102000113
310000031
31000112
412000100
301000220
310000022
102000122
310000010
213000002
10000232
102000101
310000013
142000001
213000011
301000202
102000110
310000001
102000104
310000004
31000103
