111000221
300000224
2
300000233
111000212
11
110000003
14
110000000
311000222
122000222
101000222
410000222
221000222
111000233
200000222
300000212
11000222
300000221
111000224
110000333
323
411000122
101000000
101000003
311000000
401000111
311000003
233000111
332
411000113
411000110
111000014
401000114
111000011
411000104
344
411000101
434000000
111000002
110000111
11000003
101
222000221
11000000
104
221000000
110
221000003
323000111
222000212
113
333000110
122
110000114
333000101
212000222
323000000
344000000
410000114
323000003
221000111
200000111
300000101
11000111
101000333
300000104
300000110
300000113
111000332
333000011
11000114
200000114
300000122
333000002
221000114
111000323
410000111
233000003
212000003
300000323
212000000
233000000
422000003
401000003
401000000
311000111
200000333
332000111
422000000
443000000
111000122
122000111
101000111
11000333
111000113
300000332
222000011
411000014
434
111000110
411000011
222000014
111000104
122000114
101000114
111000101
222000002
311000114
443
411000002
222000122
122000000
122000003
422000111
332000000
332000003
222000113
212000111
212000114
110000222
222000104
212
222000110
221
222000101
224
411000221
300000002
200000003
233
300000011
200000000
411000212
300000014
410000000
410000003
401000222
