3
111000222
210000000
210000003
420000000
111000213
420000003
12
111000204
310000233
122000214
100000224
24
310000224
122000223
100000233
100000212
310000221
100000221
310000212
111000234
321000222
301000113
200000424
312000222
301000122
200000442
301000101
301000104
200000433
133000113
301000110
221000013
11000004
11000001
102
420000111
323000103
221000004
334000002
11000013
210000111
221000001
111
323000112
114
210000114
420000114
123
100000113
223000002
221000103
100000122
211000323
100000101
221000124
312000000
312000003
100000110
221000112
100000104
211000332
200000331
422000004
200000334
422000001
111000123
411000024
200000322
422000013
422000010
332000103
111000114
133000002
422000022
301000002
111000111
411000012
310000332
310000323
332000112
301000011
111000102
411000003
200000343
301000014
22000113
411000000
422000103
422000100
332000013
332000001
204
332000004
22000002
200000313
213
420000222
422000112
442000002
422000121
222
312000114
234
401000214
100000002
312000111
401000223
100000014
100000011
421000212
200000232
110000013
421000221
110000004
110000001
423000111
200000244
200000202
11000214
200000223
200000220
200000211
11000223
200000214
401000103
101000004
311000010
311000013
411000123
101000001
233000103
324
311000001
101000013
210000333
411000114
311000004
333
411000111
233000112
401000112
411000102
401000124
311000022
434000001
321000003
321000000
222000222
110000103
200000133
222000213
110000124
212000214
444000000
222000204
212000223
110000112
11000103
323000001
323000004
200000103
321000111
323000013
200000100
321000114
111000333
200000121
200000124
11000112
111000324
200000112
11000124
401000004
233000001
122000103
101000103
212000001
300000324
212000004
401000001
233000004
401000013
300000333
233000013
212000013
122000112
101000112
122000124
101000124
432000003
444
432000000
122000004
122000001
212000103
122000013
432000111
212000112
210000222
212000124
411000222
200000010
200000013
200000001
411000213
200000004
411000204
200000022
311000202
300000234
101000214
311000220
311000223
121000224
313000113
311000211
10000002
101000223
220000002
311000214
311000232
300000204
300000213
300000222
110000334
112000224
1000002
211000002
421000002
211000011
421000014
421000011
211000014
322000212
10000113
322000221
220000113
311000313
333000111
201000333
333000102
410000112
344000001
300000102
202000002
331000113
101000334
410000124
300000111
300000114
400000323
333000012
410000103
333000000
333000003
300000123
400000332
222000024
421000113
443000001
402000222
11000334
421000122
311000100
311000103
112000002
311000121
421000101
311000124
222000012
222000003
311000112
421000110
222000000
1000113
421000104
222000123
222000114
311000133
110000223
222000111
110000214
112000113
222000102
300000000
300000003
201000222
313000002
300000012
410000001
410000004
423000003
423000000
300000024
202000113
220000224
410000013
400000212
402000114
211000212
400000221
211000221
402000111
410000214
410000223
22000224
1000224
211000224
221000223
400000224
211000233
221000214
400000233
111000024
100000434
424000002
201000114
100000443
111000012
412000221
201000111
412000212
111000000
111000003
433000110
433000101
202000224
422000202
301000323
422000211
121000002
402000003
402000000
331000002
422000220
223000113
301000332
412000014
310000122
311000331
433000011
412000011
121000113
244000002
310000113
311000322
412000002
433000002
310000104
310000110
310000101
211000113
232000113
400000113
211000122
400000122
100000344
400000101
322000002
343000002
211000101
100000323
201000003
400000110
100000332
322000011
211000104
201000000
211000110
400000104
322000014
322000113
322000122
301000224
322000101
400000002
232000002
400000014
322000104
301000233
400000011
322000110
412000110
301000212
412000104
412000101
301000221
310000011
310000014
412000122
310000002
10000224
412000113
