1
420000010
4
420000013
420000001
10
420000004
13
113000113
22
310000231
420000022
34
310000222
321000202
310000210
303000103
310000213
321000211
310000201
314000002
310000204
230000002
321000220
303000112
102000214
200000431
230000113
102000223
200000422
200000440
100
11000002
103
11000014
420000100
11000011
420000103
112
11000023
420000121
431000002
200000413
420000112
121
431000011
124
310000132
200000404
133
223000012
223000003
223000000
211000321
211000330
22000111
200000332
332000110
200000323
22000102
200000320
332000101
310000330
22000123
310000321
22000114
200000341
332000011
420000202
310000312
22000012
200000302
202
332000002
22000003
22000000
200000314
211
420000220
310000303
214
22000024
442000000
420000211
220
200000311
223
232
401000203
401000212
244
401000221
113000002
131000113
110000014
200000233
110000011
11000224
200000224
110000002
131000002
200000230
11000233
423000100
200000242
110000023
200000203
200000200
120000004
120000001
120000013
11000203
304
413000110
11000212
200000221
413000101
313
11000221
200000212
120000103
311000011
322
401000101
143000002
233000101
311000014
401000110
311000002
331
233000110
401000104
334
21000214
401000113
343
120000112
120000124
401000122
311000020
11000314
311000023
21000223
110000110
321000001
200000143
321000004
110000104
222000220
321000010
222000211
200000131
311000032
212000203
110000101
200000134
321000013
222000202
321000022
110000122
212000212
110000113
212000221
11000101
200000104
200000110
321000103
321000100
11000110
200000101
11000104
200000122
321000112
11000113
32000113
200000113
321000121
11000122
44000002
212000002
233000002
401000002
401000014
233000011
424
212000011
212000014
401000011
433
401000023
212000023
442
212000101
200000044
212000104
200000032
212000110
212000113
413000011
212000122
413000002
200000011
11000134
200000014
200000002
32000002
120000214
120000223
200000023
200000020
231000004
220000024
231000001
313000111
441000001
300000232
231000013
313000102
101000203
220000012
101000212
101000221
220000000
220000003
101000224
300000202
101000233
300000211
300000214
300000220
300000223
421000021
1000012
1000003
324000001
1000000
421000003
302000212
421000000
1000024
421000012
302000221
112000204
300000133
123000112
220000123
220000114
112000222
220000111
123000103
112000213
220000102
134000002
101000314
410000113
300000100
300000103
101000323
202000012
202000003
101000332
410000122
202000000
300000112
202000024
410000101
331000111
400000321
410000104
300000121
23000002
331000102
300000124
400000330
410000110
1000111
112000012
11000323
1000102
11000332
112000000
112000003
421000120
421000102
112000024
1000123
421000111
1000114
220000222
112000111
300000034
403000000
403000003
220000213
112000102
220000204
112000123
112000114
300000001
313000012
300000004
202000111
410000023
313000000
300000010
313000003
300000013
202000102
400000312
202000123
410000002
300000022
400000303
202000114
410000011
410000014
400000213
213000112
22000204
1000204
400000210
400000222
320000002
22000222
1000222
341000002
213000103
320000011
22000213
1000213
400000204
320000014
400000201
410000212
1000234
403000111
414000001
410000221
400000231
410000203
424000000
202000204
33000112
33000103
400000132
202000222
202000213
12000214
320000113
223000111
320000122
12000223
223000102
234000001
331000012
320000101
331000003
320000104
331000000
320000110
310000123
310000120
1000333
310000114
244000000
1000324
102000004
123000004
310000111
431000101
102000001
123000001
123000013
102000013
310000102
431000110
400000114
400000123
400000120
400000102
12000004
33000004
12000001
33000001
400000111
33000013
12000013
400000021
303000013
320000212
12000112
303000004
12000124
303000001
400000024
320000221
12000103
400000003
400000000
400000012
310000033
310000024
102000112
102000124
310000021
213000001
102000103
400000033
310000012
213000004
310000003
310000000
213000013
210000004
111000220
111000223
210000001
100000243
210000013
111000214
210000010
111000211
122000203
122000212
210000022
100000231
111000202
122000221
100000234
100000213
100000210
100000222
20000002
301000132
111000232
100000204
440000002
100000201
20000113
301000114
133000111
312000220
301000120
301000123
312000211
133000102
312000202
301000102
301000111
210000100
221000014
210000103
111000313
323000101
100000144
221000011
334000000
111000304
221000002
323000110
100000132
210000112
210000124
221000023
210000121
221000110
221000104
100000114
221000101
100000120
100000123
312000022
301000033
312000010
100000102
144000001
312000013
221000122
312000001
100000111
312000004
2000002
221000113
111000124
133000012
111000121
422000002
301000021
301000024
411000022
422000011
111000112
133000000
133000003
301000000
411000013
301000003
422000020
411000010
111000100
111000103
243000001
411000004
301000012
411000001
422000101
422000110
20000224
100000033
111000133
203000002
100000021
312000121
312000112
100000024
2000113
100000000
100000003
100000012
312000100
312000103
421000210
404000002
421000201
330000013
203000113
330000001
330000004
210000313
411000121
210000322
101000002
101000014
330000103
101000011
411000112
210000331
101000023
411000103
411000100
224000002
330000112
23000113
2000224
210000133
302000002
323000002
323000011
302000011
302000014
111000331
111000322
122000101
101000101
300000322
300000331
122000110
101000110
122000104
101000104
122000113
101000113
432000010
432000001
122000122
101000122
101000134
122000002
122000014
122000011
210000202
300000304
210000214
122000023
210000211
300000313
210000220
210000223
432000100
411000220
342000001
231000103
302000101
302000104
411000211
210000232
302000110
302000113
231000112
411000202
302000122
10000024
311000200
21000001
311000203
21000004
21000013
311000221
10000012
10000000
10000003
311000212
430000000
430000003
121000213
121000222
311000230
110000314
121000204
110000332
211000021
211000024
110000323
430000111
211000003
211000000
211000012
322000210
10000123
311000302
10000114
201000331
211000033
10000111
322000201
201000322
333000100
311000311
10000102
201000313
110000134
333000010
333000001
311000104
402000211
311000110
402000220
311000101
222000022
132000112
222000010
311000122
222000013
311000113
132000103
222000001
402000202
222000004
222000121
110000203
311000131
222000112
110000221
201000232
132000013
110000212
132000004
222000103
222000100
132000001
201000223
201000220
110000233
21000103
201000211
201000214
110000224
242000002
21000112
201000202
423000001
423000010
21000124
211000210
402000112
211000213
211000222
402000121
402000103
402000100
211000201
211000204
221000203
221000221
211000231
221000212
201000133
201000121
100000432
201000124
412000201
201000112
111000022
100000441
111000013
100000423
10000333
111000010
111000004
111000001
201000103
412000210
10000324
201000100
402000022
211000312
100000414
121000024
422000200
301000321
402000004
121000003
121000000
402000001
301000330
121000012
402000013
402000010
211000303
111000034
412000012
121000114
301000312
311000320
412000003
121000123
412000000
433000000
121000102
121000111
412000021
301000303
211000114
100000342
322000021
211000123
211000120
201000022
322000000
100000324
343000000
201000010
322000003
232000102
100000321
211000102
201000013
100000333
201000001
232000111
211000111
322000012
201000004
100000330
10000222
322000120
100000312
10000213
232000000
10000204
232000003
322000102
211000132
301000231
232000012
100000303
322000111
412000111
301000210
301000213
412000102
301000222
10000234
412000120
301000201
301000204
