42000000
3
210000000
210000003
210000012
420000000
12
111000210
210000021
31000011
100000230
111000201
21
24
113000100
210000030
31000002
30
100000212
33
20000022
100000221
42
20000001
310000200
104000001
230000001
20000004
20000010
20000013
100000200
100000203
230000010
20000112
102000210
20000121
230000100
301000101
20000100
20000103
102000201
301000110
40000002
210000102
11000004
11000001
102
221000010
11000013
210000111
11000010
221000001
111
11000022
111000300
114
100000131
120
11000031
100000140
123
200000400
210000120
100000113
132
221000100
2000022
141
100000122
100000101
2000013
2000010
312000000
2000004
100000110
100000104
2000001
22000110
301000020
111000120
22000101
301000002
111000111
111000102
301000011
411000000
22000011
200000301
201
204
22000002
210
203000010
213
100000032
203000001
22000020
100000041
200000310
222
100000020
100000023
20000211
231
2000121
131000100
20000220
2000112
240
113000010
100000002
2000103
2000100
100000014
20000202
113000001
100000011
110000013
110000010
131000010
110000004
110000001
131000001
110000031
110000022
200000202
120000003
120000000
141000000
210000300
330000000
120000012
300
11000202
303
120000021
11000211
200000220
200000211
312
11000220
203000100
4000002
101000004
321
120000102
401000100
2000220
311000010
101000001
311000001
101000013
120000111
21000201
330
11000301
2000211
101000010
11000310
21000210
101000022
2000202
101000031
120000120
321000000
13000101
13000110
110000103
200000130
110000100
110000121
23000100
110000112
11000103
302000001
11000100
13000002
302000010
200000103
32000100
13000011
200000100
200000121
402
11000112
200000112
411
11000121
101000100
122000100
101000103
212000001
420
401000001
212000010
401000010
101000112
101000121
200000040
122000001
212000100
101000130
210000201
300000300
122000010
210000210
200000010
103000002
32000010
302000100
11000130
200000013
103000011
32000001
200000001
120000201
200000004
200000031
120000210
200000022
21000000
21000003
231000000
103000101
220000020
21000012
10000020
103000110
101000202
10000023
10000011
21000021
10000014
101000211
220000011
101000220
10000002
220000002
110000301
30000111
300000201
30000102
41000001
300000210
10000032
110000310
121000200
1000014
1000011
30000012
211000020
30000000
30000003
114000000
1000002
240000000
211000002
211000011
1000023
1000020
10000122
112000200
101000301
10000113
1000032
10000104
220000110
101000310
10000110
220000101
10000101
202000011
300000102
202000002
110000130
300000111
410000100
23000010
201000300
300000120
202000020
23000001
1000110
1000104
112000011
1000101
311000100
112000002
1000122
112000020
222000000
1000113
112000110
110000202
112000101
1000131
110000220
220000200
110000211
132000000
300000000
3000012
300000003
202000110
21000102
201000210
300000012
3000000
3000003
21000111
202000101
410000001
201000201
300000021
21000120
410000010
300000030
3000111
1000203
22000200
1000200
3000102
1000221
320000001
320000010
1000212
211000200
400000200
204000000
1000230
10000311
130000011
10000302
130000002
202000200
201000120
111000030
111000021
111000012
130000110
201000111
14000001
10000320
140000001
130000101
111000000
201000102
111000003
1000302
121000020
100000401
12000210
24000000
100000410
121000002
402000000
320000100
1000311
121000011
12000201
102000021
1000320
121000101
310000110
102000000
123000000
102000003
102000012
121000110
10000131
310000101
12000021
201000030
201000021
400000101
12000003
100000320
211000101
201000012
12000000
33000000
201000003
400000110
201000000
12000012
211000110
100000311
400000020
10000221
10000212
303000000
12000120
10000200
12000102
10000203
400000002
12000111
100000302
400000011
102000120
310000020
310000011
213000000
102000102
31000110
310000002
301000200
102000111
31000101
10000230
