111000221
2
420000011
210000002
111000212
420000002
210000014
11
122000201
14
210000011
113000111
20
111000200
111000203
23
122000210
100000232
32
303000110
100000214
310000220
100000211
310000211
100000220
100000223
303000101
44
310000202
20000000
20000003
230000000
230000003
314000000
440000000
111000230
100000202
301000112
102000212
20000114
11000033
301000121
133000100
102000221
301000100
301000103
230000111
20000111
221000012
210000101
11000003
101
420000110
11000000
104
210000110
111000311
11000012
210000104
221000000
420000101
110
221000003
431000000
100000133
113
11000021
111000302
210000113
221000021
122
210000122
11000024
223000010
221000111
131
100000112
134
100000124
221000102
223000001
100000121
143
100000100
100000103
312000011
221000120
312000002
2000003
2000000
200000330
301000022
422000000
111000122
133000010
22000103
200000321
411000020
22000100
111000113
133000001
301000001
111000110
301000004
411000011
111000104
22000121
111000101
301000010
411000002
301000013
22000112
22000013
200000303
22000010
200
332000000
22000004
203
22000001
200000312
212
203000000
22000022
203000003
221
111000131
224
131000111
100000022
230
233
2000114
401000201
20000222
100000004
2000111
242
100000001
401000210
312000110
100000013
113000000
312000101
100000010
113000003
11000231
110000012
200000231
110000003
131000003
110000000
131000000
404000000
110000024
110000021
330000011
200000201
120000002
200000204
330000002
120000014
11000204
120000011
11000201
302
110000033
11000213
200000222
11000210
203000111
311
11000222
200000210
314
200000213
401000102
2000222
320
120000101
323
311000012
101000000
330000110
101000003
143000000
11000303
311000000
401000111
101000012
120000110
311000003
332
330000101
120000104
101000021
411000110
21000212
341
120000113
224000000
411000101
311000021
101000024
21000221
120000122
401000120
11000312
321000002
110000111
101000033
110000102
321000011
212000201
200000132
212000210
23000111
222000200
110000123
110000120
110000114
302000000
323000000
11000102
302000003
200000111
321000101
32000111
11000111
321000110
200000102
200000123
200000120
404
11000114
200000114
11000123
111000320
413
44000000
11000120
212000003
300000320
212000000
233000000
122000102
101000102
401000003
401000000
422
401000012
122000111
101000111
212000012
431
401000021
101000114
212000021
440
122000120
101000120
101000123
101000132
212000102
122000000
122000003
122000012
200000033
212000111
300000302
210000212
122000021
300000311
210000221
212000120
413000000
231000101
11000132
200000012
200000003
32000000
231000110
200000000
32000003
302000111
200000024
120000212
411000200
120000221
200000021
311000201
21000002
231000002
300000230
101000204
220000022
21000011
313000100
101000201
21000014
10000022
231000011
101000213
220000013
10000010
10000013
220000010
101000210
220000004
10000001
101000222
311000210
10000004
220000001
110000303
101000231
121000211
300000200
300000203
121000220
300000212
110000312
300000221
121000202
1000013
110000330
211000022
1000010
1000004
1000001
110000321
211000001
421000001
211000004
211000010
1000022
421000010
211000013
10000121
300000131
10000124
220000121
112000202
10000112
101000303
220000112
112000220
123000101
220000100
123000110
220000103
134000000
10000100
101000312
10000103
112000211
202000010
300000101
101000321
202000013
410000120
300000104
110000132
202000001
202000004
300000110
101000330
300000113
410000102
300000122
202000022
23000003
23000000
331000100
410000111
112000013
311000111
112000010
11000321
112000004
1000103
1000100
112000001
11000330
311000102
222000020
222000011
132000110
311000120
421000100
1000124
1000121
222000002
112000022
132000101
1000112
220000220
300000032
110000204
110000201
112000100
1000133
112000103
220000211
110000222
222000110
132000011
112000121
220000202
110000213
132000002
112000112
110000210
222000101
313000010
300000002
410000021
21000101
201000221
21000104
313000001
110000231
300000011
242000000
202000103
21000110
202000100
300000014
201000212
410000000
21000113
410000003
202000121
300000020
300000023
202000112
21000122
410000012
211000211
400000211
22000202
1000202
400000220
211000220
1000223
320000003
320000000
402000101
341000000
22000220
1000220
213000101
402000110
211000202
1000214
213000110
22000211
1000211
400000202
10000313
410000210
221000201
1000232
410000201
221000210
202000202
201000122
111000020
201000113
111000023
33000101
111000014
201000104
10000331
201000110
111000011
202000220
33000110
202000211
10000322
201000101
111000002
121000022
12000212
12000221
223000100
331000010
121000004
402000002
1000313
121000001
331000001
121000013
121000010
320000111
402000011
111000032
310000121
412000010
1000331
121000112
310000112
1000322
412000001
121000121
121000103
121000100
102000002
123000002
102000014
310000103
10000133
310000100
123000011
102000011
211000112
400000112
211000121
400000121
400000103
322000001
201000011
232000100
400000100
211000103
201000014
12000002
33000002
211000100
100000322
201000002
12000014
322000010
33000011
12000011
100000331
400000022
303000011
10000220
12000113
10000223
10000211
100000313
303000002
12000122
10000214
12000101
10000202
400000004
322000100
232000001
400000001
12000110
400000013
400000010
232000010
12000104
301000211
102000113
412000100
301000220
310000022
102000122
310000010
213000002
10000232
102000101
310000013
213000011
301000202
102000110
310000001
102000104
310000004
