111000221
100000244
2
420000011
210000002
420000014
111000212
122000204
420000002
210000014
11
14
210000011
122000213
310000232
111000203
23
122000222
100000232
100000214
310000223
310000220
100000211
310000211
100000220
100000223
310000214
310000202
111000233
301000133
321000212
111000224
303000113
321000221
100000202
301000112
312000221
301000121
133000103
301000124
312000212
200000423
200000441
301000100
301000103
200000432
133000112
420000104
221000012
210000101
11000003
101
420000110
323000102
11000000
111000314
104
334000001
210000110
11000012
210000104
221000000
420000101
110
221000003
323000111
431000000
100000133
113
420000122
431000003
102000224
221000024
210000113
200000414
420000113
122
210000122
310000133
11000024
221000111
100000112
134
223000013
100000124
221000102
223000001
100000121
223000004
211000322
100000100
100000103
312000011
312000014
144000002
221000123
211000331
312000002
221000114
133000013
200000330
422000003
200000333
332000111
301000022
422000000
111000122
411000023
22000103
133000004
200000321
422000012
111000113
133000001
200000324
332000102
411000014
301000001
310000331
422000021
111000110
22000124
411000011
301000004
111000104
111000101
310000322
243000002
301000010
411000002
301000013
200000342
22000112
422000102
22000013
310000313
200000303
332000012
422000111
332000000
332000003
22000004
203
22000001
200000312
212
420000221
442000001
111000134
420000212
221
422000120
224
312000122
100000022
312000113
233
401000204
312000104
100000004
401000213
100000001
312000110
401000222
100000013
312000101
100000010
200000234
110000012
421000211
421000220
200000231
110000003
11000234
110000000
423000101
110000024
423000110
200000243
421000202
200000201
120000002
200000204
330000002
11000204
413000111
11000213
200000222
11000222
200000210
314
200000213
401000102
323
411000122
311000012
101000000
233000102
101000003
210000323
210000332
311000000
401000111
101000012
311000003
233000111
332
411000113
411000110
311000024
401000114
120000113
411000104
344
411000101
330000113
311000021
401000123
101000024
434000000
321000002
21000224
110000111
222000221
311000033
110000102
321000011
321000014
212000204
222000212
200000132
222000203
110000123
212000213
200000144
110000114
212000222
302000000
323000000
11000102
302000003
323000003
200000111
321000101
11000111
321000104
321000110
323000012
200000102
200000123
111000332
321000113
200000120
11000114
321000122
200000114
11000123
111000323
233000003
212000003
300000323
212000000
233000000
122000102
101000102
401000003
401000000
122000111
101000111
401000012
300000332
212000012
233000012
434
432000011
122000114
101000114
212000024
443
432000002
401000024
122000123
101000123
212000102
122000000
122000003
120000224
122000012
200000033
212000111
212000114
210000212
432000110
210000221
212000123
432000101
300000314
413000000
122000024
413000003
342000002
411000221
210000224
200000012
200000003
200000000
411000212
210000233
302000111
302000114
200000024
411000203
231000113
200000021
311000201
300000224
21000002
311000204
231000002
300000233
101000204
441000002
313000103
101000213
220000013
10000013
311000222
220000004
313000112
10000001
101000222
311000210
311000213
10000004
220000001
121000214
121000223
300000203
311000231
101000234
300000212
300000221
421000022
1000013
110000333
211000022
110000324
1000004
324000002
1000001
211000001
421000004
421000001
211000004
211000010
421000013
421000010
211000013
302000222
220000124
322000211
10000124
123000113
311000303
300000134
10000112
220000112
322000220
311000312
112000223
333000110
201000332
201000323
112000214
322000202
220000103
333000101
10000103
344000000
101000324
410000114
300000101
202000013
101000333
300000104
331000112
410000123
202000001
202000004
300000110
300000113
333000011
400000322
410000102
300000122
333000002
400000331
331000103
410000111
112000013
402000212
11000324
311000111
421000112
443000000
112000004
1000103
11000333
402000221
222000023
112000001
421000121
311000102
132000113
421000103
222000011
311000120
311000123
421000100
1000124
222000014
222000002
311000114
1000112
222000122
110000204
220000223
222000113
220000214
112000103
311000132
110000222
112000124
201000233
222000104
222000110
201000224
110000213
132000002
112000112
222000101
300000002
110000234
313000013
201000221
410000024
313000001
300000011
313000004
202000103
400000313
300000014
201000212
410000000
21000113
410000003
423000002
300000023
202000124
202000112
410000012
423000011
211000211
400000214
213000113
400000211
211000214
402000113
400000223
400000220
211000223
402000122
211000220
22000223
1000223
320000003
320000000
402000101
402000110
211000202
22000214
1000214
400000202
402000104
221000204
410000213
410000222
414000002
221000222
221000213
211000232
410000204
400000232
201000122
412000202
100000433
424000001
33000113
201000113
111000023
100000442
400000133
412000220
111000014
201000104
201000110
202000223
111000011
10000334
12000224
202000214
412000211
100000424
201000101
111000002
320000114
211000313
433000100
223000103
422000201
234000002
301000322
121000004
402000002
422000210
121000001
331000013
402000014
223000112
301000331
331000001
121000013
320000111
402000011
331000004
1000334
412000013
310000121
311000330
412000010
433000010
310000124
121000112
311000321
301000313
412000004
310000112
244000001
121000124
433000001
412000001
121000103
102000002
123000002
412000022
310000103
310000100
431000111
100000343
211000112
232000112
400000112
322000022
211000121
400000124
400000121
211000124
400000103
322000001
201000011
343000001
400000100
232000103
211000103
322000004
201000014
12000002
33000002
211000100
100000322
201000002
100000334
322000010
322000013
100000331
400000022
322000112
12000113
10000223
322000121
320000222
100000313
303000002
10000214
232000004
400000004
322000100
232000001
400000001
322000103
211000133
301000232
232000013
400000013
400000010
301000211
102000113
301000214
412000103
412000100
301000220
310000022
301000223
310000010
213000002
310000013
412000121
301000202
310000001
310000004
412000112
